date,hour,type,北京,天津,石家庄,唐山,秦皇岛,邯郸,保定,张家口,承德,廊坊,沧州,衡水,邢台,太原,呼和浩特,沈阳,大连,长春,哈尔滨,上海,南京,苏州,南通,连云港,徐州,扬州,无锡,常州,镇江,泰州,淮安,盐城,宿迁,杭州,宁波,温州,绍兴,湖州,嘉兴,台州,舟山,金华,衢州,丽水,合肥,福州,厦门,南昌,济南,青岛,郑州,武汉,长沙,广州,深圳,珠海,佛山,中山,江门,东莞,惠州,肇庆,南宁,海口,重庆,成都,贵阳,昆明,拉萨,西安,兰州,西宁,银川,乌鲁木齐,湘潭,株洲,包头,鄂尔多斯,营口,丹东,盘锦,葫芦岛,泉州,临沂,德州,聊城,滨州,淄博,枣庄,烟台,潍坊,济宁,泰安,日照,威海,东营,韶关,汕头,湛江,茂名,梅州,汕尾,河源,阳江,清远,潮州,揭阳,云浮,玉溪,菏泽,大同,长治,临汾,阳泉,赤峰,鞍山,抚顺,本溪,锦州,吉林,齐齐哈尔,牡丹江,大庆,芜湖,马鞍山,九江,洛阳,安阳,开封,焦作,平顶山,三门峡,宜昌,荆州,岳阳,常德,张家界,桂林,北海,柳州,三亚,绵阳,宜宾,攀枝花,泸州,自贡,德阳,南充,遵义,曲靖,咸阳,铜川,延安,宝鸡,渭南,金昌,嘉峪关,石嘴山,克拉玛依,库尔勒,寿光,章丘,即墨,胶南,胶州,莱西,平度,蓬莱,招远,莱州,荣成,文登,乳山,吴江,昆山,常熟,张家港,太仓,句容,江阴,宜兴,金坛,溧阳,海门,临安,富阳,义乌,诸暨,瓦房店,信阳,周口,漳州,晋城,朔州,晋中,运城,忻州,吕梁,乌海,通辽,呼伦贝尔,巴彦淖尔,乌兰察布,兴安盟,锡林郭勒盟,阿拉善盟,阜新,辽阳,铁岭,朝阳,四平,辽源,通化,白山,松原,白城,延边州,鸡西,鹤岗,双鸭山,伊春,佳木斯,七台河,黑河,绥化,大兴安岭地区,蚌埠,淮南,淮北,铜陵,安庆,黄山,滁州,阜阳,宿州,六安,亳州,池州,宣城,莆田,三明,南平,龙岩,宁德,景德镇,萍乡,新余,鹰潭,赣州,吉安,宜春,抚州,上饶,鹤壁,新乡,濮阳,许昌,漯河,南阳,商丘,驻马店,黄石,十堰,襄阳,鄂州,荆门,孝感,黄冈,咸宁,随州,恩施州,衡阳,邵阳,益阳,郴州,永州,怀化,娄底,湘西州,梧州,防城港,钦州,贵港,玉林,百色,贺州,河池,来宾,崇左,广元,遂宁,内江,乐山,眉山,广安,达州,雅安,巴中,资阳,阿坝州,甘孜州,凉山州,六盘水,安顺,铜仁地区,毕节,黔西南州,黔东南州,黔南州,保山,昭通,丽江,普洱,临沧,楚雄州,红河州,文山州,西双版纳州,大理州,德宏州,怒江州,迪庆州,昌都,山南,日喀则,那曲地区,阿里地区,林芝,汉中,榆林,安康,商洛,白银,天水,武威,张掖,平凉,酒泉,庆阳,定西,陇南,临夏州,甘南州,海东地区,海北州,黄南州,海南州,果洛州,玉树州,海西州,吴忠,中卫,固原,吐鲁番地区,哈密地区,昌吉州,博州,阿克苏地区,克州,喀什地区,和田地区,伊犁哈萨克州,塔城地区,阿勒泰地区,石河子,五家渠,三沙
20150811,0,AQI,116,208,160,116,64,171,174,67,51,129,159,143,174,60,86,60,84,61,44,32,15,44,39,19,37,37,43,46,44,32,15,21,21,39,28,37,31,34,44,28,28,68,19,30,16,41,25,38,77,31,67,20,30,58,28,53,51,27,26,43,58,37,87,39,84,73,66,78,53,69,72,57,71,57,29,34,78,62,40,60,38,46,29,39,189,106,60,60,49,53,55,44,46,20,64,57,25,26,40,51,46,21,47,19,52,31,31,36,29,69,52,100,52,71,65,46,50,55,46,59,62,37,47,23,17,16,80,105,74,69,63,89,60,39,36,56,48,30,39,65,17,56,59,35,73,74,66,94,73,58,76,63,76,96,53,64,46,53,44,51,67,59,31,19,16,50,25,59,36,40,63,49,43,43,40,35,55,45,13,46,40,44,36,35,45,32,54,,52,28,54,,101,93,42,80,55,56,73,98,191,68,69,51,62,64,45,58,40,57,55,,52,38,34,70,24,48,56,27,60,11,27,35,18,39,28,30,40,43,22,16,17,35,36,25,46,16,21,29,44,31,35,39,37,54,29,16,47,23,39,40,36,76,106,104,80,62,61,58,48,36,51,55,16,41,27,24,31,47,53,21,27,32,23,76,52,30,50,53,61,62,93,63,50,60,60,67,79,45,59,66,50,61,69,84,35,60,62,46,59,39,84,71,26,32,62,47,62,39,98,31,20,24,40,59,60,37,24,58,26,22,51,51,31,74,35,16,56,63,39,45,55,54,54,47,70,58,28,65,,37,55,64,54,104,59,236,21,59,60,29,52,76,77,70,63,47,37,94,500,65,47,46,70,41,
20150811,0,PM2.5,88,158,122,88,12,130,132,32,23,98,121,109,132,24,28,27,62,26,23,22,10,29,27,12,14,26,28,32,31,22,9,7,10,24,17,20,22,23,31,16,13,49,13,18,10,29,15,16,53,13,46,14,21,41,16,20,36,19,17,30,41,26,48,16,62,43,46,51,22,50,35,26,52,18,18,19,53,41,12,43,17,28,16,27,142,80,41,24,19,27,25,23,26,8,24,36,13,18,28,34,26,14,33,13,31,22,22,24,20,46,24,75,25,35,24,25,21,35,31,27,16,25,21,9,12,11,59,79,54,35,39,66,35,20,17,40,14,21,21,39,12,33,41,23,53,47,48,70,50,41,56,33,56,72,26,46,17,37,18,31,38,24,12,13,8,29,15,35,18,20,45,34,15,26,26,21,25,24,2,28,23,25,25,24,18,19,32,,34,18,35,,61,69,17,59,37,29,53,37,88,49,38,34,11,35,16,35,16,19,21,,21,12,18,51,15,26,37,14,43,4,4,20,8,3,13,6,15,13,12,6,8,17,25,17,16,3,11,20,19,18,22,26,24,18,15,11,27,14,27,28,25,53,80,78,40,42,38,40,14,16,16,22,9,17,18,7,16,33,31,15,19,17,16,56,28,16,24,35,44,40,69,45,30,42,34,40,35,17,42,48,35,44,50,62,11,40,21,32,36,26,62,47,13,22,27,33,41,19,73,15,10,10,28,35,43,13,8,13,18,14,21,6,11,36,12,9,39,45,16,24,18,38,14,29,51,41,15,32,,22,19,46,24,45,42,79,11,27,41,16,32,45,37,27,25,30,26,70,173,30,9,14,51,17,
20150811,0,PM2.5_24h,42,116,111,108,22,86,138,20,13,102,76,115,102,34,18,22,44,25,16,15,7,17,14,14,16,13,17,17,18,12,11,9,14,20,16,19,17,19,19,19,12,24,17,16,8,15,18,10,52,12,36,11,16,37,19,17,36,20,16,25,31,31,48,24,51,28,36,39,35,55,30,33,56,34,15,13,45,41,25,30,25,49,17,18,126,67,41,34,19,30,23,24,24,12,29,46,18,21,25,36,25,20,37,22,27,36,31,32,26,34,24,62,28,48,11,67,22,38,30,18,8,21,19,12,17,12,40,59,27,24,40,46,16,25,14,35,17,29,28,35,9,32,27,23,41,35,35,48,37,39,40,43,59,66,39,20,20,45,26,17,23,22,17,16,10,19,22,28,26,17,23,25,11,13,17,14,10,19,3,14,13,14,12,11,14,18,19,,88,19,30,,46,39,30,49,32,50,61,19,33,47,28,27,11,50,12,50,16,14,17,,16,25,11,38,20,21,34,18,41,7,19,17,10,11,13,6,17,15,16,7,13,16,31,13,21,6,15,20,16,12,15,19,19,19,11,8,28,20,26,17,25,47,55,49,37,38,48,36,24,19,24,26,8,21,20,8,12,26,22,17,19,19,19,40,25,18,15,35,42,40,53,55,31,27,30,36,36,12,30,33,32,49,31,46,12,25,18,27,17,20,46,30,15,30,20,26,42,17,42,15,6,9,29,75,47,7,7,16,12,13,23,9,22,73,16,13,32,55,20,22,26,35,16,20,45,38,33,27,,17,19,36,24,37,41,40,14,32,43,31,30,33,23,29,22,25,38,71,97,29,14,13,37,17,
20150811,0,PM10,143,194,198,135,78,244,207,83,52,189,167,168,177,70,121,70,100,72,44,32,13,44,37,19,37,29,43,35,,32,12,11,21,39,28,37,27,34,41,28,28,52,15,30,12,31,25,38,104,31,84,14,26,53,28,55,44,20,26,,50,37,124,39,99,96,81,105,55,81,94,63,,63,29,34,105,73,40,70,38,46,29,29,200,148,69,70,49,55,59,44,46,20,77,64,25,26,35,52,46,17,44,18,54,23,26,36,26,87,54,102,54,92,80,46,50,59,46,68,74,37,47,23,15,15,85,129,86,87,75,100,69,39,36,60,48,29,39,80,17,62,68,35,78,98,69,100,96,44,94,76,67,107,56,20,46,53,44,51,84,67,31,17,15,50,25,67,36,40,60,45,43,43,40,35,60,45,3,46,40,44,26,35,45,32,58,,54,28,57,,151,125,42,80,59,61,71,146,332,80,87,51,73,77,45,65,40,64,60,,54,38,34,59,24,48,61,27,46,11,16,35,18,39,28,30,40,43,22,16,17,35,35,21,46,16,21,29,44,31,35,39,37,57,29,14,47,23,37,38,,102,123,96,110,74,71,66,48,36,51,59,16,41,27,24,31,36,55,21,24,32,19,77,54,30,50,55,70,74,102,69,50,70,69,84,107,45,66,63,49,55,59,74,35,69,74,41,67,39,101,92,26,32,74,39,73,39,99,31,20,24,35,67,54,37,24,65,25,22,51,51,22,98,35,11,62,76,39,45,59,53,57,47,76,,28,80,,37,59,,57,157,56,375,21,68,69,23,53,102,103,89,75,32,,135,966,79,47,46,33,41,
20150811,0,PM10_24h,80,200,198,170,72,170,230,53,48,183,110,153,141,73,67,47,73,45,30,30,14,29,20,20,36,24,30,29,18,24,19,19,24,32,27,33,24,31,32,32,29,31,21,26,15,29,33,22,95,39,67,14,23,52,30,37,51,31,26,35,46,48,109,47,78,59,58,59,97,99,65,69,67,61,24,25,103,70,69,49,59,61,31,38,187,123,83,74,54,64,60,45,53,25,54,82,30,35,38,50,41,31,46,32,47,46,43,74,40,62,47,86,43,82,38,97,46,58,45,39,27,33,31,25,27,21,62,98,54,65,74,75,44,47,28,55,42,50,53,58,18,48,41,43,53,58,68,66,67,44,71,71,90,104,65,41,48,74,54,39,48,46,37,25,28,39,38,48,41,42,41,36,31,22,32,27,37,31,20,29,22,24,18,22,38,42,33,,61,40,51,,98,98,50,68,55,65,99,60,85,86,50,64,63,106,29,69,34,54,33,,37,43,22,51,28,36,53,29,58,17,34,46,16,34,20,33,30,39,28,13,22,29,41,20,46,20,27,31,30,22,26,33,25,39,27,16,45,32,34,27,26,93,100,81,71,64,85,58,53,35,47,50,18,51,31,19,30,43,37,33,33,34,37,58,63,30,30,55,66,73,90,86,48,46,58,61,68,37,49,46,48,84,43,73,26,34,47,32,34,35,73,60,27,42,51,35,90,31,59,24,19,26,32,99,71,21,11,38,21,23,40,39,40,141,26,29,43,82,34,35,51,49,43,32,59,56,44,58,,35,55,45,49,55,60,115,30,49,53,45,50,90,82,74,50,46,189,191,461,74,37,34,49,43,
20150811,0,SO2,4,5,7,33,21,24,15,26,6,12,48,16,11,19,10,10,15,7,4,9,7,12,15,7,27,15,13,12,11,16,9,5,4,11,7,4,7,9,7,3,4,24,4,2,6,6,7,3,20,13,5,8,11,10,7,4,16,6,7,8,10,14,14,6,13,10,23,31,7,6,7,29,4,6,12,67,28,9,10,12,9,15,14,11,12,28,18,15,33,12,7,30,26,8,11,29,12,10,9,11,6,8,11,3,25,8,14,8,8,40,15,27,13,23,14,9,8,9,30,12,13,7,9,16,16,10,20,9,12,22,58,18,8,8,17,10,9,22,8,33,3,10,34,9,13,15,13,19,7,12,10,3,7,3,7,10,11,8,8,8,21,66,6,9,10,6,12,9,30,15,9,32,1,10,17,10,5,10,17,10,8,9,16,7,12,9,33,,4,11,9,,43,36,5,15,49,14,48,9,4,10,15,4,4,3,13,9,10,14,15,,7,2,4,4,3,6,3,14,2,7,15,13,11,18,7,8,22,8,14,8,18,26,14,74,40,3,12,7,12,21,7,6,4,25,11,8,14,7,17,6,21,23,22,9,15,11,22,8,19,3,26,10,18,11,2,1,10,6,4,4,18,11,6,55,31,29,13,12,14,16,37,9,10,22,33,11,17,18,19,31,8,26,8,9,9,2,26,4,11,20,8,88,8,5,32,6,11,13,48,8,7,2,13,8,13,11,10,2,11,12,6,4,8,17,15,3,6,4,11,17,42,9,9,16,8,6,5,7,,8,11,18,10,7,13,30,2,23,4,5,4,5,2,7,11,10,3,9,28,7,6,9,4,4,
20150811,0,SO2_24h,2,8,9,25,24,33,15,18,6,9,21,18,16,17,10,11,12,6,5,7,6,8,13,8,23,37,12,14,10,15,9,6,3,10,8,4,7,6,5,3,4,10,8,3,9,6,7,16,33,15,5,9,9,12,8,5,17,9,8,7,11,21,20,9,13,18,12,12,9,7,17,21,5,7,10,25,36,22,9,10,15,36,12,10,33,42,47,46,25,13,10,31,26,9,21,51,14,10,9,13,5,9,7,6,25,14,11,33,14,34,18,29,7,22,12,16,8,10,18,15,14,7,8,17,13,33,18,9,12,26,34,17,8,8,15,9,8,33,11,30,4,15,26,28,19,15,24,11,7,19,19,5,8,4,8,15,20,13,9,7,23,76,10,9,20,5,32,11,30,19,12,20,27,7,15,10,7,8,18,11,4,10,14,7,8,7,19,,3,16,8,,30,44,10,16,44,15,67,8,3,22,18,4,8,4,23,10,8,12,5,,5,7,5,7,4,7,3,13,4,10,15,12,15,21,6,7,20,13,16,8,18,26,12,69,37,8,11,4,12,12,6,4,5,33,10,12,16,11,13,12,14,23,23,10,13,13,28,14,11,4,23,7,6,15,2,2,14,5,5,6,20,9,9,45,19,19,18,21,7,17,27,9,10,20,72,11,12,23,13,34,15,30,16,22,12,6,22,3,12,23,9,50,9,10,35,8,23,12,38,7,7,9,29,50,21,12,9,21,13,11,5,5,7,26,15,4,6,11,14,6,13,11,7,16,5,11,6,6,,11,10,23,11,6,11,26,2,22,3,6,4,5,4,7,20,5,3,11,34,10,6,9,7,4,
20150811,0,NO2,49,19,28,52,68,43,56,30,43,75,38,76,76,44,53,72,45,55,45,11,30,25,24,9,34,24,18,20,18,19,2,6,8,33,8,15,7,31,13,4,9,26,12,16,16,28,23,45,64,15,45,13,15,51,48,30,50,21,28,37,19,27,49,18,66,93,62,49,34,41,70,55,13,48,17,18,68,63,32,34,32,52,19,21,51,50,29,56,22,27,21,36,27,3,22,15,10,15,23,20,27,3,16,29,64,7,11,14,9,48,33,45,24,45,25,43,30,28,44,38,27,28,19,36,13,11,34,30,36,39,32,36,35,21,9,16,24,13,9,38,14,68,43,27,50,47,39,62,49,35,24,33,33,31,61,14,27,10,8,17,26,44,9,14,32,30,22,29,18,8,11,23,17,14,15,13,12,16,25,21,33,25,16,13,20,28,55,,20,22,14,,74,77,24,6,53,24,10,39,52,22,59,8,10,6,59,41,41,23,54,,23,13,25,24,20,29,4,20,7,9,18,25,22,5,12,13,28,15,13,9,17,35,9,6,33,5,24,23,26,21,18,34,14,12,9,13,10,6,18,13,20,43,53,27,78,19,14,22,36,9,19,40,11,12,3,2,19,8,15,8,10,12,7,20,17,11,23,28,26,23,17,23,18,11,35,29,39,29,36,49,34,23,49,45,37,39,16,18,20,20,28,38,16,34,40,46,23,15,42,12,9,8,26,14,28,18,17,14,10,15,18,4,10,10,3,9,31,29,11,34,33,22,34,20,73,25,11,38,,16,36,34,16,6,18,45,17,7,15,14,14,78,12,45,7,25,5,15,11,22,13,11,18,21,
20150811,0,NO2_24h,38,35,29,44,46,39,44,20,30,52,50,42,46,28,29,39,28,34,27,14,27,24,13,10,20,25,23,27,17,12,4,9,8,29,13,16,14,19,13,7,11,22,17,11,20,26,24,21,42,18,29,13,11,39,31,17,30,15,13,22,19,23,40,21,31,47,25,31,30,34,48,41,37,43,14,16,45,32,14,20,18,34,17,20,49,38,39,41,17,29,18,26,26,7,15,27,14,11,21,15,16,9,17,15,37,17,17,24,15,30,19,24,18,28,19,23,20,29,32,28,14,25,16,34,17,13,24,27,16,33,24,21,26,15,9,6,19,17,10,20,11,40,22,26,27,28,36,24,26,21,21,19,45,26,32,15,31,16,14,15,17,30,23,16,27,22,25,24,17,16,16,23,9,14,18,23,22,21,16,20,15,22,13,10,20,19,50,,19,15,10,,35,40,15,10,29,18,20,14,34,21,28,18,8,8,29,20,25,14,19,,20,17,19,14,16,21,4,15,10,10,15,16,14,8,11,17,16,17,14,9,19,27,19,9,34,13,20,17,25,14,14,19,14,12,9,9,10,6,17,8,14,34,27,24,24,11,11,14,19,9,12,19,10,12,3,3,17,9,19,11,9,12,15,23,14,9,13,21,13,18,24,28,13,9,19,15,20,27,12,21,23,26,16,39,20,23,12,13,31,18,26,17,14,26,28,31,19,13,20,13,9,9,21,19,18,11,16,10,7,13,19,6,13,12,4,7,17,22,7,14,26,24,22,15,38,19,11,18,,22,18,30,17,8,9,40,15,8,11,11,11,29,7,31,10,15,8,15,34,28,10,13,26,19,
20150811,0,O3,92,89,51,54,20,48,55,70,21,62,117,25,30,16,40,17,66,6,8,56,28,46,45,57,18,39,41,45,54,46,47,68,52,23,63,31,61,31,47,47,44,28,54,19,51,22,44,26,16,36,51,38,43,21,32,39,14,24,11,30,25,33,36,33,30,5,14,6,77,35,21,43,64,76,41,35,42,46,66,12,42,44,27,26,121,58,37,16,23,55,38,27,36,47,31,72,51,47,70,31,9,68,43,38,18,57,47,6,53,35,54,79,30,16,18,23,15,25,52,13,23,12,35,30,29,32,48,60,45,47,68,82,35,41,39,63,43,56,83,37,27,22,16,30,16,22,55,48,21,22,47,25,16,22,7,99,110,83,109,87,41,13,39,37,16,29,73,57,52,79,71,14,9,47,47,51,41,33,19,40,32,20,30,50,62,40,10,,62,27,42,,15,27,23,109,34,75,110,24,1,93,38,56,24,104,5,26,10,25,2,,3,8,31,20,11,20,29,10,6,20,85,14,22,10,36,27,8,32,20,21,28,21,15,30,48,7,36,19,3,4,42,,23,18,18,37,32,29,27,28,26,50,38,87,38,63,83,40,28,23,20,33,36,23,21,47,25,40,22,51,53,65,56,39,52,47,3,35,60,59,56,25,21,34,9,46,7,26,42,33,20,47,32,63,48,17,67,20,17,44,16,22,40,6,69,,27,23,33,51,7,31,28,49,24,5,17,18,15,35,72,112,100,74,39,51,16,61,26,21,31,67,49,86,12,86,47,58,,68,37,65,91,73,126,47,34,102,60,92,70,25,43,55,62,149,70,53,83,50,42,68,101,58,
20150811,0,O3_24h,196,208,159,275,110,130,239,141,136,232,213,124,145,78,154,125,164,102,77,64,65,63,60,63,62,52,56,89,71,58,55,70,65,63,73,64,70,58,72,74,60,59,90,75,92,73,76,57,202,53,96,55,57,183,91,83,138,95,93,178,103,116,125,88,147,154,128,91,132,137,196,135,90,159,53,46,174,177,185,136,148,125,69,72,180,194,136,127,97,119,138,147,132,56,126,276,92,100,92,97,106,125,115,108,100,95,116,82,88,120,115,183,97,98,64,129,131,153,135,115,60,91,78,77,64,60,95,139,99,130,117,109,66,102,66,109,102,98,174,115,61,145,107,69,115,104,193,139,118,83,87,73,85,104,135,117,157,101,128,102,136,218,69,81,86,111,191,122,126,103,126,242,111,64,55,56,52,42,28,55,83,66,52,56,97,64,58,,122,54,100,,84,158,66,103,93,141,121,92,80,131,120,86,48,158,96,116,81,57,101,,97,77,86,65,106,93,66,81,58,82,120,56,66,47,55,30,62,78,45,74,30,26,23,49,73,30,70,62,47,55,77,68,36,51,45,53,80,60,60,64,60,132,112,181,106,99,187,111,84,71,84,119,55,56,36,72,48,68,77,66,84,76,104,91,101,64,88,100,150,130,116,138,95,96,95,141,125,123,153,118,138,138,130,155,71,108,138,103,28,107,33,103,90,78,112,69,102,75,115,73,44,64,73,120,100,56,55,75,56,50,138,138,123,98,65,100,94,157,93,96,83,85,127,126,98,125,107,121,,109,149,153,185,109,157,132,71,116,113,131,103,118,66,108,85,206,99,101,88,90,65,118,135,116,
20150811,0,O3_8h,122,106,82,104,50,97,119,96,64,133,142,85,98,49,89,63,100,24,32,58,29,51,54,52,34,43,46,55,64,51,47,66,55,33,66,40,62,35,58,56,49,32,58,47,50,29,53,37,78,35,69,41,50,41,48,53,49,41,27,66,38,59,66,59,86,53,51,44,109,75,72,80,61,105,47,36,88,86,96,40,74,89,39,33,151,106,67,47,37,69,84,67,47,49,71,98,68,57,65,39,41,75,69,57,52,47,59,26,65,78,83,134,61,53,32,72,64,72,97,39,38,31,49,30,26,43,67,105,78,69,90,90,42,61,43,89,69,71,95,68,43,81,57,42,65,51,109,92,60,43,58,51,35,62,51,104,114,87,115,92,79,47,52,51,33,59,101,94,81,80,93,34,35,51,47,50,44,33,24,46,53,38,37,50,78,42,14,,83,40,72,,51,105,39,105,59,95,104,53,31,114,80,54,34,111,37,64,40,42,53,,36,33,39,29,40,45,32,24,10,25,82,20,29,23,38,25,42,38,34,25,23,21,17,31,55,15,46,28,15,15,50,27,26,22,25,44,42,44,30,43,45,93,69,128,80,75,110,81,53,23,41,63,43,34,29,56,34,55,37,52,56,71,73,50,66,54,35,51,112,93,87,54,48,47,42,106,52,60,89,85,51,88,90,95,49,61,97,62,11,63,15,45,69,35,81,33,52,39,72,55,22,44,49,66,61,22,24,38,34,31,97,125,107,82,42,80,50,78,46,44,59,69,94,106,55,99,57,90,,94,96,96,142,95,139,99,58,105,81,112,84,80,49,79,74,179,79,75,76,64,42,91,105,90,
20150811,0,O3_8h_24h,173,177,125,207,93,117,191,127,119,208,189,107,136,71,138,112,137,85,66,59,45,54,55,55,48,43,49,64,65,52,48,66,59,50,68,57,63,50,64,63,54,49,75,73,66,65,68,48,154,43,89,46,57,113,82,80,103,77,76,138,83,91,112,76,118,116,98,80,124,113,161,120,74,130,52,52,149,148,189,102,156,136,66,53,166,163,112,105,61,103,112,107,100,57,105,196,78,115,98,106,87,116,95,98,81,88,97,56,77,104,109,158,89,84,57,125,116,123,127,101,55,81,70,46,47,46,82,125,90,98,104,99,58,89,63,103,95,91,156,107,55,115,95,55,93,88,131,112,101,60,75,68,76,91,86,110,134,108,120,99,115,128,66,66,69,94,125,103,108,92,95,133,84,56,47,50,44,33,25,47,75,46,43,51,88,52,50,,110,49,90,,59,152,51,99,89,128,111,87,66,120,114,72,44,157,90,104,74,54,90,,90,68,82,56,94,79,55,61,43,70,94,46,65,40,46,26,56,49,38,38,26,27,18,40,64,15,77,60,37,46,69,61,30,37,34,48,68,53,48,56,55,119,99,150,92,89,122,98,72,37,72,106,50,50,34,65,44,62,66,65,62,73,88,69,95,58,74,81,121,114,107,113,83,78,85,126,108,91,117,108,94,119,119,130,56,83,125,89,23,86,25,87,85,62,96,62,91,58,104,69,37,53,60,94,88,44,43,55,51,44,124,130,110,92,46,92,77,136,80,82,71,78,121,123,81,105,94,109,,98,134,133,174,105,148,128,68,113,105,123,103,110,61,98,80,206,86,85,79,75,58,109,122,108,
20150811,0,CO,1.33,1.43,0.54,3.78,0.58,0.84,0.99,0.50,0.60,1.66,1.15,1.53,0.58,0.60,0.65,0.74,1.08,0.65,0.88,0.53,0.71,0.62,0.46,0.45,1.03,0.32,0.67,0.54,0.74,0.81,0.27,0.26,0.33,0.74,0.56,0.72,0.50,0.54,0.68,0.54,0.41,0.89,0.58,0.56,0.27,0.60,0.40,1.07,1.05,0.27,0.95,0.39,0.52,1.05,0.93,0.88,0.86,0.97,1.01,0.76,0.76,0.69,0.80,0.59,1.23,1.46,0.92,1.36,0.47,0.94,0.98,1.00,1.04,0.64,0.70,0.48,1.65,1.08,0.57,1.56,0.65,0.69,0.64,0.53,2.12,1.67,1.27,1.10,0.44,0.52,0.28,0.56,1.12,0.46,0.57,0.51,0.82,0.84,0.90,1.17,0.83,0.53,0.83,1.16,1.13,0.92,0.99,0.99,0.82,1.45,0.71,1.14,2.13,0.79,1.23,1.22,0.97,0.92,0.75,0.68,0.67,0.45,0.42,0.25,1.12,0.55,1.99,1.09,0.68,1.63,0.90,1.62,0.91,0.70,0.55,0.00,1.16,0.88,0.92,0.87,0.56,1.04,0.80,1.36,0.99,1.29,1.01,0.79,0.82,1.07,1.20,0.61,1.56,1.03,0.65,3.12,0.32,0.31,1.23,1.59,0.63,1.79,0.18,0.54,0.12,0.53,0.22,0.61,0.41,0.51,0.33,0.89,0.75,0.43,0.42,0.60,0.32,0.82,0.73,0.99,0.81,0.64,0.51,0.40,0.48,0.99,1.47,,0.41,0.74,0.95,,1.99,1.47,0.61,2.06,0.97,1.18,0.62,1.65,0.84,0.34,0.59,0.42,0.68,0.69,0.59,0.83,0.44,1.49,0.76,,0.40,0.58,1.74,0.10,0.54,0.54,1.16,0.41,0.35,0.78,0.03,0.41,0.24,2.34,0.31,0.26,0.86,0.50,0.26,0.09,0.32,0.36,0.37,0.78,0.34,0.32,0.23,0.84,1.57,1.17,0.89,1.00,0.58,0.59,1.20,0.45,1.21,0.68,0.69,0.87,0.31,0.83,0.93,1.04,0.98,0.51,0.93,0.44,0.33,1.14,1.11,0.79,0.77,0.74,1.34,0.49,1.06,0.88,0.80,0.70,0.55,0.44,0.56,0.33,0.84,1.19,0.74,0.91,0.75,1.40,0.94,2.04,0.99,1.37,1.23,0.84,0.94,0.30,0.68,0.77,0.97,0.48,1.10,0.76,0.82,0.96,0.65,0.03,0.43,0.72,0.85,0.57,0.54,0.97,0.58,0.47,0.75,0.76,1.30,1.19,0.65,,1.16,0.42,0.63,0.67,0.72,0.34,0.82,0.40,0.75,0.31,0.36,0.86,0.41,0.49,1.21,0.69,0.62,1.05,1.05,0.54,2.99,0.58,0.69,0.53,0.76,0.41,,0.75,0.90,0.50,0.62,0.38,0.30,0.62,0.36,2.11,0.85,0.96,0.63,1.25,0.55,1.03,0.30,0.68,1.33,0.45,0.47,1.10,1.56,0.65,0.54,0.44,
20150811,0,CO_24h,0.72,1.22,0.59,1.71,0.84,0.67,1.03,0.37,0.59,1.05,0.87,1.26,0.50,0.71,0.60,0.66,0.80,0.59,0.69,0.55,0.50,0.57,0.41,0.48,0.71,0.39,0.65,0.88,0.58,0.65,0.30,0.31,0.34,0.69,0.60,0.81,0.52,0.44,0.63,0.63,0.43,0.71,0.63,0.57,0.44,0.50,0.43,0.95,1.34,0.35,0.81,0.41,0.46,0.95,0.85,0.78,0.74,0.95,0.88,0.65,0.80,0.64,0.81,0.60,1.02,0.91,0.63,1.00,0.55,1.02,0.98,1.26,1.19,0.86,0.68,0.49,1.24,0.89,0.67,1.29,0.79,1.01,0.65,0.84,2.10,1.64,1.70,1.27,0.46,0.62,0.39,0.77,1.64,0.53,0.51,0.72,0.81,0.83,0.84,1.04,0.78,0.65,0.85,0.97,0.95,1.29,1.11,0.88,1.05,1.36,0.66,1.06,1.79,0.90,1.15,1.93,1.00,1.31,0.88,0.70,0.38,0.50,0.40,0.39,1.11,0.57,1.74,1.00,0.54,1.43,0.79,1.18,0.75,0.73,0.63,0.66,1.01,0.96,1.03,0.81,0.50,0.95,0.58,1.61,0.61,0.54,0.95,0.61,0.59,0.91,1.27,0.66,1.62,1.08,0.60,3.29,0.52,0.51,1.28,1.62,0.49,1.62,0.32,0.56,0.38,0.35,0.36,0.60,0.45,0.37,0.24,0.88,0.63,0.38,0.40,0.68,0.39,0.78,0.59,0.97,0.60,0.61,0.43,0.35,0.57,0.70,1.12,,0.40,0.81,0.87,,2.56,1.43,0.58,2.21,0.85,1.28,0.76,0.56,0.37,0.35,0.46,0.55,0.71,0.82,0.47,1.12,0.46,1.43,0.37,,0.40,0.84,1.34,0.31,0.55,0.42,0.89,0.49,0.37,0.85,0.11,0.41,0.28,2.08,0.30,0.26,0.61,0.53,0.16,0.08,0.19,0.29,0.17,0.53,0.34,0.33,0.20,0.79,1.59,0.93,0.75,1.04,0.60,0.74,1.18,0.51,1.19,0.62,0.92,0.86,0.30,0.96,0.79,1.05,0.77,0.51,0.54,0.47,0.35,1.23,1.14,0.72,0.83,0.61,1.34,0.52,1.36,0.84,0.75,0.71,0.53,0.30,0.81,0.37,0.84,1.00,0.64,0.76,0.66,1.05,0.91,1.47,0.92,1.31,1.45,0.75,0.89,0.33,0.75,0.40,0.93,0.51,0.71,1.01,0.66,0.88,0.50,0.20,0.66,0.73,0.59,0.40,0.56,1.01,0.43,0.37,0.68,0.65,0.85,1.17,0.28,0.34,0.96,0.86,0.79,0.55,0.56,0.31,0.91,0.46,0.75,0.48,0.34,0.95,0.42,0.36,1.14,1.26,0.64,0.99,1.02,0.58,2.86,0.46,0.48,0.54,0.96,0.44,,0.73,0.80,0.75,0.63,0.35,0.34,0.61,0.32,2.02,0.87,1.04,0.65,0.73,1.25,1.22,0.16,0.48,1.32,0.48,0.59,1.15,1.60,0.61,0.58,0.45,
20150811,1,AQI,141,196,163,120,64,183,167,62,52,163,154,189,149,58,87,62,90,57,44,33,17,44,36,22,37,27,48,49,26,40,15,26,27,37,27,39,31,36,56,27,26,54,17,35,16,41,27,27,85,27,73,14,30,59,31,47,54,26,24,44,59,37,95,36,84,77,74,81,66,84,72,66,65,56,33,36,88,63,41,60,43,47,21,37,164,116,57,59,43,43,51,51,49,26,52,61,23,34,43,47,41,20,46,19,52,29,33,35,29,70,54,100,52,70,63,51,45,56,52,49,50,37,32,24,19,88,86,126,83,68,59,90,69,37,34,88,46,37,35,61,28,53,60,35,75,71,60,88,83,56,75,63,73,88,56,32,37,68,35,51,70,52,27,24,26,47,36,56,29,29,55,47,38,50,36,39,55,41,11,50,45,39,29,36,52,36,53,,51,29,36,,105,100,38,79,59,54,69,92,153,74,71,50,49,66,45,66,38,61,58,,53,42,28,73,25,47,45,19,55,15,33,40,21,37,24,33,49,36,22,10,19,30,33,23,25,16,20,28,37,35,30,43,34,33,29,17,43,21,37,34,37,86,104,110,87,66,62,56,51,32,49,57,14,39,29,22,29,34,45,31,33,33,26,66,45,31,54,47,58,66,89,64,52,55,63,68,71,44,61,69,49,58,75,85,36,46,62,53,37,31,77,60,70,32,62,50,69,34,84,23,18,28,41,52,58,36,18,58,23,27,39,38,30,57,12,15,50,61,32,42,55,56,42,44,74,56,27,61,,38,57,75,57,49,60,155,22,56,49,29,47,90,63,72,62,53,31,89,500,54,20,23,43,45,
20150811,1,PM2.5,108,147,124,91,11,138,127,30,23,124,118,142,114,27,25,30,67,20,19,23,12,31,25,13,18,12,28,34,18,28,9,6,11,23,16,20,22,23,31,15,12,38,12,20,9,29,15,12,57,11,53,10,21,42,17,20,38,18,17,31,42,26,50,11,62,47,52,54,30,62,33,36,47,13,18,20,55,43,12,43,19,32,15,26,125,82,33,26,15,27,23,27,23,12,26,38,13,17,30,33,27,13,31,13,34,20,23,24,20,42,24,75,24,40,19,27,22,38,33,22,16,21,21,7,13,9,64,96,61,36,41,67,28,21,17,65,16,26,13,40,16,32,42,22,55,52,39,65,45,40,55,31,53,65,25,13,17,42,21,24,50,18,11,17,11,30,25,37,19,18,39,33,17,35,25,26,27,23,2,33,21,24,20,22,17,17,32,,36,15,24,,64,71,18,58,42,30,50,48,64,54,40,31,16,38,18,38,17,19,26,,19,11,15,53,16,19,31,13,39,6,23,28,11,4,17,4,16,8,9,5,13,13,23,16,17,5,14,19,18,19,21,30,24,23,15,7,26,15,24,23,26,63,78,83,56,43,42,35,20,17,18,23,7,16,12,3,14,24,27,15,20,23,15,48,21,19,21,33,41,46,66,46,26,37,35,38,35,16,43,50,33,41,52,63,16,32,25,37,20,20,54,40,13,21,20,35,48,17,62,12,12,11,29,28,41,15,11,17,6,19,27,4,10,28,5,9,31,44,16,21,21,40,18,26,54,40,19,30,,23,21,55,24,34,43,70,11,27,29,16,33,38,31,24,22,37,22,60,155,29,13,14,30,14,
20150811,1,PM2.5_24h,44,117,112,106,21,90,137,21,13,103,78,115,102,33,18,22,48,25,16,16,7,17,15,14,16,13,17,18,18,13,11,9,14,20,17,19,18,19,20,19,12,25,17,16,8,16,18,10,52,12,36,11,16,37,18,17,36,20,16,25,31,32,47,24,52,29,37,40,33,56,30,34,56,32,15,13,45,42,24,31,23,45,16,19,126,68,41,33,19,29,24,24,24,12,29,46,17,21,25,35,25,18,37,21,27,36,30,31,27,34,24,62,28,47,11,65,22,38,28,19,8,20,19,11,17,12,42,61,29,25,40,47,17,25,14,37,17,29,28,34,9,32,28,22,41,36,35,49,37,39,41,41,59,66,38,20,20,43,25,17,24,22,16,16,10,20,22,27,26,17,24,26,12,15,18,15,11,20,3,15,14,14,12,11,15,18,20,,87,19,30,,47,41,29,49,32,53,61,20,35,47,28,27,11,49,12,48,16,14,18,,16,25,11,39,19,21,34,18,41,7,19,16,10,11,13,6,17,14,16,7,13,16,31,13,21,6,14,20,16,13,15,20,20,19,11,8,29,20,26,18,25,48,56,51,37,38,48,36,24,19,24,26,8,20,20,8,13,26,22,17,19,19,19,41,24,18,15,35,42,40,52,55,31,28,30,36,36,12,31,34,32,49,27,47,12,25,18,27,18,20,47,30,15,31,21,26,43,17,43,15,6,9,29,74,48,8,7,16,11,14,22,9,20,67,14,12,32,55,19,22,26,34,16,20,46,38,32,27,,17,19,37,24,36,41,41,14,31,41,31,30,34,23,29,22,25,38,70,98,28,14,13,37,17,
20150811,1,PM10,176,196,200,149,77,252,218,73,54,257,173,213,167,66,123,74,101,64,44,33,6,41,36,22,37,27,48,42,24,31,13,14,27,37,27,39,29,36,62,27,26,43,16,35,16,28,27,27,119,27,94,14,27,58,31,47,46,24,19,30,51,36,139,27,105,104,97,112,82,90,93,81,51,61,33,36,125,76,41,67,43,47,19,31,208,181,64,68,43,43,51,52,49,26,53,71,23,34,43,42,41,20,46,19,53,25,31,35,25,90,58,105,53,90,75,51,45,61,53,49,50,37,32,24,14,17,92,150,102,85,67,106,88,37,34,76,46,37,35,72,28,56,70,35,78,92,70,93,115,36,89,76,69,98,62,32,27,85,35,52,90,54,27,20,26,47,35,62,29,29,59,39,38,44,34,39,60,41,5,50,45,39,27,36,53,36,55,,40,29,36,,159,149,38,75,60,58,75,134,256,82,91,50,49,82,45,82,38,72,66,,56,42,28,61,25,47,45,15,44,15,,29,21,37,23,33,49,36,22,10,6,30,31,22,25,16,18,28,37,35,29,39,33,30,29,17,43,18,37,34,29,121,155,106,123,81,73,62,51,32,49,64,14,39,29,22,29,31,45,31,33,28,26,57,45,31,57,43,63,81,100,70,53,60,75,86,91,44,71,60,49,53,100,80,36,42,73,,37,31,104,70,90,32,74,42,87,34,91,23,18,28,34,54,58,36,18,65,23,23,33,36,21,64,8,15,50,62,32,42,60,59,42,44,79,48,26,72,,38,64,,63,38,58,260,22,61,49,29,47,130,76,94,74,35,,128,640,57,20,23,29,45,
20150811,1,PM10_24h,87,199,200,168,71,176,228,54,48,184,113,156,141,71,67,48,73,46,30,30,13,30,21,21,37,24,31,30,18,23,18,19,24,32,27,33,24,30,34,32,29,32,21,26,15,30,32,22,97,39,68,14,23,52,30,37,51,31,26,34,46,48,105,45,80,61,60,62,95,99,67,70,67,61,24,25,103,70,66,50,53,58,30,37,187,126,83,73,53,63,60,46,53,25,53,82,30,35,38,49,41,29,46,29,49,44,42,72,40,62,47,86,43,81,39,95,45,57,43,41,29,33,31,26,27,21,64,100,56,66,74,77,47,47,28,56,42,49,53,58,18,48,42,41,55,60,68,68,69,44,73,70,88,104,63,41,48,73,53,40,50,46,37,24,28,39,37,48,41,42,43,37,32,23,33,28,38,32,19,30,23,25,18,23,38,41,35,,60,39,50,,101,101,48,68,55,65,99,63,95,85,51,63,62,104,30,68,34,55,35,,38,43,23,51,27,37,52,27,58,17,34,45,16,34,20,33,31,39,27,13,21,29,40,20,45,20,26,31,31,23,27,33,26,39,28,17,45,31,34,28,26,94,102,81,74,64,84,58,53,35,48,51,18,51,31,19,30,42,37,33,33,32,35,58,63,31,31,54,66,73,89,84,48,46,58,61,68,38,51,47,48,83,44,74,27,34,48,32,34,36,74,62,29,42,52,35,91,32,62,24,19,27,33,98,70,22,11,39,21,23,40,39,37,136,25,29,43,82,34,36,52,48,43,33,61,55,44,58,,34,56,45,49,54,59,122,29,49,52,46,50,93,82,76,51,44,197,186,475,71,37,35,49,44,
20150811,1,SO2,4,5,5,47,19,23,14,22,5,9,62,19,14,21,10,10,13,7,3,8,6,12,16,6,26,13,15,13,12,16,8,5,4,10,8,4,7,8,7,3,4,27,7,2,8,7,5,4,17,13,5,8,13,13,7,5,17,5,7,9,9,15,14,7,14,10,15,15,8,6,8,19,3,6,12,57,43,10,8,14,11,17,10,9,12,17,15,17,30,9,8,23,19,9,9,30,15,9,8,9,6,9,10,3,24,7,15,8,8,43,18,31,12,23,22,8,8,9,28,11,11,6,10,17,16,415,22,11,11,17,66,19,8,9,22,21,11,17,8,41,3,10,27,7,16,15,14,15,8,14,11,3,7,3,7,10,9,9,8,9,23,36,5,8,13,7,12,8,31,15,9,33,2,12,19,9,7,11,17,10,6,12,13,7,15,9,34,,4,13,13,,39,41,4,10,39,16,88,8,3,10,15,4,3,3,23,10,7,11,17,,8,3,3,4,2,6,3,12,4,7,15,14,11,10,7,7,23,8,18,8,9,23,12,69,39,4,15,7,14,20,8,6,5,20,11,10,13,7,18,6,105,23,23,10,19,11,27,8,21,4,27,8,27,11,2,1,10,6,3,6,21,14,6,57,25,28,13,12,6,19,60,10,8,16,84,9,21,19,18,35,6,24,9,12,9,2,23,5,9,26,6,103,8,11,33,6,24,14,68,7,7,2,13,8,12,11,19,2,12,13,5,8,7,20,15,5,4,4,10,53,21,10,6,11,5,7,4,7,,8,9,21,11,8,14,29,2,21,3,4,4,4,1,7,11,8,3,9,29,6,6,9,4,2,
20150811,1,SO2_24h,2,8,9,26,24,33,15,18,6,9,23,18,16,17,10,11,12,6,5,8,6,8,13,8,23,35,12,14,11,15,9,6,3,10,8,4,7,6,5,3,4,11,8,3,9,6,7,16,33,15,5,9,9,11,8,5,17,9,8,7,11,20,19,9,13,17,12,12,9,7,17,21,5,7,11,27,37,22,8,10,15,36,12,10,33,41,46,43,25,13,10,31,25,9,21,51,14,9,9,12,5,9,7,6,25,14,11,32,15,34,18,30,7,22,13,16,8,10,19,15,14,7,8,17,13,34,18,9,12,25,35,17,8,8,15,10,9,32,11,31,4,15,27,25,18,15,24,11,7,18,18,5,8,4,8,15,20,12,9,7,23,75,10,9,20,5,30,11,30,19,12,21,25,8,16,10,7,8,18,11,4,10,14,6,9,7,20,,3,15,8,,31,44,10,15,44,15,70,8,3,21,18,4,8,4,23,10,8,12,6,,5,7,5,7,3,7,3,13,4,10,15,12,14,20,6,7,20,13,16,8,17,26,12,69,36,8,11,4,12,12,6,5,5,33,10,11,16,11,13,12,17,23,23,10,14,13,28,13,12,4,23,7,7,15,2,1,14,5,5,6,20,10,9,47,19,20,19,21,7,17,29,9,10,19,74,11,12,23,13,34,15,29,16,22,11,6,22,3,12,24,9,53,9,10,35,8,22,13,39,7,7,9,29,49,21,12,10,20,13,11,5,5,7,26,15,4,6,11,14,8,14,11,7,16,5,11,6,6,,11,9,23,11,6,12,26,2,22,3,6,4,5,4,7,20,5,3,11,33,10,6,9,7,4,
20150811,1,NO2,41,19,28,77,63,52,58,21,35,52,56,79,63,42,51,65,35,48,39,10,16,22,21,8,40,22,17,24,23,16,3,6,9,32,7,16,6,27,13,3,9,26,18,22,15,28,19,36,50,14,58,14,15,45,42,18,42,21,20,36,18,25,41,12,64,83,56,46,45,46,76,37,19,55,16,19,52,40,31,30,40,56,14,19,36,65,31,52,19,17,23,49,24,9,15,17,12,14,17,17,18,4,16,34,55,7,10,14,11,49,37,47,25,42,18,36,30,26,45,36,23,27,19,33,9,12,39,55,38,32,31,36,38,18,10,14,21,13,7,28,20,65,39,25,46,46,46,66,48,34,24,32,32,29,62,15,18,11,13,12,31,41,10,13,45,28,21,29,16,8,10,24,18,15,18,10,14,15,22,24,27,18,14,11,23,28,43,,20,26,14,,77,73,16,5,61,23,14,30,46,18,49,14,8,5,55,40,41,25,53,,18,15,32,26,20,22,3,16,5,8,18,23,29,5,12,11,27,14,10,6,12,44,20,6,35,8,28,19,21,19,15,26,8,10,9,12,9,7,20,10,20,38,53,24,88,20,14,19,37,9,17,27,9,13,3,2,21,7,17,9,14,14,12,21,21,10,20,31,18,20,17,23,14,5,31,30,38,23,31,33,28,22,43,48,38,33,17,12,17,19,22,40,23,34,34,38,29,12,38,12,8,7,34,17,31,18,19,17,11,14,16,4,9,11,3,9,19,23,8,29,26,18,34,20,68,25,7,35,,20,30,26,17,5,17,41,15,6,11,18,16,76,11,49,6,18,4,18,9,19,7,9,30,16,
20150811,1,NO2_24h,38,33,29,46,47,39,45,20,29,52,49,42,45,29,29,40,28,35,27,14,27,25,14,10,20,24,23,27,18,13,4,9,8,30,13,16,14,19,13,8,11,23,18,12,20,26,24,22,42,18,30,13,11,39,31,17,30,16,14,23,19,23,39,20,33,48,27,33,29,34,50,41,36,42,14,16,44,32,14,21,19,34,17,20,48,39,37,41,17,29,18,27,26,6,15,26,14,11,21,15,16,8,17,16,38,17,16,23,15,31,19,25,18,28,19,24,20,29,31,29,15,25,16,34,17,13,24,26,17,32,24,21,26,15,9,6,19,17,9,20,11,41,23,25,28,29,36,27,27,22,21,19,43,27,33,15,31,15,14,15,18,31,21,16,27,20,25,24,17,16,16,23,9,15,19,22,21,21,17,20,15,22,12,10,21,20,51,,19,16,10,,37,41,15,10,30,18,20,15,35,20,28,17,9,8,29,21,25,14,20,,20,17,20,15,16,21,4,15,10,10,15,16,14,7,11,17,17,17,14,9,18,28,19,8,34,13,20,17,25,15,14,20,14,12,9,9,10,6,17,9,15,34,27,24,27,12,11,14,20,9,13,20,10,12,3,3,17,9,19,11,9,12,15,23,14,9,13,22,14,18,22,27,13,9,20,16,21,26,14,22,23,25,18,39,21,24,12,13,30,18,26,18,15,27,28,30,20,13,20,13,9,9,21,19,19,11,16,10,7,13,19,6,12,12,4,7,17,23,7,15,26,24,22,15,40,19,11,19,,21,19,30,17,8,10,40,14,8,11,12,11,31,7,31,9,16,8,12,32,27,10,13,27,19,
20150811,1,O3,78,82,38,21,21,33,52,73,25,72,94,18,33,17,31,23,75,6,8,60,34,46,46,62,15,30,39,37,43,43,48,82,52,22,61,28,59,33,50,44,41,26,45,13,38,19,46,26,15,34,35,34,40,18,34,50,16,21,16,28,26,28,43,35,21,9,12,5,60,24,12,42,51,59,39,32,53,71,63,22,35,39,39,25,116,36,32,10,22,54,31,12,35,30,35,56,45,39,74,30,16,61,35,34,16,51,44,7,47,30,41,67,24,17,17,27,11,19,50,14,25,13,29,33,34,31,35,30,36,51,63,72,21,43,36,67,60,53,70,48,16,13,17,30,9,21,44,42,16,1,45,18,12,24,7,83,118,74,100,89,26,13,34,40,7,28,68,44,50,78,64,7,8,44,46,53,39,39,17,39,39,28,27,50,59,28,11,,42,21,32,,11,28,26,115,7,69,105,29,1,94,48,36,24,97,6,21,10,14,1,,4,6,17,19,10,26,27,11,8,20,85,15,14,10,33,25,4,31,25,21,27,21,16,29,40,7,36,18,4,4,45,4,26,17,18,32,37,29,20,24,25,39,39,82,25,59,78,36,26,21,17,42,36,22,22,48,19,35,17,48,43,59,79,33,44,46,2,31,61,56,52,27,22,42,10,32,5,28,44,49,24,42,32,47,48,9,51,22,17,39,11,18,28,4,70,1,15,21,33,50,6,29,15,38,15,6,15,11,27,27,68,121,97,71,39,45,19,65,27,18,27,79,31,67,14,84,45,54,,53,31,71,89,64,112,57,30,98,56,76,61,16,42,49,60,153,67,46,82,55,38,67,79,67,
20150811,1,O3_24h,196,208,159,275,110,130,239,141,136,232,213,124,145,78,154,125,164,102,77,65,65,63,60,63,62,52,56,89,71,58,55,82,65,63,73,64,70,58,72,74,60,59,90,73,92,73,70,57,202,53,96,55,57,183,91,83,138,95,93,178,103,116,125,88,147,154,128,91,132,137,196,135,90,159,53,46,174,177,185,136,143,125,66,72,180,194,136,127,97,119,138,147,132,56,126,276,92,100,92,97,106,125,115,108,100,92,116,82,88,120,115,183,97,98,64,129,131,153,135,115,60,91,78,77,64,60,95,139,99,130,117,109,66,102,66,109,102,98,174,115,61,145,107,69,115,104,193,139,118,83,87,73,85,104,135,117,157,101,128,102,136,218,69,81,86,111,191,122,126,103,126,242,111,64,55,56,52,42,28,55,83,66,52,56,97,64,56,,122,54,100,,84,158,66,107,93,141,116,92,80,131,120,86,48,144,96,116,81,57,101,,97,77,86,65,106,93,66,81,58,82,120,56,66,47,55,30,62,78,45,74,30,26,23,49,72,30,70,61,47,55,77,68,36,51,45,53,80,60,60,64,60,132,112,181,106,99,187,111,84,71,84,119,55,56,36,72,48,68,77,66,84,76,104,91,101,64,88,100,150,130,116,138,95,96,95,141,125,123,153,118,138,138,130,155,71,108,138,103,28,107,33,103,90,78,112,69,102,75,115,73,44,64,73,120,100,56,55,75,56,50,138,138,123,98,65,100,94,157,93,96,83,87,127,126,98,125,107,121,,109,149,153,185,109,157,132,71,116,113,131,103,118,66,108,85,206,99,101,88,90,65,118,135,116,
20150811,1,O3_8h,111,95,71,87,43,85,99,88,50,117,129,73,85,42,76,50,93,17,25,59,29,49,53,55,30,43,44,53,60,50,47,67,55,29,65,37,62,32,56,53,47,28,53,40,48,24,51,33,59,35,63,39,48,34,45,49,38,35,23,54,34,52,57,54,70,38,40,34,100,63,57,69,58,96,46,35,79,78,87,31,63,78,37,31,148,89,57,36,33,63,71,56,39,46,61,89,62,52,66,35,33,70,60,49,45,44,51,20,61,67,74,121,53,48,26,61,50,56,87,29,34,25,44,29,26,40,62,93,71,65,83,86,38,56,41,85,65,66,88,56,37,67,45,37,52,42,99,81,50,35,53,45,28,52,40,100,114,85,112,91,69,34,47,49,26,52,86,85,76,78,85,25,27,49,49,51,43,33,23,45,48,36,35,50,74,40,10,,75,36,64,,46,88,35,107,49,87,105,46,22,112,72,50,31,107,26,52,31,37,41,,25,26,31,25,32,40,30,21,8,22,82,18,27,18,37,25,35,37,32,24,24,20,16,31,52,12,45,24,11,9,48,20,25,20,23,43,39,40,26,38,40,82,60,117,70,71,101,73,46,21,34,54,41,30,27,54,30,52,31,51,54,69,71,47,59,53,28,46,102,84,81,45,39,43,34,93,41,51,78,78,43,76,74,82,50,50,88,52,10,55,14,38,62,27,79,25,42,35,62,53,19,40,42,60,50,18,18,30,30,30,89,123,103,79,42,73,42,74,41,37,54,69,84,99,47,99,54,86,,89,82,88,130,90,134,90,52,103,75,106,80,68,47,73,71,172,77,70,76,62,39,85,100,84,
20150811,1,O3_8h_24h,169,177,125,207,93,117,191,127,119,208,189,106,136,71,138,112,137,85,66,59,45,54,55,55,48,43,49,64,65,52,48,67,59,50,68,56,63,50,64,63,54,49,75,72,66,65,68,48,154,44,89,46,55,113,79,78,103,76,75,138,80,91,112,76,118,116,98,80,124,113,161,120,74,130,50,50,149,148,186,102,151,121,65,53,166,163,112,105,61,103,112,107,100,56,105,196,78,108,88,101,87,113,95,98,81,88,97,52,77,104,109,158,89,84,57,118,116,123,126,101,55,81,70,46,47,46,82,125,90,98,104,99,58,89,58,103,95,91,155,107,55,115,95,55,93,88,131,112,101,60,75,68,76,91,86,110,130,95,120,99,115,128,66,66,69,94,125,103,108,92,95,133,84,56,49,51,44,33,25,47,75,46,43,51,88,52,50,,110,47,90,,59,152,51,100,89,128,112,87,66,120,114,72,44,154,90,104,74,54,90,,90,68,79,56,94,79,54,61,43,70,94,46,61,40,46,26,56,49,38,38,26,25,18,40,64,15,77,60,37,46,69,58,30,37,34,48,68,53,48,56,55,119,99,150,92,89,122,98,72,37,72,106,50,50,34,65,42,61,66,61,62,72,88,69,95,58,74,81,121,114,107,113,83,78,85,126,108,91,117,108,94,119,119,130,56,83,125,89,20,86,25,87,85,62,96,62,91,58,104,69,37,53,60,94,88,44,43,55,51,44,124,130,110,92,46,92,77,136,80,82,71,78,121,123,81,108,94,109,,98,134,133,174,105,148,128,68,113,105,121,100,110,61,98,80,202,86,85,77,75,58,109,122,108,
20150811,1,CO,1.32,1.31,0.50,2.78,0.57,0.83,1.04,0.42,0.60,1.86,1.09,1.57,0.48,0.60,0.69,0.71,1.02,0.59,0.81,0.51,0.35,0.59,0.45,0.33,1.20,0.30,0.65,0.58,0.76,0.75,0.27,0.27,0.33,0.72,0.56,0.73,0.47,0.48,0.67,0.52,0.41,0.77,0.59,0.58,0.35,0.59,0.38,1.00,0.82,0.26,1.02,0.46,0.43,1.05,0.93,0.78,0.85,0.96,0.94,0.77,0.79,0.66,0.81,3.59,1.23,1.31,0.94,1.37,0.65,1.01,0.96,0.90,1.11,0.60,0.71,0.48,1.86,1.06,0.62,1.63,0.70,0.70,0.59,0.51,1.97,2.73,1.24,1.14,0.42,0.45,0.27,0.43,1.11,0.43,0.52,0.59,0.82,0.82,0.88,1.09,0.78,0.57,0.82,0.98,1.10,0.82,0.92,0.98,0.80,1.42,0.65,1.20,2.18,0.67,1.23,1.21,0.98,0.97,0.78,0.64,0.43,0.45,0.41,0.23,1.15,0.39,1.98,1.38,0.79,1.61,0.90,1.54,0.91,0.75,0.54,0.00,1.07,0.88,0.90,0.81,0.61,1.01,0.83,1.34,1.00,1.24,1.06,0.85,0.79,1.08,1.26,0.62,1.54,1.21,0.63,2.99,0.29,0.38,1.22,2.13,0.64,1.68,0.17,0.53,0.21,0.56,0.22,0.64,0.36,0.51,0.36,0.90,0.68,0.43,0.39,0.54,0.29,0.82,0.61,0.98,0.77,0.67,0.48,0.36,0.47,0.90,1.17,,0.32,0.82,0.84,,2.07,1.54,0.50,2.08,0.92,1.17,0.82,1.03,0.48,0.30,0.51,0.46,0.64,0.67,0.58,0.88,0.46,1.51,0.64,,0.41,0.56,1.74,0.20,0.53,0.44,1.73,0.50,0.35,0.77,0.01,0.43,0.24,0.70,0.31,0.28,0.86,0.53,0.07,0.09,0.28,2.50,0.28,0.79,0.31,0.32,0.21,0.80,1.51,1.21,0.80,0.78,0.56,0.55,1.28,0.49,1.18,0.68,0.83,0.87,0.22,0.99,0.96,1.06,1.01,0.52,1.11,0.39,0.33,1.11,1.06,0.71,0.73,0.51,1.33,0.48,1.20,0.86,0.61,0.70,0.79,0.32,0.52,0.42,0.87,1.29,0.73,0.63,0.70,1.39,0.91,2.07,0.92,1.23,1.47,0.81,0.93,0.25,0.63,0.68,0.91,0.45,1.01,0.78,0.75,0.88,0.67,0.27,0.28,0.66,0.91,0.68,0.56,1.02,0.53,0.47,0.95,0.72,1.41,1.20,0.41,,1.11,0.40,0.66,0.70,0.65,0.38,0.87,0.40,0.74,0.27,0.41,1.08,0.38,0.43,1.12,0.67,0.55,1.11,1.05,0.57,2.98,0.34,1.07,0.52,0.71,0.44,,0.70,0.92,0.63,0.60,0.32,0.39,0.58,0.39,1.32,0.84,0.98,0.61,1.04,0.43,0.92,0.32,0.56,1.33,0.46,0.47,1.02,1.65,0.57,0.60,0.40,
20150811,1,CO_24h,0.74,1.23,0.60,1.77,0.81,0.69,1.03,0.38,0.59,1.08,0.88,1.26,0.50,0.70,0.60,0.66,0.81,0.59,0.70,0.55,0.49,0.57,0.42,0.47,0.73,0.39,0.66,0.87,0.60,0.65,0.30,0.31,0.34,0.69,0.61,0.80,0.52,0.44,0.64,0.63,0.43,0.72,0.64,0.58,0.44,0.51,0.43,0.96,1.32,0.35,0.82,0.41,0.46,0.96,0.85,0.78,0.75,0.95,0.89,0.66,0.80,0.65,0.79,0.72,1.03,0.93,0.65,1.02,0.54,1.01,0.99,1.26,1.20,0.84,0.69,0.50,1.28,0.90,0.66,1.31,0.76,0.96,0.64,0.84,2.08,1.69,1.69,1.26,0.46,0.62,0.39,0.77,1.62,0.53,0.51,0.71,0.81,0.83,0.85,1.05,0.77,0.65,0.86,0.97,0.96,1.27,1.10,0.89,1.06,1.37,0.66,1.07,1.77,0.89,1.16,1.89,0.99,1.27,0.85,0.71,0.38,0.49,0.39,0.38,1.11,0.57,1.76,1.00,0.55,1.42,0.80,1.21,0.76,0.73,0.62,0.60,1.01,0.95,1.03,0.81,0.51,0.95,0.59,1.58,0.63,0.58,0.95,0.63,0.60,0.92,1.27,0.65,1.62,1.09,0.59,3.29,0.52,0.50,1.27,1.67,0.50,1.64,0.32,0.56,0.38,0.37,0.36,0.60,0.44,0.37,0.25,0.88,0.64,0.38,0.41,0.66,0.38,0.79,0.59,0.97,0.61,0.61,0.43,0.35,0.56,0.71,1.14,,0.39,0.82,0.87,,2.56,1.44,0.57,2.21,0.85,1.28,0.77,0.59,0.38,0.34,0.47,0.54,0.70,0.81,0.47,1.08,0.46,1.44,0.39,,0.40,0.82,1.37,0.31,0.55,0.42,0.92,0.49,0.37,0.85,0.11,0.41,0.28,1.98,0.31,0.25,0.62,0.54,0.15,0.08,0.19,0.33,0.18,0.53,0.33,0.33,0.21,0.78,1.61,0.95,0.75,1.05,0.60,0.74,1.18,0.51,1.19,0.62,0.91,0.86,0.30,0.98,0.80,1.05,0.78,0.51,0.57,0.46,0.35,1.23,1.14,0.73,0.83,0.61,1.35,0.52,1.36,0.84,0.74,0.71,0.53,0.31,0.80,0.37,0.84,1.02,0.66,0.76,0.66,1.06,0.91,1.49,0.92,1.31,1.44,0.75,0.89,0.32,0.75,0.41,0.94,0.51,0.73,1.00,0.67,0.89,0.52,0.20,0.65,0.73,0.61,0.42,0.57,1.02,0.44,0.37,0.68,0.66,0.86,1.17,0.28,0.31,0.97,0.84,0.79,0.56,0.55,0.31,0.91,0.45,0.75,0.46,0.33,0.95,0.42,0.37,1.13,1.23,0.63,1.00,1.03,0.58,2.87,0.46,0.49,0.53,0.96,0.44,,0.72,0.80,0.76,0.63,0.35,0.35,0.60,0.32,2.00,0.86,1.04,0.65,0.73,1.19,1.21,0.15,0.49,1.31,0.43,0.58,1.13,1.61,0.61,0.58,0.45,
20150811,2,AQI,144,194,170,108,56,200,177,53,45,200,149,199,148,62,78,61,95,53,48,34,16,41,40,20,42,21,53,41,31,37,16,29,31,34,26,42,30,34,45,29,27,39,20,45,22,40,23,51,82,31,91,16,26,55,29,41,54,26,29,40,59,42,85,28,83,76,79,77,78,84,78,54,74,53,33,36,90,55,49,57,58,55,17,34,166,136,63,68,49,45,69,62,47,33,58,61,21,32,48,41,46,29,51,24,56,29,36,43,30,73,59,95,48,69,56,51,50,59,53,50,26,39,41,17,24,22,90,134,88,67,61,98,70,37,26,85,67,41,36,59,30,56,60,34,75,76,64,95,82,60,76,58,73,81,56,31,36,63,45,55,68,46,24,25,40,55,59,56,34,26,51,46,43,46,37,40,53,42,26,50,27,25,24,38,54,39,52,,53,29,37,,101,104,36,76,57,52,76,77,116,66,65,51,53,65,50,59,40,55,63,,53,48,24,66,23,35,47,23,55,17,29,31,21,36,24,29,53,26,22,20,15,40,29,24,25,15,20,30,40,32,33,49,27,37,32,16,39,20,37,33,39,95,120,114,97,66,66,53,56,31,50,55,15,42,24,23,32,36,40,23,41,32,28,63,50,40,52,46,52,67,88,65,44,48,65,68,64,34,61,63,49,63,66,84,34,40,58,47,23,23,77,61,52,34,62,50,101,40,100,28,12,27,46,50,61,31,21,58,26,25,50,37,29,52,23,14,49,64,32,35,55,56,51,38,76,61,32,64,,40,54,69,55,41,60,82,20,52,61,24,56,93,60,71,43,49,24,91,440,40,19,23,34,35,
20150811,2,PM2.5,110,146,129,81,10,150,134,33,23,150,114,149,113,30,21,31,71,20,23,24,11,29,28,12,21,2,27,22,8,26,9,9,17,22,16,21,21,24,28,15,13,27,13,21,10,28,15,12,48,12,68,7,18,39,17,19,38,18,18,28,42,24,50,12,61,49,56,49,35,54,34,30,54,13,19,20,60,38,15,38,23,31,12,22,126,104,33,30,15,26,26,42,22,15,22,31,13,18,31,29,28,11,32,14,37,20,24,24,21,43,31,71,26,43,15,27,22,39,35,24,15,19,22,8,17,7,67,102,65,36,44,73,21,23,13,63,28,28,15,37,13,37,41,22,55,56,36,71,45,43,56,31,53,56,25,12,12,40,19,25,39,17,12,12,12,37,26,38,24,17,36,32,16,32,26,23,25,22,2,32,17,17,10,16,18,20,32,,37,18,22,,65,68,18,56,37,31,56,46,58,48,38,31,15,32,19,30,22,18,37,,20,17,15,48,16,18,33,15,39,12,9,16,10,6,15,3,20,14,8,10,5,23,20,15,15,3,13,18,21,19,19,34,19,26,16,7,15,14,25,23,27,71,91,86,60,46,39,34,16,11,33,26,7,18,15,11,13,25,25,15,18,21,19,45,18,23,22,31,33,46,65,47,31,28,34,42,30,16,42,45,34,45,48,62,22,28,27,33,15,14,55,41,15,22,17,35,76,19,75,16,7,14,32,28,44,10,10,13,13,12,35,3,9,28,16,7,34,46,16,20,29,40,19,24,56,44,19,26,,20,22,50,22,28,43,48,10,21,44,16,32,29,35,22,9,34,17,64,98,28,7,4,24,12,
20150811,2,PM2.5_24h,45,117,112,104,20,94,135,21,13,103,79,114,103,32,17,22,49,24,16,16,7,18,16,14,17,12,18,19,18,13,11,8,13,20,17,19,18,20,21,20,12,25,17,17,8,17,17,10,52,12,37,11,16,37,18,17,36,20,16,25,32,32,46,23,53,30,38,41,33,56,31,34,56,30,15,13,45,42,22,32,21,41,16,19,126,70,41,33,19,28,24,25,24,13,29,46,17,21,25,34,25,17,37,20,28,35,29,31,27,35,24,62,27,46,12,62,22,37,26,19,8,20,18,11,17,12,44,63,30,25,40,48,17,25,15,38,17,29,27,33,9,32,29,22,42,37,34,51,37,39,42,39,59,66,37,20,20,42,25,17,24,22,16,16,10,20,22,27,26,17,26,27,12,16,19,15,12,20,3,16,14,15,13,11,15,18,20,,86,19,30,,49,42,28,49,33,51,61,20,36,47,28,27,11,48,12,45,16,14,19,,16,25,11,39,18,21,34,17,41,8,18,16,10,10,13,6,17,14,16,7,13,16,30,13,21,6,14,20,16,14,16,21,20,19,12,8,28,19,26,17,24,50,59,53,38,38,47,36,23,19,25,26,8,21,20,8,12,26,22,17,19,19,18,41,24,18,16,35,42,39,53,54,31,27,29,36,36,12,31,34,32,49,28,48,13,25,18,28,17,20,47,31,15,31,21,25,45,17,45,15,6,9,30,73,49,8,7,16,11,14,22,9,18,61,14,12,31,55,19,22,26,34,16,20,46,39,31,27,,17,19,38,24,36,40,41,14,30,39,31,30,34,23,29,21,25,38,68,79,28,14,13,38,17,
20150811,2,PM10,155,226,204,162,62,248,212,55,45,304,162,205,156,74,105,72,109,56,48,30,6,39,35,17,42,21,56,41,31,36,16,9,31,34,26,42,29,31,45,29,27,35,20,45,22,32,23,25,113,31,123,16,21,56,29,41,47,24,29,40,66,42,120,28,104,102,107,103,105,117,105,57,89,56,33,36,129,60,49,64,65,60,10,34,172,221,75,85,49,45,87,73,47,33,65,71,21,32,48,41,46,29,51,24,61,22,36,43,25,96,67,108,48,87,62,51,50,67,56,50,26,39,41,17,21,,97,189,116,84,65,108,90,37,26,90,84,41,32,67,30,62,69,34,90,89,77,109,114,42,86,66,78,111,62,31,36,75,45,59,85,46,24,25,40,59,67,61,29,26,50,42,43,40,35,40,56,42,26,50,27,25,24,38,57,39,54,,,29,37,,151,158,36,71,63,53,83,103,182,61,79,51,56,79,50,68,40,59,75,,55,48,24,58,23,35,47,23,48,11,15,31,21,36,24,29,56,26,22,20,15,40,22,24,25,15,20,30,40,32,33,46,24,33,32,16,39,16,37,33,39,134,177,104,143,82,82,56,61,31,50,60,15,42,24,23,32,28,40,23,41,32,28,56,50,40,53,46,54,84,96,66,43,48,79,86,78,34,72,61,49,56,78,88,34,40,65,,23,23,103,71,53,34,74,41,109,40,100,28,12,27,40,50,57,31,21,65,26,25,31,26,19,54,,14,48,64,32,35,60,60,51,38,88,,32,77,,40,58,,60,41,56,113,20,53,60,20,61,135,69,91,43,33,,131,540,40,19,15,31,35,
20150811,2,PM10_24h,91,198,200,166,69,181,225,55,48,187,115,157,142,69,66,49,74,47,31,31,12,30,22,20,37,24,32,30,19,24,17,18,23,32,27,34,25,30,34,32,29,33,21,28,14,30,32,23,98,39,69,14,23,52,30,38,51,30,26,34,47,48,102,44,82,63,63,65,91,100,70,69,67,60,24,25,102,70,64,52,48,55,29,37,185,130,83,72,53,62,62,47,53,26,54,82,29,34,39,48,40,28,46,28,49,42,42,69,41,64,47,87,43,81,40,92,45,58,41,42,29,33,31,25,33,21,66,102,59,66,73,77,49,47,28,58,42,49,51,58,19,48,44,39,57,63,68,71,72,44,74,68,87,105,63,40,48,71,51,41,52,47,35,25,29,39,39,48,40,41,44,38,33,24,33,28,39,33,20,31,23,25,19,24,39,41,36,,59,39,49,,104,104,47,68,55,65,99,65,101,83,51,61,60,101,31,65,34,55,37,,39,43,23,52,27,37,52,27,58,17,34,45,16,34,20,33,32,39,27,13,21,29,39,19,45,19,26,30,31,24,27,35,26,39,28,17,45,30,34,28,28,96,104,83,77,64,84,58,53,35,49,51,18,51,31,19,30,41,37,34,33,32,35,59,61,31,32,54,66,73,88,81,48,46,58,62,67,38,52,47,48,81,45,74,27,34,50,32,33,35,76,63,30,43,53,34,93,32,64,24,19,27,34,96,71,23,11,40,22,24,40,39,36,130,24,29,42,82,34,36,52,47,43,33,62,53,42,59,,34,56,45,49,54,59,122,29,50,51,45,50,96,81,77,50,43,206,181,361,67,35,35,49,44,
20150811,2,SO2,4,5,5,69,24,26,14,19,5,8,50,15,19,21,10,10,11,7,4,9,7,13,15,7,26,13,14,12,12,16,9,5,6,9,7,4,6,7,6,2,4,18,12,2,7,7,4,159,20,13,6,9,13,11,8,4,15,5,9,9,8,17,14,9,14,10,18,15,9,8,8,11,4,4,13,56,60,7,8,9,15,16,8,8,14,14,17,21,37,9,7,26,17,8,10,26,13,11,8,14,5,9,9,3,23,8,15,8,8,38,17,38,15,27,16,8,8,9,27,11,11,6,9,20,26,67,20,15,12,16,66,20,9,8,19,24,10,23,8,41,3,11,33,6,15,13,17,17,8,49,11,2,7,3,7,9,9,9,8,6,33,28,8,7,13,6,12,9,30,17,9,34,2,15,17,10,7,10,16,11,7,11,9,8,13,9,31,,3,13,11,,38,47,4,10,33,21,92,9,2,24,12,4,3,4,26,10,9,14,14,,13,6,3,5,3,6,3,14,5,6,15,11,10,8,6,6,25,16,15,7,15,32,12,71,45,5,10,5,10,17,7,6,4,24,11,11,16,6,20,9,66,21,24,10,22,14,25,9,19,3,26,10,4,11,1,3,10,6,3,4,28,14,7,139,42,27,13,24,5,19,26,9,8,12,70,9,12,19,18,33,6,23,14,15,7,2,23,5,11,19,6,75,7,8,34,6,22,13,118,7,7,4,13,11,12,11,12,2,11,16,5,7,6,18,15,4,4,2,14,41,13,10,6,14,5,7,4,6,,12,9,33,12,7,14,26,2,20,3,3,3,3,2,7,13,7,3,8,15,6,6,10,5,2,
20150811,2,SO2_24h,3,8,9,28,24,33,15,18,7,9,24,18,16,18,10,10,12,6,5,8,6,8,13,8,23,34,12,13,11,15,9,6,4,10,8,5,7,6,5,3,4,12,8,3,9,6,7,22,33,15,5,9,10,11,8,5,16,9,8,7,11,20,19,9,13,17,13,12,9,8,17,21,5,7,11,29,38,21,8,10,15,36,11,10,33,40,44,41,25,13,10,31,25,9,21,51,14,9,9,12,5,9,7,6,25,13,11,30,15,34,18,30,7,22,13,15,8,10,19,15,14,7,8,17,14,34,18,10,12,25,36,16,8,9,15,11,8,32,11,31,3,15,27,24,18,15,24,12,7,19,18,5,8,4,8,15,20,11,9,7,24,74,10,9,21,5,29,11,31,20,12,21,24,8,16,10,7,8,17,11,4,10,14,6,9,8,21,,3,15,9,,32,44,9,15,45,16,71,8,3,21,18,4,8,4,23,10,8,12,6,,5,7,5,7,3,7,3,13,4,10,15,12,15,20,6,7,20,14,16,8,16,26,12,69,37,8,11,4,12,12,6,5,5,33,10,11,16,11,14,12,19,23,23,10,15,13,28,13,12,4,24,8,7,15,2,2,14,5,5,6,20,10,9,52,20,20,19,21,7,16,30,9,10,19,75,11,12,23,14,34,15,29,16,22,11,6,23,4,12,25,9,55,9,10,36,8,20,13,41,7,7,9,29,48,21,12,10,20,13,12,5,6,7,26,15,4,6,11,14,10,14,11,7,16,5,11,6,6,,11,9,23,11,6,12,26,2,21,3,6,4,5,4,7,20,5,3,10,24,10,6,9,7,4,
20150811,2,NO2,34,21,36,88,63,53,70,15,41,34,60,71,57,53,54,60,30,49,40,10,14,24,22,8,40,15,19,26,18,16,2,6,22,27,7,20,6,21,15,3,7,21,18,26,14,25,14,31,58,15,54,14,11,42,41,16,33,20,17,40,22,23,41,14,63,73,53,40,49,46,66,32,21,42,18,20,60,14,38,22,46,57,10,20,32,54,27,59,20,21,26,43,29,13,18,20,13,20,25,16,18,5,15,25,44,9,13,17,11,44,26,54,24,44,14,41,26,28,50,32,16,27,16,34,24,18,43,53,36,31,29,26,33,15,9,8,19,10,5,24,17,57,35,25,40,37,48,65,47,26,26,24,35,32,52,20,22,10,8,10,36,37,16,13,42,34,19,35,21,14,11,20,15,17,15,11,13,12,18,22,17,12,14,14,19,18,30,,22,25,16,,76,66,15,4,45,30,17,19,36,18,44,12,6,7,52,34,39,26,39,,21,14,31,14,19,23,3,15,4,8,19,22,26,4,13,12,31,17,12,9,20,45,13,5,36,4,19,18,22,16,14,23,7,10,10,13,9,7,24,6,16,42,60,22,96,23,15,20,30,11,15,35,7,18,2,3,21,8,11,5,16,13,13,21,25,8,14,25,17,20,16,35,15,4,30,36,36,22,31,38,20,18,44,43,39,30,16,13,16,14,20,39,24,32,30,31,28,10,31,12,7,6,40,18,26,12,18,8,8,13,13,4,9,11,2,7,20,24,7,25,27,15,28,19,71,14,7,39,,20,26,55,18,6,10,38,14,6,21,10,17,47,5,31,6,26,2,18,8,14,7,7,12,12,
20150811,2,NO2_24h,37,32,29,48,47,39,46,21,30,51,48,43,45,29,30,41,29,35,27,14,27,25,15,10,21,24,22,26,18,13,4,9,9,30,13,17,13,20,14,8,11,23,18,13,20,27,24,22,43,17,30,13,11,40,32,17,31,17,14,24,20,23,38,20,34,50,28,34,28,34,50,40,35,42,15,17,43,32,16,22,21,35,17,20,47,39,36,42,18,29,19,27,26,7,15,25,14,12,22,15,16,8,17,16,39,17,16,22,15,31,19,25,18,28,19,25,20,29,31,29,15,25,16,34,18,13,24,27,18,32,24,21,27,16,9,6,18,17,9,20,12,42,23,25,29,30,36,29,28,22,21,19,42,26,33,16,31,14,13,15,18,31,20,16,27,20,24,25,18,15,16,23,9,15,19,21,22,21,17,21,16,21,13,11,21,20,52,,19,16,10,,38,41,15,9,30,19,20,15,35,20,28,16,9,8,30,22,25,14,21,,20,17,21,15,16,22,4,15,9,10,15,17,15,7,11,17,17,18,13,9,19,29,19,8,34,12,20,18,25,15,14,20,14,11,9,9,10,6,17,8,15,34,27,23,30,12,11,14,20,10,13,20,10,12,3,3,18,9,17,11,10,13,15,23,15,9,13,23,14,18,22,27,13,8,20,16,21,25,14,23,23,25,19,39,22,25,13,13,29,18,26,19,15,28,28,30,20,13,20,13,9,9,22,19,19,11,16,10,7,14,19,5,12,12,4,6,17,23,7,16,26,23,22,15,41,19,11,20,,21,19,31,17,8,10,40,14,8,12,12,11,32,7,31,9,16,7,10,31,25,10,13,26,19,
20150811,2,O3,65,70,22,10,20,34,29,72,15,66,68,13,37,11,32,22,83,3,7,59,43,43,46,64,13,39,34,36,47,41,48,92,40,25,60,22,62,37,42,44,42,28,45,10,36,21,51,31,11,32,34,30,40,16,32,49,20,17,15,21,23,25,43,35,15,15,11,16,50,17,15,43,41,69,36,30,45,92,47,17,35,36,45,52,90,48,27,9,22,54,24,14,23,31,29,62,40,30,62,29,13,52,33,34,15,42,36,3,45,28,48,47,23,14,19,21,10,11,34,12,30,9,27,45,29,32,28,25,33,50,62,76,21,46,34,79,51,57,116,47,17,13,17,27,8,19,28,37,9,15,37,21,8,14,10,74,109,70,99,95,16,14,27,44,4,18,68,36,35,63,49,7,8,39,50,49,37,38,17,41,45,27,21,46,63,35,19,,46,24,27,,11,30,25,116,11,52,97,39,,91,56,29,27,89,5,17,9,8,1,,4,8,14,22,7,21,26,11,6,21,94,16,18,8,31,22,2,30,26,31,27,19,14,32,41,9,41,18,3,4,44,2,25,17,16,32,29,29,17,30,25,41,33,82,14,49,75,33,32,23,17,26,39,18,22,47,18,37,18,54,37,57,68,32,33,49,3,29,60,43,51,23,18,41,8,20,8,25,34,26,29,45,25,41,45,5,39,15,14,41,15,20,25,2,73,1,12,22,35,49,5,28,5,36,12,3,14,11,27,23,69,119,94,75,32,39,17,64,24,10,26,82,27,70,13,89,46,43,,39,33,20,89,60,96,52,24,94,27,77,59,40,55,69,50,135,63,41,66,62,17,72,101,77,
20150811,2,O3_24h,196,208,159,275,110,130,239,141,136,232,213,124,145,78,154,125,164,102,77,65,65,63,60,64,62,52,56,89,71,58,55,92,65,63,73,64,70,58,72,74,60,59,90,71,92,72,68,57,202,53,96,55,57,183,90,83,138,95,93,178,103,116,125,88,147,154,128,91,132,137,196,135,90,159,53,46,174,177,181,136,138,125,64,72,180,194,136,127,97,119,138,147,132,56,126,276,92,99,92,97,106,125,115,108,100,92,116,82,88,120,115,183,97,98,64,121,131,153,135,115,60,91,78,77,64,60,95,139,99,130,117,109,66,102,66,109,102,98,174,115,61,145,107,69,115,104,193,139,118,83,87,73,85,104,135,117,157,101,128,103,136,218,69,81,86,111,191,122,126,103,126,242,111,64,55,56,52,43,28,55,83,66,52,56,97,62,55,,122,54,100,,84,158,66,107,93,141,113,92,80,131,120,86,48,134,96,112,81,57,101,,97,77,86,65,106,93,66,81,58,82,120,56,66,47,55,30,62,78,45,74,30,26,23,49,72,30,70,60,47,55,77,68,36,51,45,53,80,60,60,64,60,132,112,181,106,99,187,111,84,71,84,119,55,56,36,72,48,68,77,66,84,76,105,91,101,64,88,100,150,130,116,138,95,96,95,141,125,123,153,118,138,138,130,155,71,108,138,103,28,107,33,103,90,78,112,69,102,75,115,73,44,64,73,120,100,56,55,75,56,50,138,138,123,98,65,100,94,157,93,96,83,87,127,126,98,125,107,121,,109,149,153,185,109,157,132,71,116,113,131,103,118,66,108,85,206,99,101,68,90,65,118,135,116,
20150811,2,O3_8h,98,87,61,73,36,73,80,80,36,101,115,60,73,34,64,38,87,11,18,59,29,47,51,59,25,44,42,50,58,49,47,71,53,26,64,34,63,31,53,51,45,27,48,33,46,21,50,31,43,35,57,37,46,29,41,46,31,30,20,45,29,44,49,49,55,25,31,25,90,51,43,60,56,88,44,34,69,73,77,24,53,68,37,32,137,78,47,26,29,58,57,45,34,44,52,81,57,46,66,33,27,66,53,44,37,41,46,14,56,56,67,104,47,38,21,50,37,41,75,22,31,19,39,31,27,38,55,79,63,60,77,84,35,52,40,82,60,62,89,51,32,53,35,32,40,36,86,69,40,30,49,39,22,42,31,95,112,83,109,90,56,25,42,48,20,45,78,75,68,75,77,20,22,47,50,51,42,34,22,45,43,34,33,50,71,38,10,,68,32,54,,40,73,30,109,39,79,106,42,14,108,65,43,29,103,18,41,23,31,30,,17,19,25,22,24,34,28,18,5,20,83,16,24,14,36,25,29,36,30,24,24,20,16,30,49,10,43,21,7,5,45,14,25,19,21,40,37,36,23,35,37,71,51,105,59,65,97,63,40,19,27,45,40,26,25,51,27,49,26,50,52,67,70,44,54,51,20,41,92,75,73,36,30,39,25,82,30,43,67,68,37,66,56,72,50,37,76,41,10,48,14,32,54,19,76,17,35,32,55,51,15,38,34,54,41,13,13,24,26,28,82,120,101,77,41,66,33,68,36,30,49,70,71,92,38,98,51,76,,82,69,75,119,84,128,81,47,100,65,100,75,60,46,69,67,164,73,64,63,60,34,80,96,79,
20150811,2,O3_8h_24h,167,177,125,207,93,117,191,127,119,208,189,106,136,71,138,112,137,85,65,60,45,54,55,59,48,44,49,64,65,52,48,71,59,50,68,56,63,50,64,63,54,49,75,71,66,65,68,48,154,44,89,46,54,113,76,77,103,75,75,138,78,91,112,76,118,116,98,80,124,113,161,120,74,130,50,48,149,148,183,102,146,115,65,53,166,163,112,105,61,103,112,107,100,55,105,196,78,102,80,97,87,111,95,98,81,88,97,52,77,104,109,158,89,83,57,113,116,123,126,101,55,81,70,46,47,46,82,125,90,98,104,99,58,89,55,103,95,91,153,107,55,115,95,55,93,88,131,112,101,60,75,68,76,91,86,110,126,92,120,99,115,128,66,66,69,94,125,103,108,92,95,133,84,56,50,51,44,34,25,47,75,46,43,51,88,52,50,,110,47,90,,59,152,51,101,89,128,111,87,66,120,114,72,44,151,90,104,74,54,90,,90,68,78,56,94,79,53,61,43,70,94,46,56,40,46,27,56,48,38,38,26,24,18,41,64,15,59,59,37,46,69,58,31,37,34,48,68,53,48,56,55,119,99,150,92,89,122,98,72,37,72,106,50,50,33,65,42,61,66,58,62,72,88,69,95,58,74,81,121,114,107,113,83,78,85,126,108,91,117,108,94,119,119,130,56,83,125,89,18,86,25,87,85,62,96,62,91,58,104,69,37,53,60,94,88,44,43,55,51,44,124,130,110,92,46,92,77,136,80,82,71,78,121,123,81,108,94,109,,98,134,133,174,105,148,128,68,113,105,121,99,110,61,98,80,200,86,85,63,75,58,109,122,108,
20150811,2,CO,1.23,1.26,0.49,5.49,0.60,0.85,1.10,0.35,0.62,1.67,0.89,1.76,0.45,0.63,0.75,0.64,0.98,0.58,0.81,0.51,0.35,0.57,0.47,0.33,1.21,0.20,0.70,0.60,0.68,0.81,0.28,0.28,0.33,0.69,0.55,0.75,0.48,0.43,0.65,0.50,0.41,0.73,0.60,0.60,0.35,0.57,0.37,0.68,0.92,0.27,0.99,0.44,0.40,1.03,0.90,0.74,0.82,0.97,0.92,0.77,0.73,0.65,0.84,0.52,1.23,1.16,0.92,1.28,0.93,0.91,0.90,0.81,1.21,0.50,0.70,0.47,2.26,0.78,0.66,1.51,0.68,0.68,0.56,0.47,1.88,2.15,1.24,1.25,0.31,0.49,0.33,0.63,1.22,0.47,0.54,0.52,0.76,0.82,0.89,1.02,0.76,0.54,0.78,0.84,1.06,0.84,0.93,0.93,0.77,1.36,0.54,1.48,2.16,0.65,1.19,1.24,0.98,1.07,0.82,0.64,0.36,0.43,0.40,0.23,1.80,0.52,2.01,1.84,0.81,1.70,0.87,1.50,0.85,0.74,0.53,0.00,1.07,0.87,0.85,0.77,0.59,1.02,0.76,1.26,1.06,1.08,1.06,0.86,0.76,1.14,1.21,0.62,1.56,1.00,0.55,2.92,0.29,0.34,1.24,2.00,0.61,1.54,0.20,0.53,0.25,0.56,0.22,0.67,0.37,0.70,0.39,0.84,0.63,0.41,0.38,0.48,0.30,0.79,0.55,1.00,0.69,0.44,0.39,0.40,0.43,0.83,1.10,,0.55,0.86,0.86,,2.23,1.51,0.50,2.10,0.82,1.22,0.85,0.92,0.28,0.31,0.42,0.46,0.61,0.74,0.61,0.89,0.46,1.42,0.68,,0.56,0.58,1.79,0.17,0.52,0.43,1.25,0.51,0.34,0.77,,0.30,0.24,0.55,0.33,0.37,1.13,0.58,0.07,0.10,0.28,2.22,0.28,0.80,0.30,0.34,0.19,0.69,1.69,1.19,0.78,0.82,0.49,0.58,1.34,0.50,1.18,0.64,0.99,0.80,0.30,1.14,1.15,1.07,1.08,0.55,1.01,0.43,0.35,1.18,1.14,0.76,0.71,0.51,1.31,0.48,1.13,0.82,0.81,0.68,0.68,0.29,0.63,0.45,0.87,1.13,0.63,0.71,0.66,1.46,0.87,1.76,0.95,1.20,1.23,0.81,0.84,0.24,0.79,0.75,0.87,0.44,0.98,0.77,0.70,0.83,0.66,0.20,0.40,0.61,0.86,0.74,0.49,1.09,0.43,0.45,0.96,0.67,1.56,1.30,0.41,,1.14,0.40,0.62,0.63,0.61,0.38,0.77,0.40,0.67,0.25,0.38,1.00,0.40,0.42,1.14,0.68,0.53,1.08,1.10,0.55,2.92,0.26,1.06,0.42,0.75,0.44,,0.76,0.79,1.28,0.60,0.32,0.36,0.54,0.35,2.24,1.02,0.94,0.59,0.66,0.23,0.83,0.29,0.79,1.27,0.50,0.25,0.99,1.56,0.53,0.43,0.35,
20150811,2,CO_24h,0.75,1.24,0.60,1.94,0.79,0.70,1.03,0.38,0.59,1.10,0.88,1.27,0.50,0.70,0.60,0.66,0.82,0.60,0.71,0.55,0.49,0.58,0.42,0.47,0.75,0.37,0.66,0.85,0.61,0.66,0.30,0.31,0.34,0.69,0.61,0.81,0.52,0.45,0.64,0.63,0.43,0.73,0.64,0.58,0.44,0.52,0.42,0.95,1.32,0.35,0.83,0.42,0.46,0.96,0.86,0.79,0.75,0.96,0.90,0.66,0.79,0.66,0.78,0.72,1.04,0.95,0.66,1.04,0.55,1.00,1.00,1.25,1.19,0.83,0.69,0.51,1.33,0.91,0.65,1.33,0.72,0.91,0.64,0.83,2.07,1.71,1.67,1.25,0.46,0.62,0.39,0.76,1.60,0.53,0.51,0.70,0.81,0.83,0.86,1.05,0.78,0.64,0.86,0.98,0.97,1.25,1.10,0.90,1.06,1.38,0.66,1.09,1.78,0.88,1.17,1.84,0.97,1.25,0.83,0.72,0.39,0.48,0.39,0.38,1.15,0.57,1.77,1.03,0.57,1.42,0.80,1.23,0.76,0.74,0.62,0.55,1.01,0.94,1.03,0.81,0.51,0.96,0.60,1.55,0.66,0.61,0.95,0.64,0.61,0.94,1.27,0.64,1.62,1.10,0.58,3.28,0.51,0.48,1.27,1.70,0.51,1.64,0.32,0.56,0.38,0.38,0.35,0.61,0.44,0.39,0.26,0.88,0.64,0.39,0.41,0.64,0.39,0.79,0.59,0.98,0.62,0.60,0.44,0.36,0.56,0.73,1.16,,0.39,0.82,0.88,,2.55,1.44,0.56,2.22,0.85,1.29,0.77,0.61,0.39,0.34,0.47,0.53,0.69,0.80,0.48,1.04,0.45,1.44,0.42,,0.41,0.81,1.40,0.30,0.55,0.42,0.94,0.49,0.38,0.85,0.10,0.41,0.28,1.88,0.31,0.25,0.65,0.54,0.15,0.09,0.19,0.38,0.20,0.53,0.33,0.34,0.21,0.77,1.63,0.96,0.75,1.05,0.61,0.74,1.19,0.51,1.19,0.62,0.90,0.86,0.30,1.01,0.81,1.05,0.80,0.51,0.59,0.45,0.35,1.24,1.14,0.73,0.83,0.61,1.35,0.52,1.36,0.84,0.74,0.71,0.54,0.31,0.79,0.37,0.84,1.03,0.67,0.76,0.67,1.08,0.91,1.49,0.92,1.31,1.40,0.76,0.88,0.32,0.75,0.43,0.95,0.51,0.74,1.00,0.67,0.89,0.53,0.20,0.65,0.73,0.63,0.44,0.57,1.03,0.45,0.36,0.69,0.66,0.88,1.18,0.28,0.28,0.98,0.83,0.79,0.57,0.55,0.31,0.90,0.45,0.75,0.45,0.34,0.95,0.42,0.37,1.12,1.21,0.63,1.00,1.02,0.58,2.87,0.46,0.49,0.53,0.96,0.44,,0.72,0.80,0.79,0.63,0.35,0.35,0.60,0.32,1.99,0.85,1.04,0.65,0.74,1.14,1.19,0.14,0.51,1.30,0.39,0.40,1.12,1.61,0.61,0.58,0.45,
20150811,3,AQI,154,199,171,116,56,210,184,51,51,193,123,144,144,68,73,61,104,52,53,30,13,41,40,21,44,18,43,34,32,38,15,26,34,33,26,42,29,30,36,28,28,37,22,42,23,41,26,60,71,37,111,20,24,55,30,35,53,27,28,37,58,40,91,27,85,74,77,68,74,78,73,51,86,45,34,39,90,49,64,54,60,46,16,33,163,151,63,71,35,54,68,60,47,31,65,59,24,33,44,46,48,26,49,30,41,27,33,46,30,65,62,103,53,70,47,51,52,60,55,40,26,33,30,21,33,10,89,141,93,71,66,99,55,38,30,75,42,41,29,59,25,63,59,34,80,75,74,90,83,60,76,58,74,79,54,30,33,62,43,51,64,50,28,21,27,61,40,61,33,45,54,39,42,41,34,37,51,40,9,50,20,19,11,35,47,34,54,,51,30,50,,92,91,36,80,55,55,94,60,88,66,59,41,60,97,50,58,34,54,62,,57,55,21,66,24,34,54,40,51,13,30,23,15,37,23,32,51,37,22,17,16,37,34,25,30,23,26,26,36,36,31,47,30,41,29,14,41,16,46,34,46,96,136,129,99,89,67,50,52,33,53,55,13,44,31,23,34,30,32,23,43,37,29,78,66,38,48,50,47,66,95,63,58,37,57,68,62,32,59,63,54,52,63,84,28,41,60,54,37,23,73,67,38,35,57,44,94,42,106,41,14,24,52,53,56,24,14,58,24,23,49,37,31,38,12,13,51,64,31,35,56,59,52,36,74,56,32,64,,39,51,70,54,53,64,96,17,39,68,23,52,73,61,59,31,54,17,86,405,43,22,29,32,28,
20150811,3,PM2.5,118,149,130,88,11,160,139,29,20,145,93,110,110,34,19,31,78,20,24,21,7,29,28,12,20,4,27,4,19,20,9,6,23,21,16,22,20,21,25,16,11,26,15,23,11,29,13,12,44,11,84,14,17,39,18,20,37,19,19,26,41,28,54,12,63,49,53,49,37,48,30,27,64,15,18,20,62,34,32,32,30,30,11,17,124,116,35,35,14,27,31,33,22,18,25,34,13,15,31,28,30,14,34,15,29,19,23,22,21,41,29,77,28,39,14,27,23,42,38,17,10,17,21,6,18,7,66,108,69,34,44,74,23,20,14,55,24,29,13,36,10,45,41,21,59,55,42,67,41,43,56,32,54,55,26,2,22,43,13,35,37,17,15,9,14,32,24,39,23,25,38,27,16,24,22,25,28,19,3,27,14,13,6,15,18,17,34,,36,17,24,,61,62,19,59,38,35,70,35,57,48,35,29,15,38,20,29,21,22,38,,22,20,14,48,15,16,38,17,36,7,7,16,9,4,16,5,24,16,9,8,3,18,24,13,16,3,8,18,23,19,17,27,21,29,14,8,21,11,32,23,30,71,104,98,74,66,40,32,16,14,37,27,7,22,21,5,16,21,22,16,21,17,12,57,28,23,21,30,33,48,71,45,41,21,33,43,34,14,40,45,38,36,45,62,15,28,27,38,15,15,53,41,14,22,19,31,70,16,80,17,5,12,33,21,40,8,10,12,13,16,34,1,6,20,4,6,29,46,15,21,21,42,22,22,54,40,19,27,,21,20,51,23,37,46,52,8,24,49,15,31,22,25,22,11,38,12,53,104,30,5,7,21,8,
20150811,3,PM2.5_24h,47,118,113,102,18,98,134,21,13,103,80,112,103,31,17,23,52,24,17,17,7,19,17,14,17,12,18,19,18,14,11,8,14,21,17,19,19,20,22,20,12,26,17,18,8,18,17,10,52,12,39,11,17,37,18,17,36,20,17,25,33,32,45,22,53,31,39,42,32,55,31,34,55,28,15,13,46,42,22,33,19,37,16,19,125,73,41,32,19,27,25,26,24,13,29,44,17,20,26,34,25,17,36,19,28,34,29,31,27,35,23,63,27,44,12,58,21,37,25,20,9,20,19,11,17,11,45,67,32,26,41,49,18,25,15,39,17,29,27,33,9,32,30,21,42,38,34,52,37,39,43,38,59,66,35,20,20,41,25,18,26,22,16,16,11,21,22,28,26,17,27,27,13,16,19,16,13,20,3,16,14,15,12,12,15,18,21,,86,19,30,,50,43,27,49,33,51,62,21,37,47,28,27,11,46,12,42,17,15,20,,17,24,12,40,18,21,34,17,41,7,18,17,10,10,13,5,17,14,15,7,12,17,30,13,21,6,14,20,16,14,16,22,21,19,12,8,28,19,26,18,24,51,61,55,39,39,47,36,22,19,26,27,8,21,20,8,13,26,22,17,19,19,18,42,24,18,16,34,42,39,53,54,32,27,29,36,35,12,32,35,32,48,29,49,13,26,19,28,17,21,48,32,15,31,21,25,46,17,47,15,7,9,31,72,49,8,6,16,11,14,22,8,18,59,14,12,30,55,19,23,25,35,15,21,46,39,30,27,,17,19,38,24,36,40,42,14,30,38,30,30,34,24,29,21,26,38,64,81,27,14,12,37,17,
20150811,3,PM10,147,225,218,170,61,269,243,51,52,249,135,192,162,85,96,71,120,54,55,27,4,40,34,21,44,17,43,34,32,38,14,8,34,33,26,42,28,,30,28,28,30,22,42,23,38,26,32,92,37,129,17,18,53,30,35,47,25,28,34,64,40,132,27,103,97,103,82,97,106,96,51,113,45,34,39,130,45,78,58,70,46,12,33,168,219,75,91,35,58,86,69,47,31,80,68,24,33,44,46,48,26,48,30,39,25,31,46,30,79,73,109,56,90,47,52,53,69,59,40,26,33,30,21,33,4,101,177,110,91,81,114,60,38,30,71,42,39,29,68,25,65,68,34,94,92,98,105,116,46,100,66,78,108,57,28,29,73,43,51,77,50,28,21,27,71,40,72,30,45,51,39,42,41,34,37,51,40,9,50,17,16,11,35,47,34,58,,,30,50,,133,132,36,73,60,60,85,69,125,73,67,40,69,144,50,65,34,57,74,,64,59,21,55,24,34,48,40,47,13,10,3,15,37,23,32,52,37,22,17,16,37,34,25,30,23,26,24,36,36,31,47,25,34,29,14,41,16,38,34,46,141,201,108,146,80,83,50,54,33,43,59,13,44,31,23,34,28,32,22,43,37,29,72,81,38,48,50,46,80,106,64,46,37,64,85,74,32,68,60,54,53,76,87,28,41,70,,37,23,91,83,38,35,63,36,101,42,105,41,14,24,53,55,55,24,14,65,24,18,24,24,20,38,,13,52,62,31,35,62,63,53,36,73,,32,78,,39,52,,57,41,62,142,17,39,86,22,53,96,72,67,31,39,,122,505,38,22,29,22,23,
20150811,3,PM10_24h,91,196,200,164,67,187,224,55,48,187,115,157,142,68,66,50,76,47,33,31,12,31,22,21,37,23,33,30,19,24,17,17,23,33,27,34,25,31,34,32,30,34,21,29,15,31,32,23,99,39,71,15,24,52,30,38,51,30,27,34,48,48,101,43,84,65,66,67,89,100,72,70,66,57,25,26,101,69,62,53,44,52,29,37,183,135,82,73,52,62,64,48,53,26,56,82,28,34,39,48,40,27,45,28,50,41,41,67,41,65,48,88,44,80,41,85,45,58,40,42,29,32,31,25,33,22,68,105,61,68,73,77,50,48,29,59,42,48,51,58,20,49,46,38,59,65,69,73,74,45,75,65,86,105,62,40,48,70,50,41,54,47,35,25,29,40,38,50,40,42,45,38,34,25,34,28,39,34,19,32,23,25,18,24,39,40,38,,58,38,49,,106,105,46,68,55,65,99,65,105,83,52,61,58,100,32,64,34,53,40,,40,44,23,52,26,37,52,26,58,17,33,44,17,34,20,33,33,39,27,13,20,29,39,20,44,19,25,30,32,25,27,36,27,38,29,17,45,29,34,28,30,99,107,84,81,65,84,58,53,35,49,52,18,52,31,20,31,41,37,33,34,33,35,60,61,32,33,54,65,72,88,79,49,45,57,63,67,38,53,48,48,80,47,76,27,35,51,32,34,35,78,65,31,44,53,34,95,32,66,25,18,26,36,94,72,23,11,42,22,23,40,38,35,128,23,29,42,82,34,37,51,46,43,33,63,53,42,60,,34,55,45,50,54,60,126,28,49,50,45,50,97,81,77,49,42,216,175,372,65,34,35,47,44,
20150811,3,SO2,3,5,5,68,24,39,13,18,5,7,57,17,20,23,8,11,10,6,4,9,6,15,15,7,25,13,14,11,13,15,9,5,9,9,8,5,6,6,5,1,3,23,16,3,5,7,6,217,21,18,6,39,12,11,8,4,17,5,13,10,8,16,14,6,13,10,15,20,11,8,8,10,4,3,14,72,33,6,9,8,19,23,8,8,16,18,16,32,38,10,8,36,15,8,9,36,19,7,8,16,5,8,11,3,16,9,14,9,9,32,20,46,15,23,16,8,8,8,20,11,11,6,9,16,33,9,18,18,13,15,44,18,9,9,20,16,8,27,8,46,3,13,30,6,17,31,22,20,8,15,10,2,7,3,7,9,9,9,7,5,31,29,7,8,11,6,12,6,31,17,9,33,2,15,17,10,6,10,16,11,8,8,7,10,13,6,39,,3,12,10,,39,65,3,17,38,32,113,19,2,15,21,3,4,4,21,9,8,13,42,,7,30,3,5,3,5,2,12,5,5,15,11,9,8,6,7,33,13,13,7,12,35,16,70,40,7,16,5,10,18,6,6,4,24,11,11,15,6,20,10,74,21,30,13,38,16,35,11,19,3,22,10,3,14,1,3,10,7,3,8,36,12,6,72,25,27,13,33,5,17,55,10,9,15,82,16,16,17,14,33,7,25,15,19,10,2,22,5,10,14,7,68,7,5,36,6,20,15,112,6,7,3,11,11,11,11,6,2,11,15,5,6,7,19,15,3,4,3,11,47,12,10,7,13,4,7,4,7,,13,6,16,12,8,15,25,2,20,5,3,3,4,2,5,13,10,3,10,14,6,6,9,5,2,
20150811,3,SO2_24h,3,8,9,30,24,33,15,18,6,9,26,18,16,18,10,10,12,6,4,8,6,8,13,8,23,33,12,13,11,15,9,6,4,10,8,5,7,6,5,3,4,12,8,3,8,6,7,22,34,15,5,9,10,10,8,5,16,9,8,7,11,20,18,8,13,17,13,13,9,8,17,21,5,6,11,31,37,21,8,10,14,36,11,10,32,39,40,41,26,13,10,31,24,9,21,62,14,7,9,13,5,9,7,6,24,13,11,28,15,33,18,31,8,23,13,14,7,10,19,15,14,7,8,17,15,33,19,11,13,24,37,16,8,9,15,11,8,32,11,31,3,15,28,22,18,16,25,12,7,19,18,5,8,4,8,15,19,11,9,7,24,73,9,9,21,6,29,11,32,20,12,22,22,8,16,10,6,8,17,11,5,9,14,7,8,8,22,,3,15,9,,32,44,9,15,45,16,73,9,3,20,18,4,8,4,21,10,8,12,8,,5,8,5,7,3,7,3,12,5,10,15,12,14,19,6,7,21,14,16,8,15,27,12,69,37,8,12,4,13,12,6,5,5,33,11,11,16,11,14,13,22,23,23,10,15,13,28,13,13,4,23,8,7,15,2,2,14,5,5,6,21,9,9,53,20,21,20,22,6,16,31,10,9,20,74,11,12,22,14,34,15,28,16,23,11,6,23,4,12,25,9,57,9,10,36,8,18,13,43,7,7,9,28,48,20,12,10,19,13,12,5,6,7,26,15,4,6,10,14,11,14,11,7,16,5,11,6,6,,11,9,23,11,6,12,26,2,21,3,6,4,5,4,7,20,6,3,10,23,9,6,9,7,4,
20150811,3,NO2,32,25,46,87,61,48,78,11,37,30,51,67,57,60,49,51,26,48,37,9,12,25,18,8,40,11,23,17,20,8,3,6,27,22,7,16,7,24,16,2,8,18,19,24,16,25,20,22,54,23,53,11,8,35,33,15,32,18,13,44,21,24,49,15,58,61,49,38,51,40,69,33,21,19,19,22,52,14,51,16,44,59,9,21,42,52,38,55,21,41,27,45,27,15,16,17,14,16,24,15,22,2,14,18,22,13,13,19,10,43,18,55,19,42,17,46,24,28,56,30,11,26,14,35,25,10,43,45,40,27,30,18,28,16,10,7,18,9,5,26,12,54,32,23,39,33,50,62,45,27,17,28,38,30,43,24,19,16,12,10,33,31,14,13,38,32,18,36,18,16,11,20,16,18,11,12,12,9,17,24,10,13,8,14,19,18,32,,20,24,18,,69,56,16,6,45,24,17,20,31,18,35,15,7,6,43,30,36,27,47,,23,19,30,15,19,17,3,14,5,7,19,22,27,3,12,15,28,16,17,7,27,34,12,6,39,4,19,18,24,15,10,17,8,9,11,9,8,7,23,4,20,37,66,22,101,21,15,23,37,13,15,31,7,18,4,3,17,13,14,7,19,14,11,20,25,9,12,21,16,19,21,32,16,6,27,35,37,20,35,38,22,35,36,40,29,27,14,11,18,14,17,41,19,31,28,26,29,9,33,11,8,5,34,22,22,11,7,8,9,11,9,3,7,10,2,6,16,20,5,24,23,15,37,15,54,17,5,35,,24,16,16,17,7,12,36,19,5,21,10,10,38,8,25,4,22,7,27,9,10,6,5,11,7,
20150811,3,NO2_24h,35,31,29,50,47,38,48,21,30,51,48,43,45,30,30,41,29,36,28,14,26,25,15,10,22,23,23,26,18,13,4,9,10,30,13,17,13,20,14,8,11,23,18,14,20,27,24,23,44,18,31,13,12,40,32,18,31,17,14,24,20,23,37,19,36,51,30,35,28,34,51,40,32,39,15,17,43,32,18,22,22,35,17,20,44,39,35,43,17,30,19,28,27,7,15,27,13,13,22,16,16,8,17,17,39,17,15,21,15,31,19,25,18,28,19,26,20,29,31,30,15,25,16,33,18,13,25,27,19,31,25,21,27,16,9,6,19,16,9,20,12,43,24,25,30,31,36,31,29,23,21,19,40,26,32,16,29,15,13,15,19,31,19,15,28,20,23,26,17,15,16,23,9,15,19,21,21,21,17,21,16,21,12,11,21,20,53,,19,16,10,,39,41,15,9,30,19,20,15,36,20,28,16,9,8,31,22,25,14,23,,20,17,22,15,16,21,4,15,9,10,15,17,15,7,11,17,18,18,14,9,19,30,19,8,34,12,20,18,26,15,14,20,15,11,9,9,10,6,17,8,15,33,28,23,34,12,12,15,21,10,13,21,10,13,3,3,18,10,16,11,10,13,15,23,15,9,14,23,14,18,21,27,13,9,20,17,21,25,16,24,22,25,20,39,22,25,13,13,28,18,26,21,15,28,28,30,21,13,21,13,9,9,23,19,19,12,16,10,8,14,19,5,12,11,4,6,16,23,7,16,26,23,22,15,42,19,11,21,,21,19,30,17,8,9,40,14,8,11,11,12,33,8,30,9,17,7,9,28,24,10,13,25,19,
20150811,3,O3,64,53,8,8,16,31,15,69,13,55,62,9,35,7,35,27,92,3,5,58,43,40,51,63,11,57,26,36,36,43,49,83,33,32,57,18,62,33,45,44,41,35,43,6,58,19,44,41,10,18,30,31,39,23,38,54,21,16,19,15,25,20,30,32,12,21,12,13,45,16,12,35,42,99,32,25,46,94,30,23,29,31,50,26,79,38,19,7,20,27,20,11,23,26,32,48,35,29,54,29,5,73,33,27,48,32,33,4,41,25,53,37,27,13,15,17,8,8,19,13,31,12,27,34,36,20,24,31,27,54,58,66,23,42,33,77,48,53,86,43,21,13,19,26,6,22,20,33,7,,38,18,5,9,16,53,107,62,95,95,13,10,31,43,4,17,61,25,35,48,43,5,5,37,52,44,38,41,17,36,50,21,25,47,62,44,18,,50,22,23,,10,40,23,115,12,56,87,38,1,81,57,18,27,89,6,13,10,7,1,,2,8,11,26,5,23,22,10,3,16,97,15,18,5,29,20,2,32,24,27,22,19,13,32,34,7,42,21,4,4,46,4,29,17,15,42,33,29,14,46,20,47,27,71,13,47,64,27,14,15,13,27,35,19,22,43,24,30,11,53,32,53,59,34,30,51,4,28,47,39,47,21,15,36,9,13,5,24,27,18,21,17,26,36,47,5,35,11,13,43,11,13,24,2,72,4,12,21,31,47,4,26,7,26,11,4,11,12,22,23,69,117,99,70,37,42,25,60,26,7,26,81,5,61,21,80,45,45,,29,38,53,85,53,98,53,14,92,33,73,69,49,50,72,43,136,39,33,68,71,13,69,101,90,
20150811,3,O3_24h,196,208,159,275,110,130,239,141,136,232,213,124,145,78,154,125,164,102,77,65,66,63,60,64,62,57,56,89,71,58,56,92,65,63,73,64,70,58,72,74,60,59,90,71,92,72,67,57,202,53,96,55,57,183,90,83,138,95,93,178,118,116,125,88,147,154,128,91,132,137,196,135,90,158,53,46,174,177,159,136,124,125,64,72,180,194,136,127,97,119,138,147,132,56,126,333,92,102,92,97,106,125,115,108,100,90,116,82,88,120,115,183,97,98,64,120,131,153,135,115,60,91,78,77,64,60,95,139,99,130,117,109,66,102,66,109,102,98,174,115,61,145,107,69,115,104,193,139,118,83,87,73,85,104,135,117,157,101,128,103,136,218,69,81,86,111,191,122,126,103,126,242,111,64,55,56,52,45,28,55,83,66,52,56,97,62,54,,122,54,100,,84,158,66,108,93,141,113,92,80,131,120,86,48,134,96,112,81,57,101,,97,77,86,65,106,93,66,81,58,82,120,56,66,47,55,30,62,78,45,74,30,26,23,49,72,30,70,58,47,55,77,68,36,51,45,53,80,60,60,64,60,132,112,181,106,99,187,111,84,71,84,119,55,56,36,72,48,68,77,66,84,76,105,91,101,64,88,100,150,130,116,138,95,96,95,141,125,123,153,118,138,138,130,155,71,108,138,103,28,107,33,103,90,78,112,69,102,75,115,73,44,64,73,120,100,56,55,75,56,50,138,138,123,98,65,100,94,157,93,96,83,87,127,126,98,125,106,121,,109,149,153,185,109,157,132,71,116,113,131,103,118,66,108,85,206,99,101,69,90,65,118,135,116,
20150811,3,O3_8h,87,81,49,60,29,61,62,75,25,86,104,48,60,27,54,28,83,8,13,59,31,46,51,60,21,45,39,48,54,47,48,73,49,26,63,31,63,30,51,50,44,27,46,26,48,19,47,31,30,33,50,36,45,26,38,44,25,25,17,38,27,38,40,44,40,18,24,17,82,41,32,49,52,89,41,33,59,70,66,20,45,58,38,30,125,64,40,17,26,51,44,36,30,41,46,68,52,42,64,31,21,66,47,39,33,39,43,11,50,45,61,87,42,29,17,39,26,29,62,16,28,15,35,32,29,35,48,68,54,56,71,79,34,47,39,79,55,58,88,46,29,40,26,27,29,30,68,57,30,23,44,33,15,31,25,88,110,81,106,90,44,19,39,47,16,39,75,64,60,70,69,15,16,45,49,50,42,34,21,44,41,28,30,49,67,38,11,,63,28,46,,34,59,27,110,29,72,104,37,7,102,59,36,28,99,10,30,17,25,22,,9,13,22,22,18,30,26,16,5,18,84,15,23,10,34,25,22,34,28,24,24,19,15,30,46,10,42,19,4,3,44,9,26,19,19,40,35,33,21,34,33,62,43,96,49,60,86,53,31,18,23,40,39,23,24,49,25,45,22,51,49,65,68,41,48,50,12,37,81,66,66,30,23,36,18,67,20,36,55,57,32,53,47,62,49,27,67,32,9,44,14,26,47,13,74,11,28,28,47,50,10,34,26,48,33,8,11,20,21,27,76,118,101,75,40,60,28,64,32,24,43,71,56,84,32,92,49,67,,73,56,66,108,77,123,72,40,97,57,96,73,53,45,65,62,157,68,57,64,58,31,75,92,76,
20150811,3,O3_8h_24h,167,177,125,207,93,117,191,127,119,208,189,106,136,71,138,112,137,85,65,60,45,54,55,60,48,45,49,64,65,52,49,73,59,50,68,56,63,50,64,63,54,49,75,70,66,65,68,48,154,44,89,46,54,113,76,76,103,75,75,138,77,91,112,76,118,116,98,80,124,113,161,120,74,129,49,46,149,148,179,102,138,115,65,53,166,163,112,105,61,103,112,107,100,54,105,224,78,98,78,93,87,108,95,98,81,86,97,52,77,104,109,158,89,83,57,110,116,123,126,101,55,81,70,46,47,46,82,125,90,98,104,99,58,89,53,103,95,91,151,107,55,115,95,55,93,88,131,112,101,60,75,68,76,91,86,110,126,91,120,99,115,128,66,66,69,94,125,103,108,92,95,133,84,56,50,51,44,34,25,47,75,46,43,51,88,52,49,,110,47,90,,59,152,51,102,89,128,109,87,66,120,114,72,44,147,90,104,74,54,90,,90,68,78,56,94,79,51,61,43,70,94,46,51,40,46,27,56,48,38,38,26,23,18,41,64,15,59,58,37,46,69,58,31,37,34,48,68,53,48,56,55,119,99,150,92,89,122,98,72,37,72,106,50,50,33,65,42,61,66,57,62,72,88,69,95,58,74,80,121,114,107,113,83,78,85,126,108,91,117,108,94,119,119,130,57,83,125,89,18,86,25,87,85,62,96,62,91,58,104,69,37,53,60,94,88,44,43,55,51,44,124,130,110,92,46,92,77,136,80,82,71,78,121,123,81,108,94,109,,98,134,133,174,105,148,128,68,113,105,121,98,110,61,98,80,198,86,85,65,75,58,109,122,108,
20150811,3,CO,1.31,1.15,0.54,5.05,0.66,0.89,1.10,0.32,0.58,1.72,0.76,1.49,0.44,0.67,0.73,0.63,1.00,0.57,0.83,0.52,0.46,0.55,0.49,0.31,1.19,0.12,0.76,0.63,0.70,0.64,0.28,0.27,0.36,0.64,0.55,0.78,0.48,0.39,0.61,0.48,0.41,0.72,0.59,0.65,0.35,0.58,0.38,1.73,0.93,0.59,1.03,0.33,0.38,0.96,0.86,0.74,0.79,0.98,0.90,0.76,0.69,0.65,0.85,0.49,1.24,1.06,0.88,1.28,0.80,0.86,0.83,0.93,1.33,0.39,0.72,0.47,1.39,0.62,1.27,1.34,0.69,0.72,0.52,0.54,1.76,1.64,1.21,1.58,0.35,0.58,0.32,0.72,1.21,0.47,0.53,0.50,0.77,0.66,0.88,1.01,0.83,0.49,0.77,0.80,0.75,0.86,0.91,0.92,0.78,1.36,0.55,1.62,1.93,0.67,1.22,1.31,0.99,1.15,0.87,0.59,0.35,0.41,0.40,0.28,1.73,0.32,2.03,1.98,0.81,1.56,0.88,1.41,0.83,0.75,0.55,0.00,1.06,0.87,0.88,0.79,0.53,0.99,0.75,1.24,1.12,0.93,1.05,0.89,0.71,1.02,0.97,0.63,1.59,0.98,0.50,3.04,0.29,0.37,1.25,1.51,0.64,1.52,0.20,0.53,0.17,0.48,0.19,0.66,0.31,0.87,0.39,0.82,0.67,0.40,0.38,0.51,0.34,0.78,0.49,1.03,0.66,0.37,0.37,0.38,0.43,0.78,1.21,,0.62,0.84,0.89,,2.24,1.60,0.57,2.15,0.82,1.30,0.88,0.56,0.15,0.30,0.43,0.44,0.66,0.72,0.57,0.96,0.45,1.45,0.56,,0.67,0.60,1.65,0.20,0.50,0.47,0.97,0.50,0.37,0.78,,0.28,0.22,0.54,0.39,0.40,1.34,0.54,0.07,0.09,0.28,0.47,0.33,0.80,0.31,0.36,0.17,0.67,1.84,1.08,0.68,0.73,0.50,0.56,1.30,0.49,1.15,0.73,1.05,0.77,0.45,1.34,1.41,1.13,1.16,0.57,1.01,0.49,0.44,1.34,1.14,0.76,0.70,0.53,1.33,0.47,1.00,0.88,0.71,0.70,0.62,0.24,0.62,0.44,0.88,1.08,0.65,0.70,0.70,1.04,1.16,1.34,0.98,1.20,1.64,0.82,0.88,0.21,0.72,0.74,0.94,0.49,0.95,0.79,0.65,0.82,0.65,0.18,0.42,0.63,0.53,0.63,0.45,1.12,0.34,0.37,0.93,0.65,1.55,1.30,0.25,,0.92,0.40,0.57,0.59,0.42,0.34,0.76,0.34,0.65,0.22,0.33,0.83,0.38,0.37,1.09,0.69,0.53,1.11,1.05,0.54,2.94,0.18,0.92,0.44,0.70,0.41,,0.84,0.74,0.46,0.60,0.28,0.36,0.51,0.38,2.03,1.03,0.93,0.58,0.59,0.29,0.78,0.25,0.71,1.23,0.65,0.21,1.02,1.51,0.56,0.44,0.29,
20150811,3,CO_24h,0.76,1.24,0.60,2.09,0.76,0.72,1.03,0.39,0.59,1.12,0.88,1.28,0.49,0.69,0.60,0.65,0.84,0.60,0.72,0.55,0.49,0.58,0.43,0.46,0.77,0.36,0.66,0.82,0.62,0.67,0.30,0.31,0.34,0.70,0.61,0.81,0.52,0.45,0.65,0.64,0.43,0.74,0.65,0.59,0.43,0.53,0.42,0.95,1.33,0.36,0.84,0.42,0.47,0.96,0.86,0.78,0.76,0.97,0.90,0.67,0.78,0.67,0.78,0.71,1.06,0.96,0.68,1.06,0.55,0.99,1.00,1.25,1.19,0.79,0.70,0.51,1.34,0.90,0.67,1.34,0.68,0.85,0.64,0.81,2.05,1.71,1.64,1.26,0.46,0.62,0.40,0.76,1.58,0.53,0.52,0.68,0.80,0.77,0.86,1.06,0.78,0.64,0.86,0.99,0.97,1.23,1.09,0.90,1.06,1.39,0.65,1.11,1.78,0.87,1.17,1.74,0.96,1.23,0.80,0.72,0.39,0.48,0.39,0.38,1.18,0.57,1.78,1.07,0.58,1.42,0.81,1.26,0.77,0.74,0.62,0.50,1.02,0.94,1.03,0.80,0.51,0.97,0.61,1.51,0.68,0.64,0.95,0.66,0.61,0.94,1.25,0.62,1.63,1.09,0.57,3.27,0.48,0.47,1.27,1.69,0.51,1.63,0.31,0.56,0.38,0.38,0.34,0.62,0.44,0.42,0.27,0.87,0.65,0.40,0.41,0.64,0.38,0.79,0.59,0.99,0.63,0.59,0.44,0.36,0.55,0.74,1.19,,0.38,0.82,0.88,,2.50,1.44,0.56,2.23,0.85,1.30,0.77,0.61,0.39,0.34,0.47,0.53,0.69,0.79,0.49,1.00,0.45,1.44,0.44,,0.42,0.79,1.43,0.29,0.55,0.43,0.94,0.49,0.38,0.85,0.10,0.41,0.28,1.79,0.31,0.25,0.68,0.55,0.15,0.09,0.18,0.39,0.21,0.54,0.33,0.35,0.21,0.76,1.66,0.97,0.75,1.05,0.61,0.73,1.20,0.52,1.19,0.62,0.90,0.86,0.31,1.04,0.83,1.05,0.82,0.51,0.62,0.45,0.36,1.25,1.14,0.74,0.83,0.61,1.35,0.52,1.34,0.84,0.74,0.71,0.54,0.32,0.78,0.37,0.82,1.05,0.69,0.76,0.67,1.09,0.92,1.47,0.93,1.31,1.35,0.76,0.88,0.31,0.75,0.45,0.94,0.52,0.75,0.99,0.67,0.90,0.54,0.21,0.65,0.74,0.63,0.46,0.56,1.04,0.45,0.36,0.69,0.67,0.90,1.18,0.27,0.25,0.99,0.82,0.78,0.57,0.54,0.31,0.89,0.44,0.75,0.44,0.34,0.94,0.42,0.37,1.11,1.18,0.63,1.01,1.01,0.57,2.87,0.46,0.50,0.53,0.95,0.44,,0.72,0.80,0.78,0.63,0.35,0.35,0.60,0.32,1.97,0.85,1.03,0.64,0.74,1.09,1.16,0.13,0.52,1.29,0.40,0.38,1.10,1.61,0.61,0.57,0.44,
20150811,4,AQI,153,190,167,110,54,222,183,39,47,171,110,171,144,73,66,60,108,50,54,30,18,38,36,20,46,27,40,10,26,18,16,35,24,29,25,43,31,26,37,29,26,34,27,44,21,37,22,26,72,58,138,21,23,51,29,38,53,30,29,39,58,46,87,21,85,73,76,67,74,71,72,51,100,40,33,39,85,43,90,54,62,58,19,41,135,167,70,74,39,57,77,61,42,29,58,58,25,32,45,41,51,32,51,32,36,26,37,39,33,67,68,101,41,68,41,51,51,65,53,36,15,23,23,27,31,10,93,159,116,68,79,105,50,39,31,68,35,48,30,64,22,68,58,31,81,85,73,103,89,59,40,61,73,77,51,33,31,59,34,50,56,53,24,26,25,61,32,60,38,48,52,26,40,41,38,33,49,37,20,43,23,15,12,35,57,31,55,,53,33,56,,97,88,39,83,54,61,93,55,65,70,51,43,55,74,42,60,37,55,64,,65,59,23,60,21,34,52,26,50,13,25,41,15,25,26,36,50,29,30,13,16,26,43,29,33,29,37,23,33,36,29,41,31,49,31,14,42,18,43,36,44,99,153,135,108,73,71,47,53,38,51,54,13,45,31,24,31,28,36,27,47,34,31,68,72,31,36,52,51,66,103,58,48,30,58,60,63,36,58,65,61,62,65,85,27,40,68,47,51,25,66,66,29,33,52,53,86,46,99,28,14,30,55,50,53,20,12,58,29,19,61,33,29,40,12,20,27,64,24,37,54,66,54,38,69,54,29,61,,41,40,58,48,47,60,78,22,41,59,27,48,53,50,54,22,61,27,108,500,36,27,22,29,27,
20150811,4,PM2.5,117,143,127,80,12,172,138,22,18,130,83,130,110,38,20,31,81,20,27,19,8,26,25,10,21,10,26,5,18,5,10,15,14,19,16,22,22,18,26,16,11,24,17,20,12,26,13,11,47,21,105,15,16,36,16,22,37,21,19,27,41,32,58,10,63,49,56,46,34,42,29,26,75,12,18,19,59,30,51,32,32,41,11,18,103,127,35,40,14,30,35,40,25,14,27,32,14,15,30,24,26,12,36,19,25,18,26,23,23,43,27,76,29,40,13,28,22,47,37,16,7,13,16,6,17,7,69,121,88,36,58,79,21,19,17,49,15,33,11,42,9,49,41,21,60,63,53,77,43,42,28,35,53,53,26,12,17,37,21,20,30,17,15,15,11,36,19,34,23,26,33,18,21,26,26,23,25,19,3,30,16,9,6,22,16,16,35,,37,15,28,,61,62,22,61,28,41,69,31,47,51,31,23,8,39,18,31,24,19,41,,25,29,16,43,15,18,36,12,35,6,6,29,10,3,17,7,25,20,19,9,6,17,30,15,20,20,12,16,23,19,17,28,22,34,13,8,21,11,30,25,30,73,117,103,65,53,48,32,19,16,17,28,8,18,22,7,18,17,25,18,23,19,12,49,25,22,21,35,30,48,77,41,33,17,34,33,34,19,41,47,44,43,47,63,13,28,23,33,36,16,48,48,18,22,13,37,64,24,74,19,4,11,37,21,37,5,8,12,15,12,44,3,8,16,2,9,14,46,15,20,15,48,24,20,50,38,20,29,,22,19,41,24,33,43,44,11,23,36,8,28,23,18,19,10,44,19,81,108,25,8,3,18,8,
20150811,4,PM2.5_24h,49,118,113,99,17,103,133,22,13,102,79,112,103,30,18,23,54,23,17,18,6,20,17,14,17,12,19,18,18,13,11,8,14,21,17,19,19,20,22,20,12,26,18,18,7,18,17,10,53,13,41,12,17,37,18,17,37,20,17,25,34,32,45,21,54,32,40,43,31,55,32,34,54,27,15,14,46,42,22,33,17,34,15,20,123,76,41,33,19,27,26,26,24,13,30,44,17,20,26,34,25,17,35,19,28,33,28,30,28,35,23,63,28,43,12,52,21,37,24,19,8,20,18,11,17,11,47,70,35,27,41,50,18,25,15,40,18,29,26,33,9,33,31,21,43,40,35,54,38,40,43,37,59,66,34,20,20,40,25,19,27,22,16,16,11,22,22,28,25,18,28,27,13,17,20,16,14,20,3,18,15,15,12,12,15,18,22,,85,19,30,,50,44,26,50,33,51,62,21,38,47,29,27,11,44,12,39,17,15,21,,17,24,12,40,17,21,34,17,41,7,18,17,10,9,13,6,17,14,15,7,11,17,30,13,21,7,13,19,17,15,16,22,21,19,12,8,28,18,26,18,25,53,64,58,40,39,47,36,21,19,26,27,8,21,20,8,13,26,22,17,20,19,18,42,24,19,16,34,41,40,54,53,32,27,29,36,35,13,32,36,33,48,30,50,13,26,20,28,18,21,48,33,15,31,21,25,47,17,49,15,7,9,32,71,49,8,6,16,12,14,24,8,18,58,14,12,29,55,19,23,24,35,16,21,47,39,28,27,,17,19,39,23,36,40,42,14,29,36,29,29,33,24,28,20,26,38,67,83,27,13,12,37,16,
20150811,4,PM10,126,170,233,169,57,265,254,39,47,244,120,190,153,96,81,70,124,50,57,30,4,38,29,16,46,20,40,8,20,14,16,10,24,29,25,43,26,21,34,29,26,30,27,44,21,36,22,26,94,65,151,16,19,49,29,38,49,27,29,32,53,42,124,21,107,96,102,84,97,92,93,51,99,40,33,39,119,37,129,57,73,55,19,41,140,246,90,98,39,63,104,71,42,29,65,66,25,32,45,41,52,32,52,32,,24,30,39,32,84,85,114,41,86,41,52,52,75,49,36,15,23,23,27,31,6,96,189,114,85,99,104,50,39,31,61,35,48,20,77,22,81,65,31,107,103,89,105,128,48,35,71,77,103,52,33,31,67,34,50,62,55,24,26,25,71,32,70,38,48,54,25,40,41,38,33,49,37,20,43,,15,12,35,64,31,60,,,33,61,,144,125,39,80,58,71,91,60,66,80,51,43,59,97,42,70,37,59,78,,80,68,22,54,21,34,54,26,47,13,16,3,14,25,26,36,50,28,30,12,16,26,33,29,33,22,37,18,30,36,29,41,24,38,31,14,42,18,35,34,44,147,219,109,165,84,91,47,55,38,51,58,13,45,26,24,31,28,33,27,47,34,31,57,94,31,36,54,52,82,121,56,48,30,66,70,75,36,65,65,62,74,69,80,27,35,86,,47,25,71,82,29,33,54,39,96,46,83,28,14,30,60,50,48,20,12,65,29,19,18,25,14,40,2,20,27,59,24,37,57,65,58,38,70,38,28,71,,41,40,,48,46,58,106,22,41,67,12,48,55,50,57,22,37,,135,603,33,27,22,14,25,
20150811,4,PM10_24h,95,195,200,163,66,192,224,56,48,187,115,158,142,67,67,50,78,48,34,32,10,32,23,21,37,23,34,29,19,24,16,17,24,33,27,34,26,30,34,32,30,34,22,30,15,32,31,24,101,41,74,15,24,51,30,38,51,30,27,34,48,49,99,41,86,67,68,69,88,100,74,69,67,56,25,27,100,68,63,54,40,48,29,36,180,142,81,74,52,61,67,49,54,26,56,82,27,34,39,48,40,27,45,29,50,39,40,65,41,66,49,89,45,80,42,78,44,59,39,43,29,32,30,25,33,21,70,110,64,68,73,78,52,48,30,60,42,48,49,58,20,49,47,37,60,68,70,76,77,45,75,65,84,105,60,39,46,70,48,42,56,48,33,25,29,41,38,51,39,43,47,39,34,26,34,29,40,34,19,33,24,25,18,25,40,40,40,,58,38,51,,108,105,44,69,56,65,100,64,103,84,52,60,57,97,33,63,34,54,42,,41,44,24,52,26,37,52,26,58,17,33,43,17,34,20,33,34,38,27,13,20,30,39,20,44,19,25,29,32,26,27,36,27,38,29,17,45,28,35,29,31,102,112,85,85,65,85,57,53,36,50,52,18,52,31,20,31,40,37,33,33,33,34,60,62,32,33,54,64,72,89,78,49,45,56,64,67,38,54,49,49,78,49,77,27,35,54,32,35,35,78,67,31,44,54,35,97,33,68,25,18,27,38,93,71,23,11,43,23,23,39,37,36,126,22,29,41,81,34,37,50,46,44,34,63,53,41,61,,34,55,46,50,54,59,128,28,49,51,44,50,96,80,76,48,42,231,176,390,63,34,35,46,44,
20150811,4,SO2,4,6,7,75,23,39,14,16,5,7,39,15,18,22,8,17,9,6,4,9,7,20,15,7,33,13,14,11,12,14,9,4,6,9,7,4,6,5,7,2,3,31,21,3,6,7,4,12,21,22,7,8,12,12,7,6,16,5,12,9,8,21,13,5,11,10,16,19,10,7,8,11,5,6,14,42,32,7,10,8,28,16,9,9,16,19,16,29,27,9,8,32,14,10,9,30,16,11,8,12,6,8,14,3,13,8,14,9,12,26,20,54,13,23,15,10,8,9,16,11,11,6,9,20,41,9,20,23,18,14,49,19,8,10,23,14,6,38,8,58,3,12,27,6,18,29,26,14,7,14,12,3,7,3,6,9,9,9,7,7,38,33,6,9,11,5,12,7,32,17,8,33,2,18,17,10,7,10,17,11,9,8,5,9,12,6,42,,3,13,9,,52,67,4,20,47,23,120,17,2,7,14,3,3,5,11,8,7,17,65,,18,81,4,5,3,4,3,10,5,4,15,10,10,8,6,7,33,12,13,8,21,48,22,70,43,6,8,3,8,11,7,6,5,22,12,10,23,7,23,17,50,22,27,13,51,18,38,11,19,3,25,12,4,13,1,1,9,8,6,11,37,13,7,129,22,28,13,27,9,17,61,10,8,16,92,14,12,18,11,39,8,20,10,17,8,1,23,5,13,17,8,48,6,5,35,6,29,15,58,8,7,6,11,9,11,11,7,2,11,16,5,6,8,17,15,3,4,2,5,28,8,9,6,14,4,7,4,8,,10,10,21,12,7,15,26,1,20,5,4,3,4,2,5,13,5,3,9,16,6,6,8,3,1,
20150811,4,SO2_24h,3,8,9,33,24,34,15,19,6,9,26,18,16,17,10,10,12,6,4,8,6,9,13,8,24,32,12,12,11,15,9,6,4,10,8,5,7,6,5,3,4,13,9,3,8,6,7,22,34,15,5,9,10,10,7,5,16,6,8,8,11,20,18,8,13,17,13,13,9,8,17,21,5,6,11,33,36,20,8,10,15,36,11,9,28,39,36,40,26,13,10,32,23,9,21,61,14,9,9,13,5,9,7,6,24,12,11,27,15,33,18,33,8,23,13,14,8,10,19,15,14,7,8,17,17,33,19,11,13,24,37,16,9,8,15,11,8,31,11,32,3,15,29,20,18,17,25,12,7,18,18,5,8,4,8,15,18,11,8,7,25,72,9,9,21,6,28,11,32,19,12,23,20,9,16,10,6,8,17,11,5,9,14,7,8,8,24,,3,15,9,,33,44,9,15,45,16,74,9,3,18,17,4,8,4,20,10,8,12,10,,6,11,5,7,3,7,3,12,5,10,15,12,14,18,6,7,22,14,16,8,15,28,13,69,38,7,12,4,13,12,6,5,6,32,11,11,16,11,14,13,24,23,23,10,17,13,29,13,13,4,23,8,7,15,2,1,15,5,5,6,22,10,9,58,20,21,20,22,6,16,32,10,9,20,70,11,12,22,14,34,13,28,16,23,11,6,23,4,12,26,9,59,9,10,37,8,17,13,43,7,7,9,28,47,20,12,10,19,13,12,5,6,7,25,15,4,6,10,14,13,15,11,7,15,6,12,6,6,,11,9,23,11,6,12,26,2,21,3,6,4,5,4,7,20,6,3,10,22,9,6,9,7,4,
20150811,4,NO2,33,24,53,76,64,39,83,10,37,31,65,66,50,47,54,47,24,47,34,10,12,27,17,8,43,10,18,15,19,5,3,6,13,18,7,18,12,11,20,2,7,23,21,21,16,23,21,16,53,32,52,12,8,34,24,13,30,17,13,41,21,27,43,14,52,54,46,33,36,38,59,31,19,24,19,20,47,14,53,18,44,63,11,31,40,63,42,52,20,38,28,49,32,16,17,19,15,17,20,11,22,2,13,15,16,11,16,19,16,46,23,46,18,39,15,37,21,33,43,30,9,25,15,35,23,9,44,51,45,23,47,16,28,17,8,6,18,11,8,29,11,48,28,22,37,30,50,50,35,28,16,26,39,27,42,29,19,11,11,8,39,23,11,16,34,38,16,31,17,17,11,16,17,21,14,15,12,11,18,19,9,9,7,10,20,23,33,,25,24,19,,66,58,16,7,41,18,25,15,29,13,27,17,14,6,41,29,32,26,47,,27,24,20,12,19,14,3,14,6,10,18,21,29,2,13,14,26,17,13,6,18,47,4,5,49,4,15,9,23,13,10,20,10,8,10,8,7,6,24,4,9,38,78,21,101,22,19,25,39,15,13,33,8,14,8,3,12,13,14,7,19,12,10,19,21,8,9,22,11,21,22,27,13,8,26,27,34,21,28,32,27,42,24,39,28,22,12,10,21,18,21,37,16,29,26,22,32,11,37,10,6,5,27,18,21,11,8,8,8,10,7,5,8,11,2,6,4,17,4,24,23,14,37,13,50,23,3,29,,21,18,20,15,6,27,36,17,6,17,8,9,32,5,21,3,16,8,12,7,12,6,4,9,8,
20150811,4,NO2_24h,34,29,29,51,46,37,49,21,30,50,48,44,44,30,32,41,29,37,28,14,26,26,15,10,24,22,22,25,18,13,3,9,9,30,13,17,13,21,14,8,11,24,18,14,20,28,24,23,45,18,31,14,12,40,32,18,31,17,15,26,21,23,37,19,38,52,31,36,27,35,51,41,31,37,15,18,43,31,19,23,23,35,17,20,42,40,33,43,18,31,19,28,28,8,15,25,13,13,23,16,16,8,17,17,38,17,15,20,15,32,19,26,18,28,19,27,20,29,30,31,15,25,16,33,19,13,26,27,21,30,26,21,28,16,9,7,18,16,9,20,12,43,25,25,31,31,36,32,29,23,21,19,39,26,32,17,28,14,12,15,20,31,18,15,28,20,22,26,17,15,16,23,10,16,19,21,22,20,17,21,16,20,12,11,21,21,54,,19,17,10,,40,41,15,9,30,19,19,16,36,20,28,16,9,8,31,22,24,15,24,,21,17,22,15,16,21,4,15,9,10,15,17,16,7,11,17,18,18,14,9,19,31,18,8,35,11,20,18,26,15,14,20,15,11,10,10,10,6,17,8,15,33,30,22,37,13,12,15,22,10,13,21,10,13,3,3,18,10,15,11,11,13,15,23,15,9,13,23,14,18,21,27,13,9,20,17,22,25,16,24,22,25,21,39,22,25,13,12,28,19,26,23,15,29,28,29,21,13,21,13,9,9,24,18,19,12,15,10,8,14,19,5,12,11,4,6,15,23,7,16,24,22,23,15,44,19,11,21,,21,19,30,17,8,10,40,14,8,12,11,12,33,8,30,9,17,7,10,26,22,10,12,24,18,
20150811,4,O3,58,49,7,11,13,38,9,67,10,54,41,9,37,5,25,28,91,3,4,56,58,36,47,63,10,85,29,31,32,58,50,113,49,38,53,15,48,34,37,43,41,29,41,16,44,20,40,38,9,10,23,30,38,25,44,61,19,17,17,14,29,17,36,30,16,20,12,10,56,14,15,34,40,93,31,24,45,89,18,27,28,34,46,11,71,17,19,7,20,23,17,12,18,24,30,47,36,24,54,35,2,68,35,31,51,29,28,3,28,14,44,44,26,13,15,23,7,7,23,12,34,12,25,33,38,28,22,21,19,57,29,61,20,40,34,72,43,48,95,37,18,9,19,19,6,28,18,40,13,,38,21,3,9,16,37,100,61,84,95,6,12,31,33,6,7,59,33,27,42,45,10,7,31,46,38,33,38,16,27,45,24,26,52,59,39,14,,38,24,16,,10,38,21,112,11,69,74,44,3,87,63,16,19,88,6,13,7,8,6,,1,7,16,30,4,27,20,9,1,15,79,14,15,3,30,19,6,47,17,22,23,10,9,26,49,7,41,39,3,4,39,,26,16,13,46,40,29,13,41,40,39,13,68,10,42,60,23,14,10,14,19,32,20,21,42,35,30,9,49,27,51,55,35,31,50,4,24,58,35,38,27,15,29,9,14,4,21,25,14,8,5,32,32,43,5,34,10,12,35,10,11,26,1,71,4,7,18,26,47,4,26,8,27,10,3,17,9,21,23,69,105,92,69,39,35,48,62,26,4,24,66,,54,21,72,49,42,,30,31,51,80,53,80,52,12,88,48,87,67,51,51,76,38,142,33,44,74,65,9,69,92,85,
20150811,4,O3_24h,196,208,159,275,110,130,239,141,136,232,213,124,145,78,154,125,164,102,77,65,70,63,60,64,62,85,56,89,71,59,56,113,65,63,73,64,70,58,72,74,60,59,90,71,88,72,67,57,202,53,96,55,56,183,90,83,138,95,93,178,118,116,125,88,147,154,128,91,132,137,196,135,90,158,53,43,174,177,154,136,124,125,64,72,180,194,136,127,97,119,138,147,132,56,126,333,92,99,92,97,106,125,115,108,100,90,116,82,88,120,115,183,97,98,64,120,131,153,135,115,60,91,78,77,64,60,95,139,99,130,117,109,66,102,66,109,102,98,174,115,61,145,107,69,115,104,193,139,118,83,87,73,85,104,135,117,157,101,128,103,136,218,69,81,86,111,191,122,126,103,126,242,111,64,55,56,52,45,28,55,83,66,52,56,97,62,52,,122,54,100,,84,158,66,108,93,141,113,92,80,131,120,86,48,134,96,112,81,57,101,,97,77,86,65,106,93,66,81,58,82,120,56,66,47,55,30,62,78,45,74,30,26,23,49,72,30,70,58,47,55,77,68,35,51,45,53,80,60,60,64,60,132,112,181,106,99,187,111,84,71,84,119,55,56,36,72,48,68,77,66,84,76,105,91,101,64,88,100,150,130,116,138,95,96,95,141,125,123,153,118,138,138,130,155,71,108,138,103,28,107,33,103,90,78,112,69,102,75,115,73,44,64,73,120,100,56,55,75,56,50,138,138,123,98,65,100,94,157,93,96,83,87,127,126,93,125,101,121,,109,149,153,185,109,157,132,71,116,113,131,103,118,66,108,85,206,99,101,74,90,65,118,135,116,
20150811,4,O3_8h,79,75,38,49,23,51,48,72,21,75,96,37,50,20,44,20,82,5,10,58,34,44,50,61,17,49,36,44,49,47,48,79,48,27,62,29,61,29,49,48,44,26,46,21,45,19,45,30,21,30,43,34,43,23,37,45,21,23,17,32,26,33,35,41,30,13,19,11,73,33,25,43,49,85,39,31,52,69,54,18,39,48,38,28,114,52,34,12,24,45,37,28,26,39,40,63,49,39,63,30,16,66,42,35,32,37,40,7,45,35,57,73,36,22,15,30,17,22,51,15,28,13,32,34,30,33,42,56,46,54,64,74,34,44,38,78,52,54,89,44,27,28,19,24,21,26,51,48,24,17,42,29,11,23,19,78,106,77,102,90,33,15,36,43,13,29,72,56,53,63,63,13,12,42,49,48,40,36,20,41,40,26,29,49,65,37,12,,60,26,38,,27,48,26,110,21,69,99,35,4,97,54,32,26,97,6,22,13,21,13,,5,10,20,23,14,26,25,13,4,18,86,14,21,8,33,23,16,34,26,23,25,19,15,30,45,7,42,21,4,3,42,6,27,18,17,40,34,31,19,34,33,55,36,88,39,56,80,44,27,17,20,35,37,22,23,47,25,41,17,51,45,62,66,39,44,49,7,32,72,58,58,27,19,33,13,52,12,30,47,45,25,43,40,53,48,18,58,25,16,42,14,21,41,9,73,5,22,24,40,49,8,31,21,42,26,5,9,16,17,28,72,116,99,73,39,54,27,61,29,17,38,71,42,77,27,87,48,59,,65,46,60,97,71,115,63,33,95,53,94,71,46,44,63,56,152,61,52,67,57,28,72,87,73,
20150811,4,O3_8h_24h,167,177,125,207,93,117,191,127,119,208,189,106,136,71,138,112,137,85,65,60,46,54,55,61,48,49,49,64,65,52,49,79,59,50,68,56,63,50,64,63,54,49,75,69,66,64,68,48,154,44,89,46,53,113,75,75,103,75,75,138,76,91,112,76,118,116,98,80,124,113,161,120,74,129,49,44,149,148,172,102,126,115,65,53,166,163,112,105,61,103,112,107,100,53,105,224,78,91,78,85,87,106,95,98,81,84,97,52,77,104,109,158,89,83,57,110,116,123,126,101,55,81,70,46,47,46,82,125,90,98,104,99,58,89,53,103,95,91,150,107,55,115,95,55,93,88,131,112,101,60,75,68,76,91,86,110,126,91,120,99,115,128,66,66,69,94,125,103,108,92,95,133,84,56,50,51,44,36,25,47,75,46,43,51,88,52,49,,110,47,90,,59,152,51,102,89,128,109,87,66,120,114,72,44,146,90,104,74,54,90,,90,68,78,56,94,79,51,61,43,70,94,46,50,40,46,27,56,48,38,38,26,21,18,41,64,15,59,57,37,46,69,58,31,37,34,48,68,53,48,56,55,119,99,150,92,89,122,98,72,37,72,106,50,50,33,65,42,61,66,57,62,72,88,69,95,58,74,80,121,114,107,113,83,78,85,126,108,91,117,108,94,119,119,130,57,83,125,89,18,86,25,87,85,62,96,62,91,58,104,69,37,53,60,94,88,44,43,55,51,44,124,130,110,92,46,92,77,136,80,82,71,79,121,123,81,108,94,109,,98,134,133,174,105,148,128,68,113,105,121,98,110,61,98,80,198,86,85,67,75,58,109,122,108,
20150811,4,CO,1.41,1.09,0.74,4.74,0.89,0.90,1.11,0.30,0.61,1.98,0.83,1.31,0.46,0.68,0.80,0.67,1.02,0.57,0.78,0.52,0.42,0.59,0.51,0.29,1.57,0.12,0.68,0.52,0.63,0.54,0.30,0.27,0.37,0.63,0.56,0.79,0.53,0.37,0.64,0.50,0.41,0.81,0.62,0.63,0.35,0.57,0.37,0.77,0.92,0.88,1.18,0.96,0.36,0.94,0.83,0.79,0.79,0.98,0.89,0.76,0.71,0.65,0.84,0.48,1.21,1.05,0.92,1.23,0.70,0.85,0.90,0.99,1.25,0.41,0.68,0.55,1.24,0.60,1.51,1.33,0.73,0.94,0.54,1.26,1.87,1.73,1.39,2.25,0.36,0.59,0.32,0.75,1.29,0.47,0.55,0.49,0.79,0.66,0.86,0.93,0.80,0.48,0.76,0.79,0.71,0.78,0.93,0.88,0.86,1.47,0.58,2.33,1.93,0.68,1.19,1.43,0.93,1.25,0.77,0.58,0.32,0.41,0.42,0.36,1.98,0.36,2.01,3.17,0.91,1.44,0.95,1.42,0.81,0.78,0.54,0.00,1.02,0.88,0.92,0.83,0.51,0.98,0.73,1.23,0.98,0.90,1.05,0.81,0.64,1.01,0.97,0.64,1.57,0.94,0.49,3.02,0.26,0.28,1.29,1.73,0.67,1.62,0.17,0.56,0.15,0.47,0.18,0.66,0.32,0.73,0.33,0.77,0.62,0.47,0.41,0.53,0.35,0.79,0.50,1.03,0.66,0.35,0.38,0.36,0.44,0.74,1.22,,0.69,0.82,0.92,,2.43,1.58,0.65,2.15,0.81,1.27,0.95,0.44,0.13,0.28,0.39,0.42,0.69,0.73,0.55,0.92,0.50,1.56,0.50,,0.90,0.58,1.72,0.20,0.52,0.43,1.06,0.50,0.42,0.79,,0.27,0.24,0.52,0.40,0.37,1.17,0.52,0.06,0.07,0.26,0.73,0.56,0.81,0.33,0.35,0.17,0.54,1.80,0.97,0.69,0.88,0.55,0.51,1.38,0.48,1.13,0.73,1.17,0.78,0.29,1.67,1.39,1.17,1.22,0.58,0.98,0.56,0.46,1.38,1.15,0.84,0.71,0.55,1.34,0.47,0.86,0.92,0.69,0.72,0.58,0.26,0.70,0.43,0.91,1.05,0.60,0.66,0.63,1.75,1.03,1.15,0.92,1.22,1.81,0.74,0.87,0.24,0.67,0.70,0.96,0.54,0.87,0.86,0.63,0.82,0.68,0.18,0.56,0.64,0.55,0.61,0.42,1.11,0.30,0.37,0.97,0.61,1.31,1.29,0.23,,0.89,0.40,0.63,0.70,0.44,0.40,0.72,0.30,0.60,0.22,0.33,0.84,0.38,0.36,0.88,0.67,0.54,1.06,0.95,0.45,2.99,0.17,0.84,0.51,0.65,0.42,,0.75,0.74,0.54,0.61,0.26,0.41,0.47,0.39,1.78,0.92,0.89,0.56,0.60,0.27,0.74,0.26,0.59,1.21,0.42,0.24,1.04,1.48,0.55,0.47,0.30,
20150811,4,CO_24h,0.78,1.24,0.60,2.23,0.74,0.73,1.03,0.39,0.60,1.16,0.88,1.28,0.49,0.68,0.60,0.64,0.86,0.60,0.73,0.55,0.49,0.59,0.43,0.46,0.80,0.34,0.67,0.77,0.63,0.67,0.30,0.31,0.34,0.70,0.61,0.82,0.53,0.45,0.65,0.64,0.43,0.75,0.65,0.60,0.43,0.54,0.42,0.94,1.34,0.39,0.85,0.42,0.47,0.96,0.86,0.78,0.76,0.93,0.91,0.67,0.78,0.67,0.77,0.70,1.07,0.98,0.69,1.08,0.56,0.98,1.01,1.26,1.18,0.76,0.70,0.52,1.35,0.90,0.70,1.35,0.64,0.81,0.64,0.82,2.02,1.73,1.61,1.30,0.46,0.63,0.40,0.76,1.58,0.53,0.52,0.67,0.80,0.83,0.87,1.06,0.78,0.64,0.86,0.99,0.97,1.21,1.08,0.90,1.06,1.41,0.65,1.16,1.79,0.86,1.17,1.62,0.94,1.21,0.78,0.72,0.39,0.47,0.39,0.38,1.22,0.56,1.80,1.17,0.60,1.41,0.82,1.28,0.78,0.75,0.61,0.44,1.02,0.94,1.03,0.80,0.52,0.97,0.62,1.47,0.70,0.66,0.95,0.68,0.62,0.95,1.25,0.62,1.63,1.09,0.56,3.27,0.47,0.45,1.27,1.68,0.52,1.64,0.30,0.56,0.38,0.39,0.34,0.62,0.43,0.44,0.28,0.87,0.65,0.40,0.41,0.64,0.37,0.80,0.59,1.00,0.64,0.57,0.44,0.36,0.54,0.75,1.21,,0.38,0.83,0.88,,2.50,1.44,0.56,2.23,0.85,1.30,0.77,0.61,0.39,0.34,0.47,0.52,0.69,0.78,0.49,0.98,0.45,1.45,0.46,,0.44,0.78,1.46,0.28,0.55,0.43,0.95,0.49,0.39,0.84,0.10,0.41,0.28,1.71,0.32,0.26,0.71,0.55,0.15,0.09,0.18,0.41,0.23,0.54,0.34,0.35,0.21,0.74,1.69,0.98,0.75,1.05,0.62,0.72,1.21,0.52,1.19,0.62,0.90,0.86,0.31,1.08,0.86,1.06,0.83,0.51,0.65,0.44,0.37,1.26,1.14,0.74,0.83,0.62,1.36,0.52,1.32,0.85,0.73,0.71,0.54,0.32,0.77,0.38,0.82,1.06,0.70,0.76,0.67,1.12,0.92,1.46,0.93,1.32,1.32,0.76,0.88,0.31,0.74,0.46,0.94,0.52,0.77,0.99,0.68,0.90,0.55,0.21,0.66,0.74,0.64,0.47,0.56,1.05,0.45,0.36,0.70,0.67,0.92,1.19,0.27,0.23,1.00,0.81,0.78,0.58,0.53,0.32,0.89,0.44,0.75,0.42,0.34,0.94,0.42,0.37,1.09,1.15,0.62,1.01,1.00,0.57,2.88,0.45,0.50,0.53,0.95,0.44,,0.72,0.80,0.78,0.64,0.35,0.35,0.60,0.33,1.94,0.85,1.03,0.64,0.75,1.04,1.14,0.12,0.53,1.27,0.40,0.36,1.08,1.61,0.61,0.57,0.44,
20150811,5,AQI,150,183,173,113,57,197,170,41,51,179,126,173,140,75,62,60,98,43,55,30,16,41,33,19,46,24,22,13,20,21,21,38,34,26,25,48,34,24,49,29,26,43,31,42,25,34,21,15,72,55,154,26,23,55,23,34,53,34,33,41,63,46,81,22,89,82,76,65,39,70,74,51,90,43,30,38,84,41,117,54,62,66,16,52,153,148,71,75,39,60,65,62,69,29,47,57,24,26,43,41,51,20,58,44,36,26,36,39,40,80,73,101,44,66,36,54,53,66,53,34,20,25,37,22,36,14,93,166,131,67,90,105,50,40,36,59,54,53,27,63,21,68,56,38,85,85,74,91,76,50,34,58,73,71,52,33,34,55,36,68,59,60,29,30,27,53,31,65,44,52,52,29,23,39,38,37,47,37,8,23,21,11,15,29,68,30,55,,54,34,54,,95,83,43,88,51,68,90,56,54,68,49,37,54,65,44,59,42,48,68,,74,59,18,59,26,31,61,26,55,10,28,44,15,27,31,31,44,36,30,14,13,49,51,25,51,23,31,24,37,27,27,43,30,50,29,18,43,17,46,36,43,105,141,139,114,80,72,56,52,42,51,53,17,46,27,21,28,31,33,37,52,36,35,66,51,37,33,54,50,63,105,58,46,31,56,49,62,39,59,66,55,75,63,80,22,36,56,33,42,19,65,66,25,34,50,51,86,31,100,41,16,26,51,47,53,20,14,58,25,20,21,27,27,24,11,16,19,65,21,31,54,54,46,36,63,49,33,63,,38,34,47,49,46,58,55,21,46,31,27,45,62,34,45,20,53,34,74,492,33,19,23,26,28,
20150811,5,PM2.5,115,138,131,85,15,148,129,29,14,135,96,131,107,42,19,31,73,20,30,19,3,29,23,10,21,9,13,6,6,9,13,13,24,17,15,26,24,17,30,18,12,30,19,20,11,14,13,6,44,24,118,18,16,39,14,21,37,24,20,29,45,32,58,12,66,55,56,44,21,44,27,29,67,11,19,19,57,29,58,35,35,48,11,16,117,113,36,40,17,33,33,41,27,16,25,26,15,15,27,29,27,14,41,25,25,18,25,22,25,57,25,76,31,40,14,31,23,48,37,15,11,14,17,8,25,7,69,126,100,38,67,79,21,20,18,42,35,36,13,45,9,49,39,23,63,63,54,68,44,35,20,37,53,52,25,16,17,39,23,15,33,24,14,16,9,34,17,41,23,24,34,17,15,26,26,23,22,20,2,11,15,8,7,19,16,15,35,,38,16,30,,62,52,28,65,27,41,67,26,38,49,28,22,11,39,25,28,26,20,49,,32,32,12,42,16,21,39,12,39,6,4,31,10,5,16,7,22,18,12,7,7,25,36,13,24,7,15,17,25,19,16,30,21,35,15,12,29,12,32,25,30,79,108,106,68,59,50,30,16,20,36,29,12,19,19,5,15,22,23,19,27,21,12,48,21,19,16,36,28,41,79,41,32,17,32,32,39,21,42,48,39,55,45,59,12,25,26,23,23,12,47,43,15,22,13,36,64,22,75,18,5,10,29,22,37,9,5,14,10,14,12,6,7,17,5,8,13,47,15,21,20,38,17,20,45,34,23,29,,19,19,33,27,25,41,33,9,24,22,11,28,27,14,14,14,37,24,54,82,23,10,2,15,10,
20150811,5,PM2.5_24h,52,118,113,97,16,106,131,23,13,101,80,112,103,29,18,22,55,23,18,18,6,21,18,13,17,11,19,18,17,13,11,8,14,21,17,20,20,20,23,20,12,27,18,19,7,18,16,10,54,14,44,12,17,38,17,17,37,20,17,26,34,32,45,20,55,33,41,43,29,54,32,34,53,26,16,15,46,41,22,34,16,31,15,20,122,79,40,33,19,27,26,27,25,13,30,44,16,20,26,33,25,16,34,20,29,32,28,30,27,36,24,64,28,42,12,46,20,37,23,19,9,19,18,10,17,11,49,74,38,27,42,51,18,26,16,40,18,29,25,33,10,33,31,21,43,41,35,55,38,40,43,36,59,66,33,20,19,39,24,19,27,22,15,16,11,22,22,29,25,19,29,27,13,18,21,17,15,21,3,18,15,15,12,13,15,19,24,,84,19,30,,51,44,25,51,33,46,62,21,39,48,29,27,11,42,13,36,17,15,22,,18,25,12,39,16,21,35,16,41,7,17,17,10,9,13,5,17,14,15,7,10,17,30,13,21,7,13,19,17,15,16,23,21,20,12,8,28,18,26,19,25,54,67,60,41,40,48,36,21,19,27,27,8,21,21,8,14,26,22,17,20,20,18,43,24,19,16,35,41,39,55,52,32,26,28,36,35,13,33,36,33,48,31,51,13,26,20,28,18,21,49,34,15,31,20,25,48,17,50,15,7,9,33,69,49,8,6,16,11,14,23,8,17,57,14,12,29,56,18,23,24,35,16,21,47,39,28,27,,17,19,39,24,35,40,42,14,29,35,28,30,33,24,28,20,27,39,68,101,27,13,12,36,16,
20150811,5,PM10,102,161,255,172,64,252,214,29,52,243,129,156,140,99,73,70,125,43,60,30,9,37,27,13,46,16,22,13,19,8,21,9,19,26,25,48,33,,49,29,26,36,31,42,25,34,21,11,94,60,165,21,20,46,23,34,39,31,33,33,51,44,111,22,105,113,100,80,39,90,97,52,88,43,30,38,117,38,184,57,73,81,16,53,142,210,92,100,39,69,79,73,88,29,47,64,24,26,43,36,51,15,51,44,,23,35,39,40,109,95,125,43,82,36,57,56,75,47,34,20,25,37,22,32,14,95,193,123,84,125,116,50,40,36,64,57,55,26,73,21,84,62,38,88,105,91,95,101,42,34,65,75,89,54,33,27,52,36,85,67,70,29,30,27,55,31,80,44,54,54,29,23,39,38,37,47,37,6,23,14,11,15,29,85,30,59,,56,34,58,,140,116,43,85,52,85,89,62,55,72,49,37,57,79,44,67,42,48,86,,98,68,18,52,26,31,71,26,44,10,13,6,15,27,31,31,44,36,30,14,13,49,49,25,52,23,31,14,37,27,27,40,,42,29,15,43,16,38,34,38,149,222,112,177,83,94,62,54,42,52,55,12,46,27,21,28,30,32,37,53,36,35,66,52,37,33,57,50,75,116,49,42,31,62,49,73,39,67,68,58,68,56,74,22,33,61,29,42,19,70,82,25,34,50,39,100,29,83,41,16,26,52,47,50,20,14,65,25,18,13,27,9,18,3,16,15,53,20,31,57,58,46,36,65,36,32,75,,38,34,40,49,46,62,59,21,46,30,14,45,73,34,45,20,36,,95,592,28,19,6,18,20,
20150811,5,PM10_24h,83,192,200,162,63,196,221,56,48,186,115,158,142,66,68,50,80,48,36,32,9,32,24,20,38,23,34,28,19,23,16,16,23,33,27,35,26,30,35,32,30,34,23,31,15,32,30,23,103,42,79,16,24,51,30,38,51,31,28,34,48,49,98,39,88,69,71,71,59,99,76,70,66,56,26,28,99,67,67,55,38,47,29,37,177,148,81,76,51,62,67,50,56,26,57,82,27,33,40,47,40,26,45,30,51,38,40,63,41,68,51,90,45,80,42,70,44,60,39,43,29,31,30,25,33,21,72,115,67,69,75,78,53,48,30,60,42,48,48,59,20,50,48,36,62,70,69,77,78,45,75,65,84,104,59,39,45,68,47,46,58,49,33,25,29,42,38,53,40,43,48,39,34,28,35,30,41,35,18,33,24,24,18,26,43,39,42,,57,38,51,,109,103,43,70,55,66,99,64,104,84,52,60,56,95,34,63,33,53,44,,44,45,24,52,26,37,53,26,58,16,32,42,16,33,20,33,34,38,27,13,19,30,39,20,45,20,25,29,33,27,27,37,28,38,29,17,45,27,35,29,32,104,118,86,89,66,85,57,53,37,50,52,18,52,31,20,31,40,37,33,35,33,35,61,61,33,33,54,64,71,89,77,50,45,56,63,68,38,55,50,49,77,50,78,27,35,55,32,35,35,79,69,31,44,54,35,99,33,70,25,18,26,41,91,71,24,12,45,23,23,39,37,35,124,22,29,40,80,33,38,50,45,44,34,64,52,40,61,,34,54,46,51,54,59,128,28,49,49,43,51,97,77,75,47,41,249,177,525,61,32,34,45,43,
20150811,5,SO2,5,5,8,59,24,34,13,15,6,7,27,14,14,20,9,18,9,7,4,10,7,16,17,7,44,12,14,11,9,14,9,6,9,9,8,5,6,5,9,1,4,43,24,2,6,7,5,4,21,27,7,8,14,14,6,4,14,5,12,9,10,19,13,8,13,11,18,14,11,7,10,12,6,4,13,56,33,7,15,9,32,17,9,10,16,17,15,23,22,14,9,32,18,8,9,25,17,6,8,11,6,8,17,5,11,9,11,9,15,25,21,29,12,25,16,11,8,10,17,11,11,6,9,17,32,11,24,26,23,15,60,19,14,10,21,15,7,50,8,66,3,11,30,6,13,33,46,14,6,70,13,3,7,3,6,9,9,8,7,3,40,34,8,19,10,5,11,6,32,17,8,33,2,14,17,11,6,9,16,10,9,8,4,8,7,7,42,,3,13,9,,86,65,4,19,39,22,145,12,2,8,18,4,3,3,16,8,9,12,27,,28,62,4,4,3,4,3,12,4,5,16,10,9,7,6,9,53,12,13,8,24,49,25,70,42,4,11,3,9,10,7,6,5,24,13,10,20,9,27,16,23,22,22,11,40,15,30,10,22,3,25,15,5,14,2,1,8,7,4,16,33,14,10,93,27,27,13,26,22,16,87,9,11,18,61,9,12,18,11,32,7,17,11,11,9,1,25,5,10,27,11,48,6,18,36,6,61,17,49,7,7,5,10,10,10,11,4,2,11,16,5,7,6,19,15,4,4,3,14,17,7,10,6,20,2,6,4,6,,12,9,23,13,7,15,24,1,20,4,3,3,3,2,6,14,2,3,9,29,5,6,10,3,2,
20150811,5,SO2_24h,3,8,9,34,24,34,15,19,7,9,26,18,16,18,10,10,12,6,4,8,7,9,13,8,25,31,12,12,11,15,9,6,4,11,8,5,7,6,5,3,4,15,10,3,8,6,7,22,34,16,5,9,10,10,7,5,16,6,8,8,10,20,18,8,12,16,14,13,11,8,17,21,5,6,11,35,36,19,8,10,15,35,11,9,24,39,32,38,26,13,10,32,23,9,21,61,14,7,9,13,5,9,8,6,23,12,12,25,15,32,18,33,8,23,13,14,8,10,19,15,13,7,8,17,18,33,19,12,13,24,38,16,9,8,16,11,8,30,11,33,3,15,29,18,18,18,26,12,7,20,18,5,8,4,8,15,17,11,9,7,26,71,9,9,21,6,28,11,33,19,12,24,18,9,16,10,6,8,17,11,5,9,13,6,8,8,25,,3,14,9,,36,44,9,15,46,16,75,9,3,17,17,4,8,4,20,10,8,12,11,,7,14,5,7,3,7,3,12,5,10,15,12,13,17,6,7,23,15,16,8,15,29,13,69,38,7,12,4,13,12,6,5,6,32,11,11,16,10,15,14,25,23,24,11,18,13,30,13,14,4,24,8,7,15,2,1,15,6,5,7,23,10,9,60,21,22,21,22,7,15,35,10,9,19,64,11,13,22,14,34,13,27,16,23,10,6,24,4,12,26,9,59,9,11,37,8,19,14,45,7,7,9,28,45,19,12,10,18,13,12,5,6,7,26,15,4,6,9,13,13,15,11,7,16,5,11,6,6,,11,9,24,11,7,12,26,2,21,3,6,4,5,3,7,20,6,3,10,30,9,6,9,7,4,
20150811,5,NO2,39,25,51,77,60,42,58,10,40,35,87,54,53,55,47,46,21,47,33,11,16,23,20,8,44,10,12,15,9,5,3,7,21,17,10,26,15,9,20,3,7,24,18,20,18,22,21,11,52,31,44,14,9,36,19,9,28,16,14,41,22,24,43,12,54,60,43,32,33,40,52,34,18,25,19,19,47,13,49,19,48,69,12,33,39,68,44,48,20,41,31,46,30,13,18,16,16,12,23,10,21,3,12,13,14,11,15,18,17,41,23,49,16,37,15,38,19,33,51,26,11,26,17,35,27,10,39,55,29,26,52,14,26,18,9,9,17,14,9,28,11,35,26,21,32,27,44,42,32,21,16,28,40,27,30,28,16,9,11,4,38,22,19,40,35,39,25,21,20,22,10,16,14,15,19,16,11,13,15,17,9,10,9,9,13,21,36,,23,25,16,,63,66,17,9,34,22,33,13,21,13,42,21,13,7,41,24,28,24,46,,28,21,19,10,19,14,3,14,6,11,18,20,30,2,12,17,21,12,11,7,21,46,4,7,52,5,16,8,24,15,10,18,9,10,12,6,8,5,21,5,7,42,84,20,91,24,15,39,36,15,12,31,8,16,3,2,10,13,12,10,24,12,7,18,21,8,9,17,13,21,22,18,14,10,25,27,32,19,26,22,24,35,16,33,28,20,14,10,20,14,20,37,17,30,24,22,29,9,39,10,6,9,12,21,20,7,6,5,6,9,5,7,8,10,2,5,6,15,5,19,21,24,30,17,41,19,3,34,,24,19,22,16,4,15,36,16,6,7,13,10,15,7,21,5,11,7,11,5,12,6,4,12,6,
20150811,5,NO2_24h,34,28,29,52,46,36,49,21,31,50,50,45,44,30,32,41,29,38,29,14,26,26,16,10,25,22,22,24,18,13,3,9,10,30,13,19,12,21,15,8,11,24,19,14,20,28,24,23,45,19,33,14,12,40,32,18,31,17,15,27,22,23,37,18,39,53,33,37,27,35,52,40,29,37,16,18,42,31,21,23,25,35,17,20,39,42,32,43,18,31,19,28,29,8,16,24,13,13,23,16,16,8,17,17,37,17,16,19,15,32,20,27,18,28,20,27,20,28,30,31,15,25,16,33,20,13,26,28,21,30,27,20,28,16,10,7,18,16,9,20,12,43,25,25,32,32,35,34,30,24,20,20,39,26,31,17,27,14,12,15,21,30,16,15,28,21,22,26,17,14,16,23,10,16,20,21,22,20,17,21,16,20,12,10,20,22,55,,19,17,11,,41,41,14,9,30,18,20,16,36,20,29,16,9,8,32,22,24,15,26,,21,16,22,15,16,21,4,15,9,10,15,17,16,6,11,17,19,18,14,9,19,32,17,8,36,11,20,18,26,15,13,21,15,11,9,10,10,6,18,8,15,32,32,21,39,13,12,16,22,11,13,22,10,13,3,3,17,10,15,11,12,13,15,23,15,9,14,24,14,18,20,26,13,9,20,17,22,25,17,25,22,25,22,39,23,25,13,12,27,19,26,24,15,29,29,29,21,13,22,13,9,9,23,19,19,12,15,10,8,14,19,5,12,11,4,6,15,24,7,17,24,22,23,15,44,19,11,22,,21,19,29,17,8,11,40,14,8,11,12,12,34,8,29,9,17,7,10,22,22,10,12,23,18,
20150811,5,O3,46,47,7,7,20,35,26,65,9,39,17,10,32,6,27,17,89,3,5,54,50,36,41,62,11,77,25,30,65,67,50,122,37,39,48,11,39,33,33,41,39,24,44,9,47,19,36,48,7,14,25,26,35,20,51,57,16,23,15,11,26,17,34,32,14,10,9,5,56,15,15,29,39,89,28,23,37,95,19,29,24,10,40,9,88,,10,9,19,18,15,11,13,27,30,51,33,32,41,37,6,58,37,43,49,28,28,4,20,15,38,31,32,12,19,24,9,4,14,13,30,12,22,30,28,22,24,15,30,54,16,64,19,40,32,60,44,40,86,37,18,15,17,23,6,27,16,41,11,,40,16,3,6,27,41,109,57,81,98,6,10,22,12,5,9,45,48,21,32,62,9,8,37,39,35,23,32,23,25,48,21,26,52,66,42,10,,35,23,21,,11,28,19,103,9,56,55,49,9,90,44,15,16,73,5,19,9,8,4,,4,9,17,35,4,24,19,10,2,14,89,13,19,3,30,13,12,45,17,24,22,7,8,22,47,10,47,38,4,4,38,,28,12,12,56,29,30,14,36,46,36,6,60,9,37,62,7,20,7,12,15,30,21,18,41,33,27,9,37,19,50,63,29,27,48,3,23,66,33,30,36,13,28,8,14,5,20,24,17,7,8,44,35,43,5,26,5,11,36,13,10,21,1,71,2,12,19,24,44,3,27,27,24,8,3,11,10,24,22,68,80,86,63,36,34,44,69,22,7,26,47,13,43,29,80,59,42,,26,24,44,93,57,79,44,8,85,77,86,63,77,47,72,35,158,25,52,100,61,9,73,83,90,
20150811,5,O3_24h,196,208,159,275,110,130,239,141,136,232,213,124,145,78,154,125,164,102,77,65,70,63,60,64,62,85,56,89,72,67,56,122,65,63,73,63,70,58,72,74,60,59,90,71,88,72,67,58,202,53,96,55,56,183,90,83,138,95,92,178,118,116,125,88,147,154,128,91,132,137,196,135,90,158,53,41,174,177,154,136,124,125,64,72,180,194,136,127,97,119,138,147,132,56,126,333,92,102,92,97,106,125,115,108,100,90,116,82,88,120,115,183,97,98,64,120,131,153,135,115,60,91,78,72,64,60,95,139,99,130,117,109,66,102,66,109,102,98,174,115,61,145,107,69,115,104,193,139,118,83,87,73,85,104,135,117,157,101,128,103,136,218,69,81,86,111,191,122,126,103,126,242,111,64,55,56,52,45,28,55,83,66,52,56,97,62,52,,122,54,100,,84,158,66,108,93,141,113,92,80,131,120,86,48,128,96,112,81,57,101,,97,77,86,65,106,93,66,81,58,82,120,56,66,47,55,30,62,78,42,74,30,26,23,49,75,30,77,58,47,55,77,68,35,51,45,56,80,60,60,64,60,132,112,181,106,99,187,111,84,71,84,119,55,56,36,72,48,68,77,66,84,76,105,91,101,64,88,100,150,130,116,138,95,96,95,141,125,123,153,118,138,138,130,155,71,108,138,103,28,107,33,103,90,78,112,69,102,75,115,73,44,64,73,120,100,56,55,75,56,50,138,138,123,98,65,100,94,157,93,96,83,87,127,126,88,125,98,121,,109,149,153,185,109,157,132,71,116,113,131,103,118,66,108,85,206,90,97,100,90,65,118,135,116,
20150811,5,O3_8h,72,70,30,37,19,43,40,71,18,64,84,28,41,16,37,17,82,4,7,57,38,43,48,62,15,52,34,40,49,49,49,87,46,28,59,25,57,29,46,46,43,27,47,16,45,18,43,31,15,28,38,33,41,21,38,47,17,21,16,25,25,29,34,37,24,11,15,8,69,27,19,40,47,84,37,30,48,73,47,17,35,37,39,26,106,39,28,10,22,40,30,22,25,36,35,60,46,38,61,31,12,64,40,36,33,37,37,5,42,29,53,62,32,17,16,25,13,17,40,14,27,12,30,34,32,30,37,45,40,53,56,71,30,42,36,77,49,52,89,42,24,20,15,22,14,24,40,44,18,12,41,25,9,16,16,71,106,72,99,91,25,13,33,38,11,23,67,52,46,58,61,11,10,41,47,46,37,36,20,38,41,25,28,49,64,37,13,,55,25,33,,20,38,24,110,17,68,93,35,3,93,50,31,24,94,5,18,10,16,7,,4,8,20,25,10,24,25,12,4,17,86,14,20,8,33,22,11,36,24,23,25,17,13,29,46,8,42,23,3,2,41,4,27,17,16,41,33,30,18,35,33,49,31,81,31,53,75,35,24,16,18,32,36,21,22,46,26,37,15,50,41,59,65,37,41,49,4,30,66,52,50,27,18,33,10,39,7,25,41,36,20,35,36,48,46,13,50,20,15,39,13,16,35,6,71,3,19,22,35,48,6,30,19,36,19,4,9,14,15,27,68,112,96,71,38,49,27,60,27,14,34,70,31,70,23,84,48,53,,56,38,58,90,65,108,55,27,94,53,88,68,49,44,63,50,150,55,49,89,56,25,69,85,74,
20150811,5,O3_8h_24h,167,177,125,207,93,117,191,127,119,208,189,106,136,71,138,112,137,85,65,60,47,54,55,62,48,52,49,64,65,52,49,87,59,50,68,56,63,50,64,63,54,49,75,68,66,63,67,48,154,44,89,46,53,113,75,75,103,75,75,138,76,91,112,76,118,116,98,80,125,113,161,120,74,129,48,42,149,148,165,102,117,115,64,53,166,163,112,105,61,103,112,107,100,51,105,224,78,89,78,79,87,105,95,98,81,82,97,52,77,104,109,158,89,83,57,110,116,123,126,101,55,81,70,45,47,46,82,125,90,98,104,99,58,89,52,103,95,91,148,107,55,115,95,55,93,88,131,112,101,60,75,68,76,91,86,110,126,91,120,99,115,128,66,66,69,94,125,103,108,92,95,133,84,56,50,51,44,36,25,47,75,46,43,51,88,52,49,,110,47,90,,59,152,51,102,89,128,107,87,66,120,114,72,44,142,90,104,74,54,90,,90,68,78,56,94,79,51,61,43,70,94,46,50,40,46,27,56,48,38,38,26,21,18,41,64,15,59,54,37,46,69,58,31,37,34,48,68,53,48,56,55,119,99,150,92,89,122,98,72,37,72,106,50,50,33,65,42,61,66,56,62,72,88,69,95,58,74,80,121,114,107,113,83,78,85,126,108,91,117,108,94,119,119,130,57,83,125,89,18,86,25,87,85,62,96,62,91,58,104,69,37,53,60,94,88,44,43,55,51,44,124,130,110,92,46,92,77,136,80,82,71,79,121,123,81,108,94,109,,98,134,133,174,105,148,128,68,113,105,121,97,110,61,98,80,198,86,85,89,75,58,109,122,108,
20150811,5,CO,1.60,1.11,0.93,4.20,0.79,1.02,1.00,0.29,0.48,2.13,1.02,1.30,0.60,0.74,0.79,0.70,1.02,0.57,0.82,0.52,0.53,0.62,0.55,0.29,1.68,0.13,0.63,0.58,0.40,0.52,0.34,0.29,0.34,0.62,0.58,0.92,0.59,0.34,0.73,0.51,0.42,0.88,0.68,0.62,0.36,0.55,0.37,0.71,0.88,0.91,1.36,0.42,0.37,0.95,0.79,0.71,0.80,0.98,0.91,0.76,0.72,0.64,0.84,0.48,1.21,1.22,0.91,1.15,0.55,0.87,0.99,1.99,1.61,0.46,0.68,0.55,1.26,0.71,1.81,1.34,0.75,0.91,0.55,1.00,1.96,1.86,1.39,2.23,0.39,0.67,0.40,0.74,1.40,0.47,0.54,0.67,0.81,0.60,0.89,0.91,0.76,0.51,0.77,0.84,0.74,0.78,0.93,0.83,0.95,1.51,0.66,1.55,2.19,0.69,1.21,1.64,0.95,1.35,0.82,0.59,0.36,0.46,0.45,0.25,1.77,0.39,2.04,3.35,0.88,1.63,1.11,1.45,0.90,0.78,0.56,0.00,1.03,0.93,0.94,0.87,0.51,0.91,0.72,1.20,0.76,0.94,1.11,0.75,0.65,1.15,1.03,0.69,1.58,0.94,0.51,3.06,0.33,0.30,1.31,1.58,0.71,1.72,0.22,0.78,0.15,0.49,0.19,0.61,0.36,0.52,0.32,0.76,0.57,0.47,0.44,0.54,0.66,0.77,0.40,0.90,0.64,0.40,0.40,0.36,0.44,0.74,1.24,,0.65,0.85,0.92,,2.79,1.62,0.66,2.13,0.79,1.29,1.09,0.44,0.09,0.29,0.41,0.46,0.71,0.71,0.61,0.90,0.54,1.47,0.54,,1.13,0.57,1.67,0.25,0.53,0.41,1.10,0.48,0.41,0.81,,0.29,0.28,0.53,0.40,0.38,0.95,0.47,0.11,0.07,0.27,0.98,0.75,0.55,0.36,0.33,0.16,0.49,2.14,0.89,0.67,1.03,0.54,0.59,1.44,0.51,1.17,0.70,1.09,0.80,0.27,1.84,1.51,1.22,1.39,0.65,0.91,0.69,0.44,1.32,1.18,0.93,0.72,0.55,1.36,0.47,0.84,0.94,0.70,0.83,0.58,0.29,0.72,0.47,0.92,1.00,0.58,0.67,0.73,1.26,1.14,1.09,0.95,1.30,1.68,0.76,0.89,0.20,0.67,0.62,0.94,0.56,0.83,0.77,0.62,0.80,0.72,0.21,0.32,0.60,0.46,0.63,0.42,1.16,0.31,0.37,0.93,0.59,1.22,1.32,0.22,,0.74,0.43,0.62,0.72,0.39,0.27,0.66,0.31,0.58,0.24,0.32,0.83,0.38,0.33,0.92,0.68,0.57,1.05,1.09,0.54,2.99,0.21,0.79,0.43,0.64,0.35,,0.76,0.78,0.73,0.62,0.24,0.38,0.48,0.37,1.17,0.79,0.94,0.58,0.49,0.39,0.73,0.23,0.50,1.23,0.43,0.50,1.07,1.53,0.54,0.50,0.31,
20150811,5,CO_24h,0.82,1.23,0.61,2.34,0.70,0.74,1.03,0.39,0.59,1.21,0.88,1.27,0.50,0.67,0.60,0.63,0.88,0.60,0.74,0.55,0.50,0.59,0.44,0.44,0.84,0.33,0.66,0.74,0.62,0.67,0.31,0.30,0.34,0.70,0.61,0.82,0.53,0.45,0.66,0.63,0.43,0.76,0.66,0.60,0.42,0.54,0.42,0.93,1.34,0.41,0.87,0.42,0.47,0.97,0.86,0.78,0.77,0.94,0.92,0.68,0.77,0.68,0.76,0.69,1.08,1.00,0.71,1.10,0.67,0.97,1.03,1.30,1.19,0.74,0.71,0.53,1.35,0.89,0.74,1.37,0.62,0.77,0.64,0.82,2.00,1.75,1.58,1.33,0.45,0.64,0.40,0.75,1.58,0.52,0.52,0.68,0.80,0.77,0.88,1.07,0.78,0.64,0.86,1.00,0.96,1.19,1.09,0.90,1.05,1.43,0.65,1.18,1.81,0.85,1.17,1.54,0.93,1.19,0.77,0.72,0.39,0.46,0.39,0.37,1.26,0.55,1.81,1.27,0.61,1.41,0.84,1.30,0.79,0.75,0.61,0.39,1.02,0.94,1.03,0.80,0.52,0.97,0.63,1.44,0.71,0.69,0.95,0.69,0.62,0.96,1.24,0.62,1.64,1.09,0.56,3.27,0.46,0.44,1.27,1.67,0.53,1.65,0.29,0.57,0.38,0.39,0.33,0.63,0.43,0.45,0.28,0.87,0.65,0.41,0.42,0.63,0.39,0.80,0.57,0.99,0.65,0.55,0.45,0.36,0.53,0.76,1.23,,0.38,0.83,0.88,,2.51,1.42,0.56,2.23,0.85,1.30,0.77,0.61,0.38,0.35,0.46,0.52,0.68,0.77,0.50,0.95,0.44,1.45,0.48,,0.47,0.76,1.48,0.28,0.55,0.43,0.96,0.49,0.40,0.84,0.10,0.41,0.28,1.64,0.32,0.26,0.72,0.55,0.14,0.09,0.18,0.42,0.27,0.54,0.34,0.36,0.21,0.72,1.73,0.99,0.74,1.06,0.63,0.71,1.21,0.52,1.19,0.62,0.91,0.86,0.31,1.11,0.90,1.06,0.85,0.52,0.67,0.45,0.37,1.27,1.14,0.75,0.83,0.62,1.36,0.52,1.29,0.86,0.73,0.72,0.54,0.33,0.77,0.38,0.83,1.06,0.71,0.76,0.67,1.13,0.92,1.45,0.93,1.32,1.30,0.76,0.88,0.31,0.74,0.48,0.94,0.53,0.77,0.99,0.68,0.90,0.56,0.21,0.66,0.74,0.64,0.49,0.56,1.06,0.45,0.36,0.71,0.67,0.94,1.20,0.27,0.20,1.00,0.79,0.77,0.59,0.53,0.31,0.88,0.44,0.75,0.41,0.34,0.93,0.42,0.37,1.08,1.13,0.62,1.02,1.00,0.57,2.88,0.45,0.50,0.53,0.94,0.44,,0.72,0.80,0.79,0.64,0.35,0.36,0.60,0.33,1.88,0.84,1.03,0.64,0.74,0.98,1.12,0.11,0.53,1.27,0.41,0.56,1.08,1.61,0.61,0.56,0.43,
20150811,6,AQI,135,179,166,118,59,186,151,30,48,176,130,186,140,76,54,65,80,51,51,40,14,30,30,19,47,22,15,14,24,24,27,34,32,24,26,52,37,23,44,30,26,47,37,46,29,24,20,16,69,56,163,24,26,58,22,26,54,35,31,41,44,49,83,28,93,84,75,68,35,70,69,53,100,39,32,40,78,43,128,56,63,55,25,44,150,129,76,82,41,75,65,64,69,31,53,59,25,23,38,39,44,19,71,46,40,27,43,36,45,83,70,109,55,67,39,59,51,69,63,38,20,30,39,18,36,13,95,170,131,63,81,98,39,41,40,63,37,54,30,62,24,67,57,40,79,89,94,93,64,51,43,58,73,73,52,56,36,74,33,80,62,59,26,46,24,58,30,63,40,52,59,31,19,27,43,33,27,31,11,19,23,14,11,34,48,29,53,,55,30,51,,98,88,46,86,51,67,90,56,47,65,58,44,47,78,68,58,45,52,86,,78,55,18,55,25,30,62,28,56,18,29,43,25,28,30,35,40,48,23,20,19,52,50,32,53,18,29,24,33,26,29,51,27,42,39,20,44,19,44,36,36,109,140,146,116,79,71,64,52,43,55,52,20,46,30,22,25,34,25,39,51,40,40,66,61,40,27,54,38,55,100,60,53,31,56,49,76,37,60,61,53,66,53,81,25,34,53,36,27,16,65,65,26,38,49,53,80,27,85,29,22,23,33,50,59,28,11,58,26,21,20,28,28,33,11,11,24,58,29,32,50,54,33,34,63,51,34,57,,42,33,53,53,47,55,57,17,43,31,24,45,69,46,46,23,60,26,74,437,27,119,24,27,25,
20150811,6,PM2.5,103,135,126,89,14,140,116,21,10,133,99,140,107,41,19,34,59,21,26,19,6,21,21,10,20,3,9,8,3,7,13,7,20,16,16,29,26,16,31,18,11,33,21,20,11,14,13,6,45,22,124,15,17,41,14,18,38,24,22,29,31,30,59,15,69,56,55,46,23,47,28,31,75,10,18,19,56,28,64,38,41,38,11,16,115,92,38,47,17,41,33,46,28,18,28,25,15,16,22,27,29,13,52,28,28,19,30,24,27,61,22,82,36,42,14,36,26,50,45,15,11,18,18,10,25,7,71,129,100,38,53,73,17,25,19,45,12,37,13,44,9,46,40,25,58,66,70,69,40,36,22,40,53,52,28,19,17,54,18,40,36,23,18,26,10,31,19,41,25,25,42,22,13,18,30,23,8,22,2,10,16,8,6,17,17,15,33,,39,18,34,,71,58,32,64,28,41,67,24,33,47,31,25,8,38,27,28,24,26,64,,35,34,12,39,16,21,42,14,40,7,20,30,12,4,18,9,18,23,16,6,13,25,35,17,24,7,12,17,23,18,16,36,19,29,16,12,31,13,31,24,25,82,107,112,70,58,48,37,19,22,39,29,9,18,21,10,14,24,17,21,29,20,20,48,37,28,14,38,22,36,75,43,37,22,33,33,43,20,43,44,37,47,37,60,14,24,28,24,19,9,47,37,18,24,15,37,59,15,63,11,7,8,23,23,42,11,3,14,11,15,13,8,12,23,4,8,17,41,16,21,19,38,15,20,45,36,24,33,,21,20,37,31,33,39,27,8,28,20,14,30,31,14,13,16,24,18,45,57,19,90,3,13,10,
20150811,6,PM2.5_24h,54,117,113,94,15,108,129,23,13,100,80,112,103,29,18,22,56,22,18,19,5,21,18,13,16,11,19,18,17,13,11,7,14,21,17,21,20,20,23,20,12,28,18,19,7,18,16,10,54,14,49,12,17,38,17,17,37,21,17,26,34,32,45,19,56,34,42,44,28,54,32,34,53,25,16,15,47,41,23,35,16,29,15,20,121,81,40,33,18,28,27,27,25,13,30,44,16,20,26,33,25,16,34,20,28,31,29,30,27,37,23,65,28,41,12,41,20,37,23,19,9,19,18,11,18,11,51,77,41,28,43,52,18,26,16,41,18,29,25,33,9,33,32,21,44,42,37,56,38,40,42,36,59,65,32,20,19,39,24,20,28,22,15,17,11,23,21,30,25,19,30,27,13,18,21,18,15,21,3,17,15,14,12,13,15,19,24,,83,19,30,,52,44,25,51,33,48,61,21,39,48,29,27,11,41,13,34,17,15,24,,19,24,12,39,16,21,35,16,41,7,17,17,10,9,13,6,17,15,15,7,11,18,30,13,21,7,13,19,17,16,16,24,22,20,13,8,27,17,27,19,25,55,70,63,42,41,48,36,21,19,28,26,9,21,21,8,14,26,22,17,20,20,18,43,25,19,16,35,40,39,55,52,32,26,28,36,35,13,34,37,33,48,32,52,13,26,21,28,19,21,49,35,15,32,20,25,49,17,51,15,7,10,34,65,48,8,6,16,11,14,23,8,17,57,14,12,29,55,18,23,23,34,15,21,47,39,27,27,,17,19,39,24,35,40,42,14,29,33,26,30,33,23,27,20,27,40,70,103,27,17,12,36,16,
20150811,6,PM10,105,147,242,167,67,223,176,29,48,247,149,153,152,101,58,80,103,51,52,40,14,,24,13,47,14,15,14,13,8,27,11,32,24,26,54,34,,40,30,26,46,37,46,29,24,20,12,88,61,168,24,26,49,22,17,45,35,31,32,44,49,115,28,111,117,98,85,35,89,87,55,90,39,32,40,106,43,205,61,76,59,25,44,140,208,101,113,41,99,80,66,87,31,56,68,25,20,38,32,44,18,66,46,26,23,38,36,45,113,90,129,60,83,39,67,52,75,64,38,20,30,39,18,28,13,102,205,113,76,112,110,39,41,40,56,37,57,30,73,24,83,63,40,85,108,109,93,77,45,43,66,72,96,54,62,24,62,33,110,73,67,25,46,24,66,30,76,40,54,61,27,18,27,36,29,27,31,11,19,,14,11,34,48,29,56,,48,30,52,,146,125,45,85,51,83,97,62,35,67,65,44,47,106,86,66,45,53,101,,106,59,16,46,25,27,74,28,43,18,23,11,25,28,30,35,40,48,23,20,19,53,46,32,55,18,29,15,31,22,29,45,24,42,39,20,42,17,33,36,30,157,226,125,181,91,91,78,53,43,53,54,20,46,27,22,25,32,25,39,52,40,40,64,72,39,27,57,38,60,109,47,45,29,62,49,101,37,65,66,54,81,45,70,25,32,56,36,26,16,76,79,26,38,49,40,84,27,73,29,22,23,30,50,42,28,11,65,26,20,12,28,15,,3,10,23,50,29,32,50,49,33,34,58,39,29,64,,42,33,,56,42,57,63,17,43,31,18,45,87,46,46,16,30,,98,537,27,,16,18,25,
20150811,6,PM10_24h,66,188,199,159,62,197,216,56,48,185,116,158,142,66,68,51,80,48,36,33,8,33,24,20,38,22,33,27,18,22,17,16,23,33,27,37,27,30,36,32,30,35,24,32,15,33,31,23,104,43,84,16,24,51,30,39,51,31,28,34,48,48,98,38,89,71,73,73,56,99,77,70,67,55,26,29,99,66,72,57,40,45,29,36,173,154,80,77,51,63,68,50,59,26,58,82,26,33,39,47,40,25,45,32,51,38,41,60,42,70,52,92,46,80,42,64,44,61,39,43,29,31,29,24,34,21,75,120,69,69,76,79,53,48,31,61,42,48,47,59,20,50,50,35,63,72,71,79,79,45,74,65,83,104,58,41,44,66,47,49,60,51,32,26,28,43,38,55,40,44,50,40,34,28,35,30,40,35,18,32,24,24,17,27,43,39,43,,56,38,52,,111,102,42,70,55,66,99,64,104,84,53,59,56,94,36,62,33,53,47,,47,45,24,52,26,37,54,25,57,16,32,42,17,33,20,33,35,38,27,13,18,32,39,20,45,20,25,29,33,27,27,38,28,38,29,18,45,26,35,30,32,106,123,88,92,67,86,58,53,38,51,52,19,52,30,20,31,40,37,34,36,34,35,62,62,33,33,53,63,70,89,75,50,45,56,63,70,39,56,51,48,77,50,79,28,35,56,32,36,34,79,71,31,45,54,35,99,33,71,25,18,26,42,88,70,24,12,47,23,23,38,37,36,127,21,29,39,79,33,38,50,49,44,34,64,52,39,62,,34,53,46,51,54,59,129,28,49,48,42,51,98,75,74,46,41,273,180,540,60,33,33,43,43,
20150811,6,SO2,6,6,9,52,27,35,13,14,6,9,22,15,13,18,10,24,12,7,4,10,6,12,14,8,51,11,14,11,8,15,10,6,9,9,8,18,7,5,9,2,3,54,24,3,7,7,7,3,24,24,6,8,14,19,6,3,21,6,15,9,8,19,13,10,13,12,14,23,9,7,12,10,7,3,13,74,32,8,17,8,30,17,11,10,18,15,15,29,28,16,9,41,17,9,10,25,19,6,12,23,6,8,11,5,10,10,11,9,14,26,26,26,12,30,20,13,9,9,17,10,12,6,9,17,39,8,22,28,18,15,64,17,12,14,17,15,7,46,8,66,3,10,24,7,10,42,47,14,6,32,14,2,7,3,7,9,9,11,7,3,36,29,7,22,10,7,11,8,33,17,9,33,2,7,18,10,7,9,16,12,9,9,4,8,12,9,53,,3,13,8,,99,101,3,21,58,22,147,16,2,13,15,4,3,5,39,8,8,10,22,,61,38,4,5,5,3,3,12,5,5,15,12,11,6,5,7,33,11,17,8,23,42,28,72,46,5,10,3,8,10,5,6,5,23,18,11,29,17,24,15,16,21,26,10,33,14,23,10,20,3,26,16,7,13,2,2,8,8,4,16,37,14,8,67,31,27,13,18,12,14,39,9,9,16,172,9,11,18,22,31,6,19,12,11,8,2,25,5,13,28,9,52,6,8,33,7,27,16,86,6,7,4,9,10,13,13,3,2,11,15,5,8,7,17,15,4,4,6,16,12,7,11,7,15,2,7,4,7,,13,13,26,12,6,14,23,2,20,4,4,3,4,1,6,14,2,3,9,30,5,5,10,3,2,
20150811,6,SO2_24h,3,7,9,35,24,33,15,19,7,9,26,17,16,18,10,11,12,6,4,8,7,9,13,8,26,30,12,11,11,15,9,6,4,11,8,6,7,6,5,3,4,17,10,3,8,6,7,22,34,17,5,9,10,10,7,5,16,6,9,8,10,20,17,8,13,16,14,14,9,8,17,22,6,6,11,37,36,18,9,11,15,35,11,9,22,39,30,37,26,14,10,32,23,9,21,61,14,7,9,13,5,9,8,6,22,12,12,24,15,32,18,33,9,23,13,14,8,10,18,15,13,7,8,17,19,33,19,12,13,24,39,16,9,9,16,11,8,30,11,33,3,15,30,16,18,18,27,13,7,21,19,5,8,4,9,15,16,11,9,7,27,70,9,10,21,6,28,11,33,19,12,25,16,9,17,10,6,8,17,10,6,9,13,7,8,8,27,,3,14,9,,39,46,9,15,47,16,76,10,3,16,17,4,7,4,22,10,8,12,12,,9,15,5,7,3,7,3,12,5,10,15,12,13,17,6,7,24,15,16,8,15,29,14,69,37,7,12,4,12,12,6,5,6,31,12,11,17,10,15,14,25,23,25,11,19,13,30,13,15,4,24,9,7,15,2,1,15,6,5,7,23,10,9,55,21,22,20,22,8,15,35,10,9,19,66,11,13,22,14,34,13,27,16,23,10,6,24,4,13,27,9,61,9,11,37,8,20,14,47,7,7,9,28,43,17,12,10,18,12,12,5,6,7,26,15,4,6,9,13,13,15,11,7,16,5,11,6,6,,11,9,24,12,7,12,26,2,21,3,6,4,5,3,7,19,6,3,10,30,9,6,9,7,4,
20150811,6,NO2,46,25,44,79,63,42,40,12,39,46,83,62,49,40,47,43,21,45,35,15,15,18,18,10,42,11,13,16,10,7,3,7,20,20,12,31,15,5,26,3,9,31,20,18,19,21,22,7,50,31,46,16,10,38,21,9,30,15,14,39,16,25,41,18,53,58,39,30,31,39,58,32,24,28,20,18,54,11,50,19,53,71,18,29,48,61,42,53,25,47,29,44,35,13,36,11,14,10,25,14,19,4,11,15,20,14,18,19,19,37,25,45,15,37,19,40,18,31,47,28,17,29,17,36,28,11,37,55,33,24,49,12,25,27,7,9,17,21,12,25,16,32,22,21,25,31,44,37,24,22,15,27,40,27,28,19,14,12,8,3,37,21,34,39,33,32,26,21,28,18,11,19,14,7,19,11,16,15,14,21,10,9,14,10,18,16,39,,27,32,16,,60,80,18,13,41,38,31,22,20,13,54,24,10,8,39,24,28,21,42,,33,17,28,12,16,13,6,13,6,10,17,22,29,2,13,21,20,16,9,10,24,50,4,9,49,4,15,12,22,12,11,16,7,12,13,10,10,6,19,6,11,45,85,22,92,33,14,38,35,15,11,27,10,15,4,2,12,14,12,11,23,15,7,19,22,8,12,25,16,19,23,27,14,8,24,28,29,19,22,25,18,33,13,36,25,19,15,11,19,16,22,37,16,28,25,22,16,9,32,11,5,6,7,23,23,10,3,6,7,10,5,9,7,10,2,6,16,15,6,20,25,28,27,18,36,25,4,37,,24,25,28,18,5,11,40,17,6,8,13,7,17,8,22,3,8,7,12,6,12,4,4,9,7,
20150811,6,NO2_24h,34,27,29,52,46,35,49,21,31,49,49,46,43,30,32,41,29,39,29,15,26,26,16,10,26,21,22,24,18,13,3,9,11,30,13,20,13,21,16,8,11,24,19,15,20,29,25,23,46,19,33,14,12,41,32,18,31,18,15,27,22,23,37,18,41,54,34,38,26,35,52,41,28,36,16,18,43,30,22,23,25,35,18,20,37,43,32,43,18,32,19,28,29,8,17,23,12,13,24,16,17,8,16,18,36,17,16,19,16,32,20,27,18,28,20,27,20,28,30,31,16,25,15,34,21,13,26,29,22,29,28,20,28,17,10,7,18,16,10,21,12,43,26,25,33,32,35,35,30,24,20,21,38,26,30,18,26,14,12,15,21,30,16,16,27,20,22,26,17,14,16,24,10,16,20,20,22,20,17,22,16,19,13,11,20,22,55,,19,17,11,,42,42,14,8,30,19,21,16,36,20,29,17,8,8,33,22,24,15,27,,22,16,23,15,16,20,4,15,9,10,15,17,17,6,11,17,19,18,13,9,19,33,17,8,37,11,20,18,26,15,13,21,15,11,9,10,10,6,18,8,15,32,36,21,41,14,12,17,23,11,14,22,11,14,3,3,17,10,15,11,12,13,15,23,16,10,14,24,15,18,19,26,14,9,20,17,22,25,18,25,22,25,22,39,23,25,13,12,27,19,26,25,16,29,29,29,21,13,23,14,8,9,23,18,19,12,15,10,8,14,19,5,12,11,4,6,15,24,7,16,24,22,23,15,45,20,11,23,,21,19,29,18,8,11,40,14,8,11,12,12,33,8,28,9,16,7,11,21,21,10,12,22,17,
20150811,6,O3,36,38,13,6,10,36,36,61,8,24,13,8,35,9,31,13,82,5,5,49,46,32,30,60,11,71,25,30,78,78,53,109,40,37,45,5,35,38,24,44,37,15,39,18,41,22,33,51,7,16,27,23,33,16,47,59,14,25,16,10,36,15,30,30,12,7,8,4,57,14,10,26,29,83,27,24,32,104,17,17,20,5,26,14,76,19,10,7,16,16,17,9,8,32,12,60,28,40,26,31,12,60,32,49,36,25,21,3,14,16,36,25,38,12,14,22,9,5,18,14,25,8,22,30,28,21,24,13,26,55,14,69,21,31,33,61,43,28,75,36,12,18,18,17,11,30,16,40,17,,42,20,2,5,29,49,116,49,90,105,6,11,8,7,7,19,47,61,15,36,62,7,8,35,34,34,17,26,26,30,48,34,26,48,63,45,10,,37,18,21,,12,26,18,92,8,23,49,37,12,95,19,14,14,86,7,18,6,10,6,,1,11,16,37,8,26,18,12,3,19,81,15,20,3,27,12,16,29,22,23,23,8,10,24,51,11,57,27,6,12,33,,24,10,13,40,26,26,15,30,39,33,4,49,8,24,63,8,23,8,13,17,27,23,18,36,26,32,10,31,17,46,64,21,29,48,2,25,54,34,28,28,10,25,11,11,3,18,22,15,7,8,52,29,48,4,19,2,14,35,14,9,19,,68,2,19,16,30,40,4,25,35,19,3,2,17,9,20,22,64,79,91,59,34,32,29,91,20,2,19,38,23,40,33,66,59,36,,27,15,35,91,52,81,42,4,83,70,77,68,73,39,74,34,168,27,46,99,59,5,76,86,70,
20150811,6,O3_24h,196,208,159,275,110,130,239,141,136,232,213,124,145,78,154,125,164,102,77,65,70,63,60,64,62,85,56,89,78,78,57,122,65,63,73,63,70,58,72,74,60,59,90,71,88,72,67,59,202,53,96,55,56,183,93,83,138,95,91,178,118,116,125,88,147,154,128,91,132,137,196,135,90,158,53,41,174,177,154,136,124,125,64,72,180,194,136,127,97,119,138,147,132,56,126,276,92,102,92,97,106,125,115,108,100,90,116,82,88,120,115,183,97,98,64,120,131,153,135,115,60,91,78,72,64,60,95,139,99,130,117,109,66,102,66,109,102,98,174,115,61,145,107,69,115,104,193,139,118,83,87,73,85,104,135,117,157,101,128,105,136,218,69,81,86,111,191,122,126,103,126,242,111,64,55,56,52,45,28,55,83,66,52,56,97,62,48,,122,54,100,,84,158,66,108,93,141,113,92,80,131,120,86,48,128,96,112,81,57,101,,97,77,86,65,106,93,66,81,58,82,120,56,66,47,55,30,62,79,42,74,30,26,23,49,75,30,79,58,47,55,77,68,35,51,45,56,80,60,60,64,60,132,112,181,106,99,187,111,84,71,84,119,55,56,36,72,48,68,77,66,84,76,105,91,101,64,88,100,150,130,116,138,95,96,95,141,125,123,153,118,138,138,130,155,64,108,138,103,28,107,33,103,90,78,112,69,102,75,115,73,44,64,73,120,100,56,55,75,56,50,138,138,123,98,65,100,94,157,93,96,83,87,127,126,88,125,81,121,,109,149,153,185,109,157,132,71,116,113,131,103,118,66,108,85,206,89,90,100,90,65,118,135,116,
20150811,6,O3_8h,66,64,23,25,18,39,35,69,16,55,68,19,36,13,33,17,81,4,6,56,41,42,45,62,13,56,32,37,52,53,49,92,44,30,57,20,53,31,41,45,42,26,46,12,46,20,42,35,12,25,34,31,39,19,40,50,16,21,16,21,26,24,34,34,19,10,13,8,64,21,15,39,45,84,35,29,44,80,40,17,31,30,38,23,98,34,24,8,20,36,26,16,24,34,30,65,41,37,56,31,10,63,37,37,33,38,35,4,38,25,48,53,30,14,15,23,12,12,33,13,27,11,28,34,32,28,32,34,34,52,48,71,26,40,35,72,48,49,87,42,21,17,17,21,11,24,33,42,15,7,41,22,8,14,16,66,107,68,96,93,19,12,29,32,9,21,63,49,38,55,59,10,8,39,45,44,34,35,20,36,43,25,26,49,63,38,13,,50,23,29,,12,32,23,108,15,60,86,35,4,91,46,29,23,92,5,17,9,13,3,,4,8,19,26,8,24,24,11,4,18,86,14,19,6,32,20,9,35,23,24,25,16,12,28,46,8,43,24,4,3,40,3,27,16,15,41,33,29,17,34,32,45,25,75,22,48,72,28,23,15,16,29,34,21,21,44,26,35,15,47,36,56,65,34,38,48,4,28,61,46,45,26,17,33,9,29,6,23,35,28,18,29,37,43,46,9,43,15,15,38,13,13,30,3,70,2,18,21,31,47,5,28,18,33,14,3,10,12,26,26,67,106,95,69,37,43,28,64,25,11,29,66,25,63,21,81,50,48,,46,32,51,88,61,102,50,20,93,53,84,67,50,46,66,48,150,50,47,90,58,21,68,90,76,
20150811,6,O3_8h_24h,167,177,125,207,93,117,191,127,119,208,189,106,136,71,138,112,137,85,65,60,48,54,55,62,48,56,49,64,65,54,50,92,59,50,68,56,63,50,64,63,54,49,75,65,66,60,65,48,154,44,89,46,53,113,76,75,103,75,75,138,85,91,112,76,118,116,98,80,125,113,161,120,74,129,48,40,149,148,158,102,113,115,61,53,166,163,112,105,61,103,112,107,100,51,105,196,78,85,78,76,87,104,95,98,81,82,97,52,77,104,109,158,89,83,57,110,116,123,126,101,55,81,70,44,47,46,82,125,90,98,104,99,58,89,52,103,95,91,148,107,55,115,95,55,93,88,131,112,101,60,75,68,76,91,86,110,126,91,120,99,115,128,66,66,69,94,125,103,108,92,95,133,84,56,50,51,44,36,25,47,75,46,43,51,88,52,49,,110,47,90,,59,152,51,102,89,128,106,87,66,120,114,72,44,138,90,104,74,54,90,,90,68,78,56,94,79,51,61,43,70,94,46,50,40,46,27,56,48,38,38,26,21,18,41,64,15,59,53,37,46,69,58,31,37,34,49,68,53,48,56,55,119,99,150,92,89,122,98,72,37,72,106,50,50,33,65,42,61,66,56,62,72,88,69,95,58,74,80,121,114,107,113,83,78,85,126,108,91,117,108,94,119,119,130,57,83,125,89,18,86,25,87,85,62,96,62,91,58,104,69,37,53,60,94,88,44,43,55,51,44,124,130,110,92,46,92,77,136,80,82,71,79,121,123,81,108,94,109,,98,134,133,174,105,148,128,68,113,105,121,97,110,61,98,80,198,86,85,90,75,58,109,122,108,
20150811,6,CO,1.63,1.24,0.96,4.02,0.93,1.13,0.89,0.31,0.45,2.16,1.11,1.43,0.66,0.75,0.81,0.77,1.07,0.61,0.85,0.55,0.51,0.53,0.57,0.35,2.22,0.13,0.63,0.64,0.41,0.52,0.33,0.30,0.39,0.63,0.59,0.99,0.62,0.28,0.80,0.52,0.42,1.02,0.69,0.64,0.40,0.54,0.38,0.64,0.97,0.88,1.43,0.47,0.43,0.97,0.81,0.69,0.81,1.00,0.93,0.75,0.70,0.64,0.85,0.56,1.23,1.26,0.88,1.14,0.51,0.87,0.99,1.25,1.92,0.43,0.66,0.48,1.31,0.82,2.12,1.40,0.82,0.92,0.67,0.90,2.07,1.93,1.41,2.61,0.45,0.74,0.43,0.73,1.39,0.47,0.59,0.68,0.76,0.59,0.90,0.95,0.76,0.51,0.78,1.02,0.97,0.85,0.99,0.82,1.10,1.61,0.75,1.59,1.90,0.78,1.45,1.98,0.93,1.44,0.83,0.60,0.46,0.46,0.43,0.27,1.85,0.39,2.08,3.75,0.94,1.74,1.19,1.42,0.90,0.95,0.54,0.00,1.07,0.95,0.96,0.84,0.56,0.89,0.66,1.26,0.71,1.06,1.06,0.74,0.57,1.12,1.09,0.71,1.63,0.97,0.54,3.06,0.25,0.50,1.29,1.62,0.82,1.75,0.26,0.83,0.16,0.53,0.27,0.58,0.44,0.41,0.34,0.80,0.66,0.35,0.44,0.52,1.05,0.82,0.38,1.03,0.64,0.36,0.42,0.38,0.46,0.74,1.40,,0.72,0.94,0.99,,2.99,2.00,0.65,2.22,0.78,1.53,1.11,0.57,0.15,0.31,0.47,0.54,0.76,0.83,0.65,0.90,0.48,1.48,0.75,,1.98,0.63,1.83,0.25,0.54,0.38,1.38,0.49,0.43,0.83,,0.35,0.40,0.54,0.40,0.45,0.94,0.48,0.09,0.07,0.30,0.84,0.95,0.59,0.41,0.33,0.15,0.65,1.69,0.86,0.62,1.16,0.55,0.65,1.54,0.56,1.23,0.77,1.00,0.84,0.28,1.88,1.58,1.27,1.50,0.89,0.96,0.74,0.43,1.26,1.20,0.96,0.79,0.56,1.41,0.47,0.88,0.96,0.66,0.88,0.60,0.27,0.70,0.46,0.91,0.96,0.62,0.68,0.61,1.23,1.08,1.13,0.95,1.19,2.08,0.84,0.90,0.21,0.66,0.64,0.92,0.56,0.80,0.79,0.61,0.80,0.81,0.21,0.41,0.58,0.47,0.71,0.45,1.18,0.37,0.38,0.84,0.57,1.44,1.35,0.20,,0.68,0.40,0.60,0.71,0.35,0.30,0.68,0.31,0.57,0.28,0.32,0.77,0.37,0.34,1.03,0.67,0.57,1.13,1.07,0.60,3.04,0.20,0.82,0.52,0.67,0.38,,0.76,0.81,0.92,0.65,0.24,0.35,0.46,0.37,1.10,0.80,0.96,0.58,0.50,0.44,0.71,0.20,0.49,1.25,0.39,0.49,1.13,1.51,0.57,0.49,0.33,
20150811,6,CO_24h,0.85,1.23,0.61,2.45,0.68,0.75,1.02,0.40,0.58,1.25,0.88,1.27,0.50,0.67,0.60,0.62,0.90,0.60,0.75,0.55,0.50,0.59,0.45,0.42,0.90,0.32,0.66,0.71,0.62,0.67,0.31,0.30,0.34,0.70,0.61,0.83,0.54,0.45,0.67,0.63,0.43,0.78,0.67,0.61,0.42,0.55,0.42,0.92,1.35,0.44,0.90,0.43,0.47,0.97,0.89,0.78,0.78,0.95,0.93,0.69,0.75,0.68,0.76,0.69,1.09,1.02,0.72,1.12,0.66,0.96,1.04,1.32,1.22,0.71,0.71,0.54,1.36,0.89,0.79,1.38,0.62,0.74,0.64,0.81,1.99,1.77,1.55,1.37,0.45,0.64,0.38,0.74,1.55,0.52,0.52,0.67,0.79,0.77,0.88,1.07,0.79,0.63,0.86,1.01,0.96,1.19,1.10,0.90,1.06,1.45,0.65,1.20,1.82,0.83,1.18,1.49,0.92,1.19,0.75,0.73,0.40,0.46,0.39,0.38,1.30,0.54,1.82,1.39,0.63,1.42,0.86,1.32,0.79,0.76,0.60,0.33,1.02,0.94,1.04,0.79,0.52,0.97,0.64,1.43,0.71,0.71,0.95,0.70,0.62,0.98,1.23,0.62,1.64,1.08,0.55,3.26,0.45,0.44,1.27,1.67,0.54,1.65,0.28,0.57,0.38,0.40,0.32,0.63,0.43,0.45,0.28,0.87,0.65,0.42,0.42,0.62,0.41,0.80,0.56,1.00,0.65,0.53,0.45,0.37,0.53,0.77,1.26,,0.38,0.84,0.89,,2.54,1.43,0.56,2.22,0.85,1.30,0.77,0.61,0.37,0.35,0.46,0.51,0.68,0.77,0.51,0.92,0.44,1.45,0.51,,0.54,0.74,1.51,0.28,0.56,0.42,0.98,0.49,0.41,0.84,0.09,0.41,0.29,1.58,0.32,0.26,0.73,0.56,0.14,0.09,0.18,0.42,0.30,0.54,0.34,0.37,0.22,0.72,1.74,0.99,0.74,1.07,0.62,0.71,1.22,0.53,1.19,0.61,0.92,0.86,0.31,1.12,0.95,1.06,0.87,0.53,0.70,0.46,0.38,1.28,1.15,0.75,0.83,0.62,1.36,0.52,1.26,0.87,0.73,0.73,0.54,0.33,0.77,0.38,0.82,1.06,0.71,0.76,0.67,1.13,0.92,1.44,0.93,1.32,1.31,0.77,0.88,0.30,0.73,0.49,0.94,0.53,0.78,0.99,0.69,0.91,0.58,0.21,0.66,0.74,0.64,0.51,0.56,1.07,0.45,0.36,0.71,0.68,0.97,1.21,0.27,0.17,1.00,0.76,0.73,0.60,0.52,0.31,0.87,0.43,0.75,0.41,0.34,0.92,0.42,0.37,1.08,1.10,0.62,1.02,0.99,0.57,2.89,0.45,0.50,0.53,0.93,0.42,,0.73,0.80,0.81,0.64,0.35,0.36,0.60,0.33,1.83,0.83,1.02,0.64,0.74,0.93,1.09,0.10,0.53,1.26,0.42,0.56,1.08,1.61,0.61,0.56,0.43,
20150811,7,AQI,128,174,156,118,62,180,114,37,50,166,148,206,143,79,55,67,71,48,50,38,15,12,17,17,53,21,16,18,23,26,28,33,24,23,27,54,40,23,27,33,27,53,29,52,36,46,22,16,74,59,171,30,26,58,24,38,58,33,32,44,23,49,80,36,93,90,83,65,30,71,79,56,161,48,31,39,84,47,109,55,57,65,32,37,153,139,72,93,47,70,65,69,69,32,67,56,30,24,41,52,41,24,55,45,40,30,43,49,48,90,66,108,57,67,42,61,59,73,57,41,39,31,43,26,39,14,93,170,129,65,93,96,47,40,38,63,38,61,35,77,23,65,60,39,88,93,85,83,57,53,47,60,81,68,57,39,37,79,36,74,66,62,33,60,28,53,31,60,51,34,65,43,28,9,32,12,36,30,17,25,23,15,13,28,67,29,54,,68,39,57,,100,115,45,86,51,68,98,61,44,73,64,48,52,73,74,57,43,53,101,,78,48,20,53,30,24,63,24,73,15,29,24,25,27,32,33,41,40,26,11,24,53,59,27,52,16,30,26,31,30,30,54,26,50,48,24,49,21,47,36,33,121,148,156,120,85,70,59,51,48,53,53,18,48,29,23,26,31,27,40,54,40,37,64,66,40,36,46,33,50,100,61,54,33,60,57,66,43,59,64,53,64,51,78,21,39,54,37,40,17,58,62,25,39,53,60,66,31,90,36,16,29,33,51,61,31,23,58,32,22,20,28,27,51,11,13,30,69,27,32,53,53,35,40,64,58,34,59,,38,30,53,53,56,52,55,18,43,26,27,46,69,54,45,20,58,36,75,320,39,73,25,24,21,
20150811,7,PM2.5,97,132,119,89,14,136,86,23,16,126,113,156,109,44,19,39,52,23,29,19,8,3,12,11,23,3,8,5,6,3,13,7,17,15,17,32,28,16,19,20,12,37,18,22,13,13,14,11,41,23,130,18,17,41,14,18,41,22,22,31,16,33,59,21,69,61,61,45,15,52,29,35,123,13,18,20,61,33,49,37,38,47,12,17,117,106,43,48,21,41,36,46,30,20,30,31,17,15,23,33,29,11,39,28,28,19,30,24,27,67,27,81,38,46,20,38,35,53,35,17,14,20,19,11,27,7,69,129,98,38,69,72,20,28,16,45,16,42,12,51,13,46,43,25,65,69,63,61,35,37,27,43,60,48,36,27,9,58,18,32,42,26,21,42,11,32,17,39,30,24,47,30,13,6,15,8,10,13,2,15,16,6,6,19,13,15,34,,42,21,40,,75,73,31,64,34,49,73,28,31,53,32,25,9,37,49,29,23,36,76,,42,29,12,37,21,16,40,17,53,7,15,17,11,4,18,8,19,20,14,7,17,23,42,15,28,4,12,18,22,18,18,38,18,35,21,11,34,15,33,15,23,92,113,119,73,63,49,35,14,25,37,30,10,23,19,16,13,22,19,23,29,17,13,46,26,28,11,32,23,34,75,44,36,23,35,38,46,11,42,46,37,46,36,57,14,27,27,21,19,11,38,37,16,25,16,43,48,16,67,15,11,11,23,22,44,11,4,11,14,14,14,5,12,36,7,9,15,50,16,21,20,35,24,21,46,38,24,28,,18,16,37,25,40,36,28,8,27,18,19,32,30,11,16,14,26,25,44,72,26,53,7,10,10,
20150811,7,PM2.5_24h,56,117,112,92,14,110,126,23,13,98,80,113,103,28,18,22,55,22,18,19,5,21,18,13,16,11,19,17,16,12,11,7,13,21,17,22,21,20,23,20,12,29,18,20,7,18,16,10,55,14,53,12,17,39,17,17,38,21,18,26,33,32,46,18,57,35,44,45,29,54,32,35,55,24,16,16,48,41,24,36,17,28,15,20,119,84,40,34,18,28,27,28,25,13,30,47,16,19,26,33,24,16,33,20,29,31,30,29,28,39,23,66,29,41,13,34,20,38,23,19,9,18,18,10,18,11,53,80,44,29,43,53,19,26,16,41,18,29,25,34,9,34,33,21,45,43,38,57,38,39,42,35,59,65,31,21,18,39,23,21,29,23,15,18,11,23,21,31,25,19,32,28,14,18,22,18,15,21,3,18,16,14,12,14,15,19,25,,83,19,30,,53,45,24,51,33,45,61,21,39,49,29,27,11,40,15,30,17,15,27,,20,24,12,39,15,21,35,16,41,7,17,17,10,9,13,6,17,15,15,7,10,18,30,13,22,6,13,19,18,16,16,24,22,21,13,8,28,16,27,19,25,57,74,66,42,42,47,34,20,20,29,26,9,21,21,8,14,26,22,18,21,20,18,43,25,20,16,35,40,38,56,51,33,26,28,35,35,13,34,37,33,48,33,53,14,26,21,28,20,21,49,36,15,32,20,26,49,17,53,15,7,10,33,59,47,9,6,16,12,14,23,8,17,57,14,12,29,56,18,23,21,34,16,21,47,39,26,27,,18,19,39,24,35,39,42,14,29,31,25,30,33,23,27,20,27,40,71,86,27,19,12,35,15,
20150811,7,PM10,113,161,245,167,74,221,161,37,50,225,175,175,138,108,60,84,84,48,50,38,8,10,10,16,56,15,16,17,16,12,28,19,23,23,27,57,38,,26,33,27,54,29,54,36,46,22,12,97,67,183,30,26,52,24,38,54,33,32,34,19,49,106,36,109,129,109,80,26,86,108,62,176,48,31,39,118,39,168,59,64,65,32,37,141,212,94,135,47,89,80,87,87,32,84,61,30,24,41,53,32,24,51,45,39,30,37,49,48,116,81,124,63,83,42,71,67,88,63,41,39,31,43,26,35,14,104,211,115,80,130,102,47,40,38,49,38,71,35,103,23,80,67,39,90,108,109,82,64,52,47,65,87,86,64,37,27,96,36,97,82,73,33,70,28,55,31,69,52,34,65,40,28,6,32,12,36,30,17,25,13,13,10,28,83,29,57,,85,39,64,,147,179,45,86,52,79,97,71,41,90,77,48,54,96,97,64,43,55,118,,106,48,20,47,24,24,75,23,40,15,29,19,25,27,32,33,41,40,26,11,20,56,52,27,53,16,30,18,25,30,30,44,22,44,48,24,47,17,37,36,24,172,229,146,190,107,90,68,51,48,51,55,18,48,29,22,26,31,27,40,57,40,37,65,81,37,36,46,28,50,101,57,57,30,65,64,81,43,66,65,56,68,46,66,21,37,57,37,40,17,65,74,25,39,55,53,66,31,93,36,16,29,28,51,53,31,23,65,32,22,9,28,10,,2,12,30,54,27,32,56,56,35,40,55,66,31,67,,38,30,41,56,,53,60,18,43,20,23,41,88,57,45,20,32,,100,436,39,,,14,21,
20150811,7,PM10_24h,91,184,198,157,60,197,210,56,48,183,117,159,142,65,68,51,81,48,37,33,8,32,24,19,39,22,33,27,17,21,17,16,23,33,27,38,27,30,36,32,30,36,24,34,16,34,29,23,105,44,90,17,24,52,30,39,52,31,29,35,47,48,98,37,90,73,76,75,78,98,79,71,69,55,27,30,100,64,75,57,41,45,29,36,168,159,79,79,50,64,67,52,61,27,60,82,26,33,40,48,39,25,45,33,51,38,41,59,42,72,53,93,46,79,43,54,44,61,39,43,30,31,29,24,31,22,77,125,71,70,77,80,54,47,32,61,42,48,47,61,20,51,51,35,64,74,73,80,79,46,73,65,82,103,57,41,43,66,46,52,62,52,32,28,28,43,38,57,41,44,51,40,34,28,35,30,40,35,18,33,25,23,17,27,45,38,44,,55,38,53,,113,104,42,71,55,67,99,65,103,85,54,59,55,91,39,59,33,52,51,,49,44,24,52,26,36,54,25,57,17,32,41,17,32,21,33,35,38,26,13,18,33,40,20,45,19,25,29,33,27,27,39,28,38,31,18,46,24,35,31,31,108,130,89,96,69,86,59,53,38,50,52,19,52,30,21,31,40,36,34,37,34,35,61,62,33,34,52,62,70,87,73,50,45,56,63,70,39,56,52,49,75,50,79,28,36,56,33,37,33,79,73,31,46,55,36,100,33,73,25,18,26,41,85,66,25,13,48,24,22,38,36,35,130,21,29,39,79,32,38,49,49,44,35,65,52,38,62,,34,53,46,52,54,59,129,27,49,47,42,51,99,75,73,46,40,273,181,426,60,33,33,41,42,
20150811,7,SO2,8,6,9,72,29,37,14,15,6,9,27,14,19,18,11,38,17,9,4,8,7,11,20,8,67,12,13,10,8,14,9,6,8,8,8,11,7,6,8,2,4,63,15,3,7,7,7,4,21,24,6,9,14,13,6,3,27,5,16,9,7,18,12,10,13,13,12,14,7,7,17,12,7,3,14,75,34,8,20,10,43,28,13,10,23,17,14,38,67,16,9,70,19,11,14,35,18,6,12,18,7,8,6,5,10,13,11,8,14,29,33,32,8,39,18,17,11,10,17,11,12,6,9,21,38,11,23,29,17,16,57,17,14,12,16,15,9,53,8,67,3,10,28,9,11,35,51,13,6,17,14,2,7,3,8,9,9,10,6,3,35,29,7,16,11,6,12,9,38,17,10,33,2,7,16,11,6,6,16,13,12,10,16,9,5,11,62,,3,14,9,,112,109,3,25,45,23,139,21,2,43,21,6,3,6,53,8,8,12,33,,61,30,7,6,5,3,4,14,5,5,14,14,14,6,5,8,32,11,17,7,12,39,40,71,52,4,12,4,9,10,6,7,4,25,28,13,32,18,23,16,15,22,26,10,39,13,22,9,29,4,26,18,6,14,2,1,8,9,8,23,43,18,8,97,31,28,14,16,7,14,32,10,11,16,222,9,35,17,29,33,7,18,9,12,8,1,23,4,19,21,11,55,6,9,35,7,41,18,90,6,7,7,14,10,12,12,5,2,11,15,6,5,7,16,15,4,3,6,24,10,7,11,7,13,3,11,4,6,,13,13,26,13,6,14,24,1,19,3,4,4,4,2,6,17,2,3,8,28,6,5,12,3,2,
20150811,7,SO2_24h,3,7,9,38,24,32,16,19,7,8,26,17,16,18,10,12,12,6,4,8,7,10,13,8,28,29,12,11,11,15,9,6,5,11,8,6,7,6,6,3,4,19,10,3,8,6,7,22,34,17,5,9,10,10,7,5,16,6,9,8,10,19,17,8,12,16,14,14,9,7,17,22,6,6,11,39,36,17,10,10,16,34,11,9,21,39,27,37,28,14,10,34,23,9,21,50,13,7,9,13,5,9,8,6,21,12,12,23,15,31,18,34,9,24,14,14,8,10,18,15,13,7,8,17,20,32,20,13,14,23,40,16,9,9,16,12,8,30,11,34,3,15,30,15,17,18,28,13,7,20,19,5,8,4,9,15,15,11,8,7,27,69,8,10,21,6,27,11,34,19,12,25,15,9,17,10,6,8,17,10,6,9,13,7,8,8,29,,3,13,9,,42,46,9,15,47,17,76,10,3,14,17,4,7,4,23,10,9,12,13,,12,15,5,7,3,7,3,12,5,10,15,12,13,16,6,7,24,15,16,8,15,30,15,69,38,7,12,4,12,12,6,5,6,30,13,11,17,9,16,15,25,23,25,11,20,13,30,14,16,3,24,9,7,15,2,1,15,6,5,8,24,10,9,56,22,22,20,22,8,15,35,10,10,19,65,11,14,21,15,34,13,27,16,23,10,6,24,4,13,28,9,62,9,11,37,8,22,13,50,7,7,9,27,40,13,12,9,17,12,13,5,6,7,25,15,4,5,8,13,14,15,11,7,15,5,11,6,6,,11,10,24,12,7,12,26,2,21,3,6,4,5,3,7,19,6,3,10,21,9,6,9,7,3,
20150811,7,NO2,53,31,40,79,64,46,45,15,36,55,76,54,58,42,49,46,31,48,41,28,17,23,20,16,34,12,16,15,11,8,4,9,13,22,17,31,23,8,16,5,11,37,16,16,23,24,23,10,47,38,50,20,13,40,31,14,37,17,12,42,12,25,33,26,57,60,33,27,8,39,57,38,29,24,20,22,68,13,47,22,59,78,20,23,62,58,43,55,24,45,28,44,39,21,33,16,21,10,30,15,17,5,12,21,30,21,16,18,18,36,29,42,16,34,21,43,25,32,46,25,19,29,16,38,32,13,36,60,34,41,46,12,29,28,10,5,20,31,14,26,14,35,27,24,25,30,42,35,25,23,15,25,43,25,26,16,15,14,6,4,37,26,30,37,29,25,16,24,33,23,21,23,10,9,19,12,15,20,16,18,16,12,13,17,14,23,44,,40,30,15,,64,79,18,27,46,33,27,18,23,14,43,20,12,10,42,27,27,20,49,,33,17,30,16,15,13,6,14,6,9,17,15,29,3,13,24,20,17,8,11,25,54,6,9,52,4,17,16,23,12,18,16,10,12,14,12,11,9,20,7,14,51,92,27,95,35,14,39,36,17,15,31,10,22,4,3,16,19,12,18,21,20,9,22,20,8,12,25,13,18,22,29,16,16,24,32,30,19,23,27,20,36,16,41,24,20,16,12,21,18,26,35,21,30,26,23,21,13,26,19,7,7,11,20,24,9,11,8,8,13,7,9,7,10,2,8,14,22,7,18,33,32,31,19,39,36,6,26,,31,25,26,20,13,12,43,21,6,20,13,9,20,12,29,4,8,9,9,7,14,6,4,11,8,
20150811,7,NO2_24h,34,26,29,53,46,35,48,21,31,48,48,46,42,30,33,41,29,39,30,15,26,26,16,10,26,21,22,24,17,13,4,9,11,31,14,20,13,21,16,7,11,25,19,15,20,29,25,23,46,20,34,14,12,42,32,18,32,18,15,29,21,23,36,18,42,55,35,38,24,35,52,41,27,35,16,19,43,29,24,23,27,36,18,20,36,44,30,44,18,33,19,29,30,8,17,21,12,13,24,17,17,8,16,18,36,17,17,18,16,32,20,27,18,28,20,28,20,28,30,30,16,25,15,34,21,13,27,29,22,29,29,20,28,17,10,7,18,16,10,21,12,43,26,26,32,32,35,35,30,25,20,21,38,26,29,18,25,14,12,15,21,30,15,17,27,20,21,26,18,14,17,24,10,16,20,20,22,20,17,22,17,19,13,11,20,23,57,,19,18,11,,43,43,15,8,30,20,21,17,35,20,29,17,8,8,33,23,24,14,28,,22,16,23,15,16,20,4,15,9,10,16,17,18,6,11,17,19,19,13,9,19,33,16,8,37,10,20,18,26,15,13,21,15,11,10,10,10,6,18,9,15,32,38,20,44,15,12,18,24,12,14,22,11,14,3,3,17,11,14,12,13,14,15,23,16,10,14,24,14,18,19,26,14,9,20,17,23,24,18,25,22,26,22,39,23,25,13,12,27,19,26,26,16,30,29,28,21,13,23,13,9,8,23,17,19,12,15,10,8,14,19,5,12,11,4,6,15,23,7,16,23,22,24,15,45,21,11,23,,21,19,29,18,8,11,40,14,8,11,11,12,33,8,28,9,16,7,11,21,21,10,12,21,17,
20150811,7,O3,29,23,15,11,12,35,26,58,13,20,21,9,29,6,34,23,67,13,7,33,47,25,26,55,16,68,23,58,74,84,52,106,45,37,38,10,28,35,28,37,36,11,44,10,57,20,32,45,9,19,25,20,28,12,36,53,12,19,20,8,44,12,38,29,9,7,8,4,96,13,8,18,25,76,27,20,21,102,30,22,30,24,19,20,71,91,13,9,16,18,22,12,9,16,22,57,23,39,14,25,22,52,27,34,19,21,22,3,14,19,33,22,36,13,12,28,18,7,29,27,25,12,27,25,37,19,24,12,28,35,17,73,17,26,31,77,40,21,69,34,12,10,16,16,13,30,20,40,17,,42,23,3,5,36,59,119,38,93,103,9,12,12,12,11,25,65,70,15,40,59,6,15,30,25,31,17,22,24,36,44,48,40,30,58,37,10,,23,19,24,,14,23,18,76,5,24,45,46,8,119,35,17,16,89,11,27,12,15,19,,1,10,40,34,20,28,21,14,7,19,83,23,16,4,27,9,22,30,24,18,22,8,7,25,64,11,71,22,6,19,21,2,18,9,11,32,29,25,13,29,38,26,5,43,9,25,61,10,19,10,10,17,24,18,20,33,18,31,6,29,17,42,62,19,34,46,2,26,67,33,29,24,6,16,11,11,4,36,21,17,4,8,43,22,48,3,15,2,13,30,15,8,14,1,66,2,13,12,33,35,1,25,32,24,1,2,12,8,18,21,55,75,86,68,34,27,36,72,18,1,11,21,22,38,34,36,52,52,,21,16,36,86,38,69,37,,85,62,69,64,72,33,48,43,166,21,38,67,53,1,80,78,57,
20150811,7,O3_24h,196,208,159,275,110,130,239,141,136,232,213,124,145,78,154,125,164,102,77,65,69,63,60,64,62,85,56,92,79,84,57,122,65,63,73,63,70,58,72,74,60,59,90,71,91,72,67,59,202,53,96,55,56,183,93,83,138,95,91,178,118,116,125,88,147,154,128,91,132,137,196,135,90,158,53,41,174,177,154,136,124,125,64,72,180,194,136,127,97,119,138,147,132,56,126,276,92,102,92,97,106,125,115,108,100,90,116,82,88,120,115,183,97,98,64,120,131,153,135,115,60,91,78,58,64,59,95,139,99,130,117,109,66,102,66,109,102,98,173,115,61,145,107,69,115,104,193,139,118,83,87,73,85,104,135,117,157,101,128,105,136,218,69,81,86,111,191,122,126,103,126,242,111,64,55,56,52,45,28,55,83,66,52,56,97,62,47,,122,54,100,,84,158,66,108,93,141,113,92,80,131,120,86,48,126,96,112,81,57,101,,97,77,86,65,106,93,66,81,58,82,120,56,66,47,55,30,62,79,42,74,30,26,23,49,75,30,88,58,47,55,77,68,35,51,45,56,80,60,60,64,60,132,112,181,106,99,187,115,84,71,84,119,55,56,36,72,48,68,77,66,84,76,105,91,101,64,88,100,150,130,116,138,95,96,95,141,125,123,153,118,138,138,130,155,66,108,138,103,28,107,33,103,90,78,112,69,102,75,115,73,44,64,73,120,100,56,55,75,56,50,138,138,123,98,65,100,94,157,93,96,83,87,127,126,85,125,71,121,,109,149,153,185,109,157,132,71,116,113,131,103,118,66,108,85,206,89,88,74,90,65,118,135,116,
20150811,7,O3_8h,58,56,18,16,17,36,31,67,14,49,54,13,33,9,32,19,81,5,6,53,44,39,42,61,13,58,30,38,53,58,50,97,43,32,53,17,49,34,38,43,40,24,44,10,47,21,41,37,10,22,30,29,37,18,40,53,15,20,16,17,29,21,36,32,16,12,11,7,63,17,13,34,41,83,33,27,40,87,36,18,30,27,37,22,89,38,21,7,19,33,23,13,21,29,28,60,36,35,49,31,11,61,35,36,31,36,32,3,33,23,43,44,29,14,15,23,11,10,30,15,28,10,27,33,32,26,28,26,31,51,41,70,22,39,34,70,47,45,85,40,18,14,17,20,9,25,27,40,14,3,41,20,7,12,18,62,111,62,94,96,15,12,26,29,7,19,60,46,31,52,57,8,8,37,42,42,31,34,20,34,44,28,28,46,61,39,13,,42,22,26,,12,29,22,105,12,53,78,38,4,94,45,25,21,89,6,18,9,12,5,,2,8,20,28,8,24,23,11,5,19,87,16,18,6,30,18,9,34,22,23,25,14,12,27,47,9,46,24,4,5,39,2,25,15,14,40,32,28,16,33,32,39,21,68,16,43,68,26,22,13,15,25,33,21,20,42,25,33,13,44,31,53,63,30,35,48,3,28,59,42,41,26,15,31,9,20,5,25,30,24,15,22,35,38,46,7,36,11,14,38,13,15,25,2,70,2,15,19,30,45,4,27,19,31,11,3,11,11,24,25,67,103,93,68,36,38,30,68,24,9,23,60,21,58,22,74,50,47,,36,28,47,88,56,93,48,16,91,54,79,65,50,45,64,46,151,43,44,69,60,17,72,90,74,
20150811,7,O3_8h_24h,167,177,125,207,93,117,191,127,119,208,189,106,136,71,138,112,137,85,65,60,49,54,55,62,48,58,49,64,65,58,51,97,59,50,68,56,63,50,64,63,54,49,75,65,66,59,63,49,154,44,89,46,53,113,76,75,103,75,75,138,85,91,112,76,118,116,98,80,124,113,161,120,74,129,48,38,149,148,154,102,113,115,56,53,166,163,112,105,61,103,112,107,100,51,105,196,78,84,78,74,87,103,95,98,81,82,97,52,77,104,109,158,89,83,57,110,116,123,126,101,55,81,70,42,47,46,82,125,90,98,104,99,58,89,52,103,95,91,147,107,55,115,95,55,93,88,131,112,101,60,75,68,76,91,86,110,126,91,120,100,115,128,66,66,69,94,125,103,108,92,95,133,84,56,50,51,44,36,25,47,75,46,43,51,88,52,47,,110,47,90,,59,152,51,102,89,128,106,87,66,120,114,72,44,133,90,104,74,54,90,,90,68,78,56,94,79,51,61,43,70,94,46,50,40,46,27,56,48,38,38,26,21,18,41,64,15,59,52,37,46,69,58,31,37,34,49,68,53,48,56,55,119,99,150,92,89,122,104,72,37,72,106,50,50,33,65,42,61,66,56,62,72,88,69,95,58,74,80,121,114,107,113,83,78,85,126,108,91,117,108,94,119,119,130,58,83,125,89,18,86,25,87,85,62,96,62,91,58,104,69,37,53,60,94,88,44,43,55,51,44,124,130,110,92,46,92,77,136,80,82,71,79,121,123,81,108,92,109,,98,134,133,174,105,148,128,68,113,105,121,97,110,61,98,80,198,86,85,69,75,58,109,122,108,
20150811,7,CO,1.87,1.49,0.98,4.61,0.98,1.27,1.07,0.37,0.46,2.30,1.16,1.44,0.95,0.80,0.98,0.84,1.09,0.68,0.97,0.61,0.52,0.52,0.56,0.40,2.30,0.14,0.67,0.50,0.43,0.53,0.34,0.33,0.47,0.64,0.61,1.10,0.68,0.29,0.71,0.59,0.44,1.07,0.67,0.72,0.45,0.69,0.40,0.61,1.05,0.66,1.55,0.47,0.45,1.00,0.84,0.72,0.86,1.00,0.96,0.81,0.66,0.69,0.86,0.65,1.28,1.42,0.92,1.09,0.34,0.91,1.41,1.54,2.01,0.45,0.67,0.53,1.58,0.70,1.74,1.39,0.84,1.20,0.72,0.97,2.24,2.09,1.51,2.80,0.43,0.78,0.47,0.84,1.55,0.57,0.57,0.55,0.87,0.66,0.94,1.02,0.76,0.55,0.81,1.03,1.06,0.93,1.07,0.83,1.14,1.68,0.92,1.47,1.91,0.84,1.34,2.21,1.07,1.50,0.89,0.63,0.49,0.47,0.46,0.29,1.94,0.41,2.13,4.28,1.08,1.88,1.31,1.42,0.96,0.90,0.57,0.00,1.20,1.04,1.10,0.95,0.56,0.97,0.78,1.34,0.76,1.20,1.13,0.78,0.61,1.20,1.13,0.77,1.75,1.01,0.72,3.21,0.22,0.64,1.29,1.61,0.92,1.88,0.31,0.85,0.25,0.44,0.25,0.60,0.65,0.60,0.34,0.86,0.67,0.33,0.42,0.49,0.50,0.88,0.39,0.93,0.70,0.35,0.37,0.48,0.41,0.78,1.59,,0.90,1.11,1.10,,3.04,2.23,0.75,2.35,0.82,1.86,1.19,0.52,0.19,0.29,0.56,0.53,0.77,0.94,0.70,0.98,0.50,1.77,0.79,,1.90,0.65,1.84,0.30,0.55,0.38,0.82,0.52,0.43,0.83,,0.38,0.43,0.54,0.43,0.57,0.88,0.46,0.11,0.06,0.38,1.65,1.02,0.64,0.47,0.35,0.16,0.73,1.69,0.88,0.78,1.20,0.52,0.71,1.59,0.67,1.23,0.79,1.01,0.88,0.30,2.06,1.55,1.33,1.87,0.85,0.86,0.88,0.48,1.39,1.26,0.90,0.80,0.62,1.43,0.50,0.95,1.07,0.72,0.92,0.59,0.35,0.72,0.51,1.13,1.09,0.67,0.64,0.65,1.69,1.00,1.28,1.00,1.29,2.21,0.95,1.00,0.27,0.58,0.68,1.06,0.76,0.85,0.87,0.62,0.91,0.90,0.26,0.71,0.64,0.53,0.56,0.49,1.26,0.45,0.41,0.88,0.69,1.53,1.40,0.21,,0.95,0.44,0.76,0.65,0.50,0.42,0.71,0.40,0.59,0.28,0.33,0.80,0.39,0.34,1.01,0.74,0.67,1.13,1.07,0.64,3.25,0.27,0.93,0.72,0.73,0.46,,0.86,0.76,1.04,0.69,0.27,0.37,0.50,0.40,1.25,0.90,1.09,0.61,0.56,0.65,0.82,0.18,0.49,1.27,0.40,0.53,1.27,1.58,0.57,0.50,0.35,
20150811,7,CO_24h,0.90,1.23,0.62,2.59,0.65,0.75,1.01,0.40,0.57,1.28,0.87,1.26,0.52,0.66,0.60,0.61,0.92,0.61,0.77,0.56,0.50,0.59,0.46,0.41,0.97,0.31,0.66,0.67,0.61,0.67,0.31,0.30,0.34,0.70,0.61,0.84,0.55,0.45,0.67,0.63,0.43,0.80,0.67,0.61,0.42,0.56,0.42,0.91,1.35,0.45,0.93,0.43,0.48,0.98,0.89,0.78,0.79,0.96,0.94,0.70,0.74,0.68,0.76,0.69,1.10,1.05,0.74,1.13,0.53,0.95,1.05,1.33,1.24,0.69,0.71,0.54,1.37,0.88,0.83,1.39,0.62,0.75,0.64,0.82,1.97,1.78,1.51,1.40,0.45,0.65,0.37,0.72,1.53,0.52,0.53,0.66,0.79,0.77,0.89,1.08,0.79,0.63,0.85,1.02,0.96,1.18,1.11,0.90,1.08,1.47,0.65,1.21,1.82,0.82,1.18,1.43,0.91,1.18,0.75,0.72,0.40,0.45,0.40,0.38,1.34,0.49,1.83,1.51,0.65,1.44,0.88,1.34,0.80,0.77,0.60,0.28,1.03,0.94,1.04,0.79,0.52,0.96,0.65,1.42,0.72,0.74,0.96,0.71,0.62,0.99,1.22,0.62,1.64,1.08,0.55,3.25,0.43,0.43,1.26,1.66,0.56,1.65,0.28,0.58,0.38,0.40,0.31,0.63,0.43,0.46,0.29,0.86,0.64,0.42,0.43,0.62,0.41,0.80,0.55,1.00,0.66,0.51,0.46,0.37,0.52,0.78,1.30,,0.39,0.85,0.90,,2.56,1.43,0.56,2.22,0.85,1.32,0.77,0.61,0.36,0.35,0.46,0.51,0.67,0.77,0.52,0.89,0.44,1.46,0.54,,0.60,0.72,1.54,0.27,0.56,0.42,0.98,0.49,0.41,0.84,0.09,0.40,0.29,1.52,0.33,0.27,0.74,0.56,0.14,0.09,0.18,0.49,0.35,0.55,0.33,0.38,0.21,0.72,1.75,0.99,0.74,1.09,0.62,0.69,1.23,0.53,1.19,0.61,0.93,0.86,0.31,1.13,0.98,1.06,0.91,0.53,0.72,0.50,0.38,1.29,1.15,0.75,0.83,0.62,1.37,0.52,1.24,0.88,0.72,0.74,0.54,0.33,0.76,0.38,0.82,1.06,0.71,0.76,0.67,1.16,0.91,1.44,0.93,1.32,1.31,0.77,0.88,0.30,0.71,0.50,0.95,0.54,0.79,0.99,0.69,0.91,0.59,0.22,0.67,0.73,0.65,0.52,0.56,1.09,0.46,0.36,0.71,0.68,1.00,1.22,0.27,0.14,1.00,0.72,0.68,0.61,0.52,0.31,0.87,0.44,0.75,0.40,0.34,0.91,0.42,0.38,1.07,1.08,0.61,1.03,0.97,0.57,2.90,0.44,0.50,0.54,0.92,0.41,,0.72,0.80,0.82,0.64,0.35,0.36,0.59,0.34,1.80,0.83,1.02,0.64,0.74,0.90,1.07,0.10,0.53,1.26,0.42,0.36,1.09,1.62,0.61,0.55,0.43,
20150811,8,AQI,128,183,154,128,67,169,148,45,55,167,156,205,129,82,65,70,53,51,52,32,14,13,20,21,53,21,15,20,24,25,26,33,27,19,28,52,40,23,21,31,30,66,26,55,40,23,30,16,75,59,170,35,29,53,30,33,59,29,34,40,22,53,84,41,93,90,75,63,31,78,77,67,138,27,31,42,95,50,88,51,57,64,33,32,196,183,80,107,56,78,67,77,65,47,61,81,38,21,50,54,40,24,31,39,49,26,36,51,49,104,56,99,56,71,52,63,65,80,52,39,54,43,34,20,36,15,95,166,113,67,103,93,53,46,31,55,53,68,48,68,29,64,59,41,88,94,91,86,59,60,53,64,88,73,59,35,31,90,51,43,75,58,42,66,40,38,28,61,56,53,71,52,30,11,12,26,35,20,19,23,21,15,14,20,34,30,51,,87,44,63,,109,119,48,91,47,84,98,62,71,69,61,50,55,77,81,62,52,61,95,,81,46,29,52,27,30,61,27,51,15,22,27,40,22,40,35,43,41,24,22,24,57,55,27,62,18,21,26,31,24,34,58,23,49,54,26,54,24,51,36,31,130,170,156,119,88,72,79,53,51,52,56,21,52,34,26,29,37,33,49,55,43,36,64,74,46,42,50,34,48,104,63,58,37,63,64,64,45,60,66,63,66,55,76,19,43,55,36,47,18,63,59,28,40,51,56,69,30,96,28,16,27,37,49,55,29,28,58,27,27,21,31,27,23,16,19,24,64,29,43,52,74,71,43,65,60,40,59,,36,38,41,54,54,56,75,23,50,29,26,47,66,70,46,23,64,55,68,374,43,40,23,21,21,
20150811,8,PM2.5,97,138,118,84,13,128,113,25,13,127,119,155,98,45,20,45,34,23,31,21,8,4,14,11,20,7,9,7,7,6,11,6,17,13,18,30,28,16,15,19,13,48,16,38,16,13,15,7,43,28,129,14,18,37,16,18,42,20,22,28,15,35,62,29,69,61,54,45,14,57,33,45,105,10,19,22,65,35,41,33,34,41,13,16,147,135,47,62,28,43,35,51,35,26,33,51,17,15,30,38,28,13,22,24,34,18,25,26,32,78,28,74,40,48,20,40,33,59,27,16,15,19,18,14,24,7,71,126,85,38,77,69,24,27,15,26,37,49,23,48,12,46,41,26,65,70,68,64,28,43,32,46,65,53,40,14,5,67,23,25,46,24,22,48,19,26,16,40,37,27,52,36,16,5,8,14,11,9,2,11,12,6,8,9,13,14,32,,38,21,43,,81,75,30,68,32,62,73,24,29,50,31,24,9,41,54,30,28,29,71,,49,29,16,32,15,19,40,17,36,6,11,19,17,2,23,8,17,20,17,8,16,28,39,17,28,11,8,18,22,17,19,41,16,34,24,12,38,17,36,17,22,99,129,119,74,65,43,46,23,28,22,31,13,26,19,15,8,26,23,24,34,26,13,46,30,26,17,31,24,31,78,45,39,26,38,38,46,15,43,48,45,44,39,56,13,30,28,20,13,12,45,35,15,26,20,40,50,14,72,16,10,9,26,18,39,10,4,12,8,14,14,10,19,16,11,13,14,46,16,27,25,50,30,21,47,43,28,32,,19,18,29,32,38,40,23,10,35,18,18,31,40,15,14,16,24,39,34,77,30,28,3,11,12,
20150811,8,PM2.5_24h,59,116,112,90,13,111,123,23,13,96,81,113,103,28,18,23,54,21,19,20,5,20,18,13,16,10,19,17,15,12,11,7,13,21,18,22,21,20,23,20,12,30,18,20,7,18,16,10,55,15,58,12,18,39,17,18,38,21,18,27,32,32,46,18,57,36,45,45,27,54,33,35,57,23,16,16,48,40,23,36,18,28,15,20,119,87,39,35,18,28,27,29,26,14,31,48,15,19,26,33,24,16,32,20,29,30,30,29,28,40,23,66,29,40,13,29,20,38,24,19,10,18,18,11,19,11,54,82,46,29,44,54,19,26,16,41,19,30,25,35,9,35,33,21,46,44,40,58,38,40,42,35,58,64,30,21,17,39,23,21,30,23,15,19,11,23,22,32,26,20,34,28,14,18,22,18,15,20,3,18,16,14,12,14,15,19,26,,82,19,31,,53,45,24,52,34,45,61,21,39,49,29,27,11,39,17,27,17,15,29,,21,23,12,39,14,20,36,16,41,7,17,17,11,8,13,6,16,15,15,7,10,18,31,13,22,7,13,19,18,16,16,25,22,22,13,9,28,16,27,19,25,59,79,69,43,42,44,34,19,20,28,26,9,21,21,9,14,26,21,18,21,20,17,43,25,21,16,34,39,38,56,50,33,27,28,35,35,13,34,38,33,47,34,54,14,27,22,27,20,20,49,36,15,32,21,26,49,18,55,15,7,10,34,56,44,9,6,16,12,14,23,8,17,55,14,12,28,55,18,23,19,35,16,21,48,39,25,26,,17,19,39,24,35,39,41,14,29,30,23,30,32,22,26,20,27,41,71,89,28,19,12,34,15,
20150811,8,PM10,117,182,234,206,83,246,211,45,59,229,173,226,142,114,80,89,56,52,53,32,9,12,20,21,55,16,15,12,,16,26,32,27,18,28,53,39,,,31,30,59,26,60,40,23,30,16,99,67,182,35,29,53,30,33,56,26,34,29,22,55,97,39,114,130,100,75,18,88,103,84,140,27,31,42,139,47,125,52,64,78,33,32,196,315,110,164,62,106,84,104,79,47,71,112,38,17,50,48,29,24,31,39,43,23,30,51,49,120,62,114,41,91,53,75,79,96,53,39,58,43,34,20,36,15,105,208,107,83,140,97,55,46,31,60,35,73,48,86,29,65,68,41,95,116,104,86,67,53,55,70,97,84,68,35,27,97,52,43,100,65,42,66,40,38,28,71,62,55,75,53,30,11,12,26,35,20,19,23,13,11,10,20,34,30,52,,124,44,75,,167,187,48,94,47,81,103,73,92,77,71,50,59,104,112,73,54,72,116,,111,46,29,54,27,30,71,27,40,15,17,21,40,22,40,35,43,41,24,22,24,63,59,27,73,18,21,23,30,23,34,51,20,47,58,26,52,24,42,36,22,181,224,152,187,110,93,108,56,52,54,61,21,53,34,26,29,32,33,49,60,43,36,71,97,46,42,50,33,48,113,63,66,37,76,78,77,45,67,61,68,82,47,79,17,40,60,36,47,18,69,68,28,40,52,47,75,30,88,28,16,27,31,49,56,29,28,65,27,27,21,31,18,12,,18,24,54,29,43,54,97,92,43,72,57,35,67,,36,38,38,58,41,55,99,23,48,29,26,47,82,90,46,20,31,,85,479,42,,8,12,20,
20150811,8,PM10_24h,95,182,198,156,59,197,207,56,48,180,118,162,142,66,69,52,80,48,39,34,7,31,25,19,39,22,33,25,17,21,18,16,23,32,27,39,28,31,36,32,30,38,24,35,17,34,29,23,107,45,96,18,25,53,30,40,52,31,29,35,45,47,98,36,92,76,79,77,74,98,81,71,73,54,27,31,102,63,76,58,42,46,29,36,168,168,78,81,50,65,66,54,62,27,61,83,26,32,40,47,39,25,43,33,51,37,41,58,43,74,54,93,47,79,43,48,44,62,40,42,31,31,31,24,32,22,79,128,74,71,80,81,54,47,32,61,42,48,47,63,20,51,52,34,65,77,75,81,78,47,73,64,81,102,56,41,43,65,46,52,64,53,31,30,28,42,37,58,41,44,53,41,34,28,35,30,41,34,18,32,25,22,17,27,45,38,45,,54,38,54,,113,105,41,71,55,66,98,65,101,84,54,58,54,90,44,55,35,49,55,,52,43,24,52,26,36,55,24,57,17,30,40,19,32,22,33,36,39,26,13,18,35,41,21,46,19,25,29,33,27,27,40,28,39,31,18,46,23,35,31,31,111,138,92,101,70,91,61,53,39,50,53,19,52,30,21,31,40,36,35,38,35,35,61,63,34,35,52,60,69,86,72,51,45,56,63,70,40,57,52,49,75,50,80,29,37,57,33,38,32,80,74,31,47,55,36,100,33,76,26,17,26,42,81,60,25,14,50,25,23,37,36,35,123,21,29,37,78,32,38,47,49,46,36,65,55,38,62,,34,53,46,53,54,58,126,27,49,45,40,51,98,75,71,45,40,299,182,444,60,33,33,39,42,
20150811,8,SO2,11,7,9,126,39,40,14,16,7,12,56,15,16,23,13,49,20,10,4,10,7,11,17,10,54,12,13,12,8,15,9,6,9,7,9,11,8,6,7,2,3,74,10,28,8,7,9,5,23,22,6,9,16,13,7,4,26,5,16,8,7,20,12,9,15,13,12,12,6,8,23,49,8,3,14,69,39,10,32,10,37,33,12,9,21,21,13,84,76,15,22,89,22,12,26,25,19,8,10,10,7,9,5,6,16,12,11,8,19,44,23,34,7,49,17,32,15,10,22,11,13,8,9,18,35,11,28,37,19,16,70,18,13,15,19,15,16,59,8,52,4,10,48,6,52,22,66,14,7,18,17,2,7,3,9,10,9,21,6,2,42,34,7,15,11,5,14,8,65,23,13,34,2,8,22,10,8,9,16,14,7,12,17,14,8,10,67,,3,14,10,,107,47,4,22,53,19,52,29,3,22,32,5,4,5,124,11,12,14,25,,62,39,10,5,4,3,4,11,5,6,14,8,12,7,5,9,32,19,17,8,9,33,36,69,66,5,15,5,9,10,7,7,6,27,52,12,26,13,23,13,22,23,29,10,53,16,12,10,80,6,31,17,9,13,4,1,9,8,8,29,58,13,7,85,39,31,14,20,6,23,45,11,21,11,119,9,43,17,32,35,9,19,46,12,10,2,23,5,17,17,10,55,6,17,38,9,43,19,87,6,8,10,21,19,16,13,5,2,11,20,4,8,7,22,15,4,3,5,21,19,12,15,8,16,3,8,5,7,,17,18,43,13,6,15,23,12,18,3,4,4,5,3,5,16,1,3,8,17,6,5,11,3,2,
20150811,8,SO2_24h,4,7,9,42,24,31,16,19,7,9,28,17,16,17,10,13,13,6,4,8,7,10,14,8,30,28,12,11,11,15,9,6,5,10,8,5,7,7,6,3,4,22,10,4,8,7,7,22,34,17,5,9,11,11,7,5,17,6,9,8,9,18,17,7,13,15,14,14,8,8,17,23,6,6,11,41,34,16,11,10,17,31,11,9,20,37,25,37,31,14,10,37,22,9,21,47,13,7,9,13,5,9,8,6,20,12,12,22,15,31,17,34,9,24,14,15,8,10,18,15,13,7,8,17,21,32,20,15,14,22,42,16,9,9,16,12,8,30,11,34,3,15,31,15,19,18,30,13,7,20,18,5,8,4,9,15,14,10,8,7,28,69,8,10,21,6,27,11,35,20,12,26,13,9,17,10,6,8,16,10,6,9,13,7,8,9,32,,3,13,9,,43,43,8,15,46,17,73,11,3,13,17,4,7,4,26,10,9,11,14,,14,16,5,6,3,6,3,12,5,10,15,12,13,16,6,7,25,16,16,8,15,30,16,70,39,7,12,4,12,11,6,5,6,30,15,10,18,9,16,15,25,23,26,11,21,13,21,13,18,4,24,9,7,16,2,1,15,6,5,9,25,10,9,58,22,22,20,21,8,16,34,10,10,18,63,11,15,21,15,34,13,27,18,23,10,6,24,4,13,28,9,62,9,12,37,8,23,14,52,7,7,9,28,33,12,12,9,17,12,13,5,6,7,25,15,4,5,8,13,14,15,11,7,15,5,10,6,6,,11,10,23,12,7,13,26,2,21,3,5,4,5,3,7,19,5,3,10,20,9,6,10,7,3,
20150811,8,NO2,53,34,38,94,67,52,43,18,32,60,56,62,60,38,48,54,32,53,49,32,21,25,20,20,29,15,22,19,13,9,4,10,11,22,22,32,24,11,16,7,13,39,21,26,26,25,29,16,60,34,50,18,15,40,40,17,41,19,14,39,21,25,30,29,64,64,34,27,11,38,54,45,31,33,19,24,65,23,40,20,47,71,20,20,90,65,33,117,22,39,23,43,52,16,42,22,19,17,27,18,20,9,14,15,36,20,20,19,21,35,29,52,18,35,19,46,36,40,35,26,20,30,16,37,25,13,40,53,32,57,46,15,28,23,11,7,27,27,17,24,15,36,29,26,30,37,42,37,30,25,18,31,50,27,28,20,32,17,9,7,47,30,24,36,27,21,16,20,37,24,31,29,8,9,20,13,19,18,17,19,15,10,12,19,20,31,44,,40,25,13,,71,54,20,24,47,31,20,17,28,15,51,17,12,9,46,37,31,19,45,,40,19,20,15,13,13,5,15,10,7,17,12,23,5,12,23,24,18,12,11,23,38,9,10,43,5,19,23,27,12,23,22,13,14,15,17,10,8,22,8,18,58,77,32,96,30,20,38,37,14,18,30,10,21,4,4,20,17,11,24,20,16,16,25,21,11,14,25,13,20,29,22,14,14,23,31,29,21,28,27,24,34,26,45,19,22,18,12,27,29,29,34,21,29,28,26,19,13,26,27,9,7,25,24,24,9,16,9,7,16,11,12,15,11,2,19,10,24,9,25,34,34,45,22,55,28,11,30,,43,23,40,26,11,20,45,28,6,23,20,16,37,21,27,4,7,9,14,7,20,8,11,15,10,
20150811,8,NO2_24h,34,25,29,54,46,34,47,21,31,48,45,46,42,30,33,41,29,40,31,15,26,25,17,10,27,20,22,23,17,13,4,9,11,30,14,20,13,21,16,7,11,26,19,15,20,28,26,23,46,20,35,14,12,42,33,18,33,18,15,29,21,23,36,17,43,56,35,38,22,35,51,41,26,34,16,19,44,29,25,23,28,38,18,20,36,44,30,47,19,33,19,29,31,8,19,19,11,14,24,17,17,8,16,18,36,17,17,18,16,32,20,27,18,28,20,28,20,28,30,30,16,26,15,34,22,13,27,29,23,29,29,19,28,18,10,7,18,16,11,21,12,43,26,26,33,32,36,36,30,25,20,21,37,26,29,18,24,13,12,14,22,30,15,17,26,21,21,25,19,14,18,24,10,16,21,19,23,20,16,22,17,18,13,11,20,23,58,,19,18,11,,44,42,15,8,31,20,20,17,35,19,30,17,8,8,34,23,24,15,29,,23,16,23,15,15,20,4,14,9,10,16,17,18,6,11,17,20,18,13,9,19,34,16,8,38,10,20,19,27,14,13,21,15,11,10,10,10,6,18,9,15,33,39,20,47,16,14,19,25,12,14,23,11,15,3,3,17,11,13,12,13,14,15,23,15,10,14,24,14,19,19,26,14,9,20,17,23,24,19,26,22,26,22,39,22,25,13,12,28,20,26,27,16,30,29,28,21,13,23,14,9,8,23,17,19,12,15,10,8,14,19,6,12,10,4,6,14,23,7,17,23,22,24,16,45,21,11,22,,21,19,29,18,8,10,40,14,8,11,11,12,33,9,29,8,15,8,11,21,20,10,13,20,16,
20150811,8,O3,36,32,22,18,16,37,33,60,25,37,60,16,35,10,39,34,78,26,12,26,45,26,35,48,21,68,35,64,76,79,54,107,53,37,33,12,28,35,32,37,37,10,47,17,45,25,30,40,15,42,34,27,25,16,32,50,13,30,18,17,33,16,43,35,6,7,10,5,99,17,10,14,22,58,27,17,21,85,56,35,69,59,17,28,68,28,30,22,24,34,36,23,14,28,27,63,24,33,23,41,18,49,31,57,19,22,23,7,10,34,39,26,32,15,20,49,38,12,55,41,29,17,34,32,31,18,25,28,35,27,25,83,23,37,35,75,40,28,61,43,14,12,25,14,8,27,21,40,11,,42,21,4,5,39,54,100,50,88,101,19,16,21,29,16,32,83,86,43,56,53,19,23,34,20,31,38,18,25,51,66,49,46,23,64,34,14,,32,28,35,,16,46,18,82,11,27,57,54,14,113,39,30,21,93,26,43,29,24,39,,3,11,68,40,35,32,30,17,6,26,71,31,25,5,33,13,23,32,24,22,22,16,9,25,66,10,51,18,6,29,15,5,16,8,10,25,38,26,12,30,38,30,14,48,14,42,59,21,24,11,13,28,32,18,23,40,18,41,10,27,22,47,57,18,39,47,5,35,68,40,22,33,9,18,13,17,13,18,22,37,3,6,40,22,50,4,18,2,13,19,15,9,18,,63,4,15,13,36,23,2,24,16,21,3,2,10,7,19,18,46,71,72,62,31,14,40,86,18,4,15,21,9,42,25,60,44,52,,17,20,19,71,35,69,42,,78,50,64,56,51,19,59,54,171,17,30,66,44,,73,67,66,
20150811,8,O3_24h,196,208,159,275,110,130,239,141,136,232,213,124,145,78,154,125,164,102,77,65,69,63,60,64,62,85,56,93,79,84,57,122,65,63,73,63,70,58,72,74,60,59,90,71,91,72,67,59,202,55,96,55,56,183,93,83,138,95,91,178,118,116,125,88,147,154,128,91,132,137,196,135,90,158,53,41,174,177,145,136,124,127,64,72,180,194,136,127,97,119,138,147,132,56,126,276,92,102,92,97,106,125,115,108,100,90,116,82,88,120,115,183,97,98,64,120,131,153,135,115,60,91,78,58,64,59,95,139,99,130,117,109,66,102,66,109,102,98,173,115,61,145,107,69,115,104,193,139,118,83,87,73,85,104,135,117,157,101,128,105,136,218,69,81,86,111,191,122,126,103,126,242,111,64,55,56,52,45,28,55,83,67,52,56,97,62,47,,122,54,100,,84,158,66,108,93,141,113,92,80,131,120,86,48,125,96,112,81,57,101,,97,77,86,65,106,93,66,81,58,82,120,56,66,47,55,30,62,79,42,51,30,26,23,49,75,30,88,58,47,55,77,68,35,51,45,56,80,60,60,64,60,132,112,181,106,99,202,115,84,71,84,119,55,56,36,72,48,68,77,66,84,76,105,91,101,64,88,100,150,130,116,138,95,96,95,141,125,123,153,118,138,138,130,155,66,108,138,103,28,107,33,103,90,78,112,69,102,75,115,73,44,64,73,120,100,56,55,75,56,50,138,138,123,98,65,100,94,157,93,96,83,87,127,126,85,125,71,121,,109,149,153,185,109,157,132,71,116,113,131,103,118,66,108,85,206,89,88,74,90,65,118,135,116,
20150811,8,O3_8h,52,49,15,12,16,35,28,66,15,46,47,12,34,9,32,19,82,8,7,50,46,37,40,60,14,62,29,40,57,62,51,102,44,34,50,14,45,35,36,42,39,22,43,10,46,21,39,39,9,23,28,27,35,17,39,54,15,21,17,16,30,19,37,32,13,12,10,7,66,15,12,30,36,80,31,24,38,92,35,20,34,28,35,21,82,35,20,8,20,31,23,13,18,27,27,58,33,33,43,32,12,59,33,38,31,31,29,5,28,23,41,37,30,14,15,27,13,8,30,18,29,11,27,33,33,24,26,22,29,48,36,71,21,38,34,71,46,41,82,41,16,13,19,18,8,26,23,39,13,2,41,20,5,10,22,56,110,55,91,97,13,12,23,28,7,19,62,50,30,49,55,8,10,36,39,39,30,32,20,36,48,31,30,43,62,38,13,,38,22,25,,12,32,21,94,10,47,71,42,6,96,45,22,21,88,9,21,12,12,9,,2,9,25,30,11,26,23,12,5,19,85,18,18,5,30,17,10,34,22,24,23,14,11,27,49,9,48,24,4,9,35,2,24,13,14,38,33,28,15,33,33,36,18,63,13,41,66,23,21,12,13,24,32,20,21,41,24,33,11,41,27,51,64,28,33,48,3,27,60,39,37,27,14,29,10,16,6,24,27,23,12,17,37,33,47,5,30,9,13,35,13,13,22,1,69,2,13,18,31,42,4,26,18,27,8,3,10,10,22,22,64,96,90,67,35,33,32,71,23,7,22,54,16,52,24,71,50,46,,30,26,41,86,52,86,47,12,88,53,76,63,54,42,65,45,154,36,41,69,59,12,72,86,75,
20150811,8,O3_8h_24h,167,177,125,207,93,117,191,127,119,208,189,106,136,71,138,112,137,85,65,60,51,54,55,62,48,62,49,64,65,62,52,102,59,50,68,56,63,50,64,63,54,49,75,65,66,59,61,49,154,44,89,46,53,113,75,75,103,75,75,138,85,91,112,76,118,116,98,80,124,113,161,120,74,129,48,38,149,148,144,102,113,115,54,53,166,163,112,105,61,103,112,107,100,51,105,196,78,84,78,73,87,102,95,98,81,82,97,52,77,104,109,158,89,83,57,110,116,123,126,101,55,81,70,41,47,46,82,125,90,98,104,99,58,89,52,103,95,91,146,107,55,115,95,55,93,88,131,112,101,60,75,68,76,91,86,110,126,91,120,101,115,128,66,66,69,94,125,103,108,92,95,133,84,56,50,51,44,36,25,47,75,46,43,51,88,52,43,,110,47,90,,59,152,51,102,89,128,106,87,66,120,114,72,44,127,90,104,74,54,90,,90,68,78,56,94,79,51,61,43,70,94,46,50,40,46,27,56,48,38,38,26,21,18,41,64,15,59,49,37,46,69,58,30,37,34,49,68,53,48,56,55,119,99,150,92,89,124,104,72,37,72,106,50,50,33,65,42,61,66,56,62,72,88,69,95,58,74,80,121,114,107,113,83,78,85,126,108,91,117,108,94,119,119,130,59,83,125,89,18,86,25,87,85,62,96,62,91,58,104,69,37,53,60,94,88,44,43,55,51,44,124,130,110,92,46,92,77,136,80,82,71,79,121,123,81,108,89,109,,98,134,133,174,105,148,128,68,113,105,121,97,110,61,98,80,198,86,85,69,75,58,109,122,108,
20150811,8,CO,1.95,1.65,0.87,7.79,0.81,1.27,1.43,0.42,0.40,2.65,0.99,1.53,1.20,0.86,0.93,0.95,0.98,0.77,1.13,0.67,0.56,0.53,0.56,0.40,1.69,0.16,0.73,0.57,0.42,0.54,0.36,0.34,0.46,0.64,0.65,1.06,0.76,0.30,0.66,0.59,0.46,1.27,0.72,0.83,0.49,0.58,0.42,0.66,1.15,0.55,1.57,0.46,0.46,1.04,0.90,0.71,0.92,1.02,1.05,0.81,0.66,0.78,0.89,0.69,1.41,1.45,1.03,1.12,0.37,0.96,1.52,2.00,1.96,0.50,0.70,0.59,1.68,0.80,2.00,1.35,0.83,1.17,0.69,0.89,2.44,2.01,1.35,2.50,0.47,0.74,0.57,0.78,1.72,0.66,0.58,0.71,0.96,0.82,1.00,0.98,0.82,0.65,0.92,1.07,1.08,1.03,1.21,0.92,1.32,1.70,0.98,1.59,1.87,0.91,1.30,2.35,1.19,1.83,0.94,0.61,0.51,0.53,0.46,0.34,2.07,0.45,2.21,3.81,0.93,1.85,1.23,1.46,0.87,0.93,0.62,0.00,1.28,1.05,1.23,0.96,0.56,1.07,0.81,1.35,0.86,1.37,1.20,0.83,0.71,1.50,1.25,0.85,1.94,1.13,0.73,3.23,0.36,0.66,1.30,1.67,1.74,1.98,0.31,0.82,0.32,0.42,0.26,0.61,0.73,0.63,0.37,0.91,0.68,0.35,0.42,0.51,0.47,0.87,0.38,0.95,0.64,0.34,0.37,0.49,0.42,0.79,1.52,,0.95,1.06,1.05,,3.34,1.55,0.76,2.46,0.92,1.85,0.73,0.46,0.39,0.32,0.67,0.50,0.69,0.87,0.77,1.02,0.51,2.19,0.74,,2.02,0.70,1.70,0.25,0.55,0.36,0.77,0.54,0.50,0.84,,0.45,0.30,0.55,0.48,0.51,0.88,0.47,0.08,0.05,0.36,0.79,1.00,0.65,0.46,0.36,0.21,0.81,1.76,0.88,0.96,1.37,0.56,0.85,1.64,0.74,1.23,0.72,1.12,0.86,0.33,2.64,1.54,1.38,1.76,0.87,1.00,0.79,0.51,1.39,1.28,0.95,0.82,0.64,1.47,0.50,1.08,1.03,0.77,0.96,0.65,0.34,0.75,0.54,1.05,1.22,0.73,0.75,0.70,1.03,1.21,1.58,1.06,1.32,3.70,0.98,1.00,0.39,0.68,0.82,1.22,0.94,0.92,1.08,0.70,1.04,1.07,0.28,1.05,0.74,0.55,0.64,0.61,1.40,0.52,0.52,0.92,0.81,1.58,1.67,0.44,,1.37,0.64,0.91,0.67,0.54,0.58,0.75,0.45,0.70,0.32,0.37,0.90,0.40,0.52,1.02,0.76,0.72,1.27,1.19,0.76,3.69,0.36,1.04,0.66,0.75,0.57,,1.15,1.05,1.63,0.83,0.29,0.49,0.57,0.53,1.58,0.98,1.11,0.70,0.79,1.02,0.78,0.13,0.49,1.29,0.47,0.46,1.28,1.58,0.59,0.60,0.32,
20150811,8,CO_24h,0.95,1.21,0.62,2.86,0.62,0.76,1.01,0.40,0.56,1.34,0.86,1.25,0.54,0.65,0.60,0.61,0.93,0.61,0.79,0.56,0.51,0.59,0.46,0.40,1.00,0.31,0.66,0.64,0.61,0.67,0.31,0.30,0.35,0.70,0.61,0.85,0.56,0.44,0.68,0.63,0.43,0.82,0.68,0.62,0.42,0.56,0.42,0.91,1.35,0.46,0.96,0.43,0.48,0.99,0.89,0.78,0.80,0.97,0.94,0.71,0.73,0.68,0.76,0.68,1.12,1.07,0.75,1.14,0.52,0.94,1.07,1.35,1.25,0.66,0.71,0.54,1.38,0.87,0.87,1.39,0.63,0.76,0.64,0.82,1.97,1.78,1.45,1.42,0.44,0.65,0.37,0.72,1.52,0.52,0.53,0.64,0.79,0.77,0.90,1.07,0.79,0.63,0.85,1.03,0.97,1.18,1.12,0.90,1.09,1.49,0.65,1.21,1.82,0.81,1.17,1.42,0.90,1.18,0.74,0.72,0.41,0.45,0.39,0.38,1.39,0.49,1.85,1.60,0.66,1.45,0.90,1.36,0.80,0.77,0.60,0.22,1.03,0.93,1.05,0.80,0.52,0.96,0.65,1.40,0.72,0.77,0.97,0.72,0.62,1.02,1.21,0.62,1.64,1.07,0.55,3.24,0.42,0.43,1.26,1.67,0.61,1.66,0.27,0.59,0.38,0.40,0.31,0.63,0.42,0.47,0.29,0.86,0.63,0.42,0.43,0.60,0.42,0.81,0.53,1.00,0.66,0.50,0.46,0.38,0.51,0.79,1.33,,0.39,0.86,0.90,,2.44,1.38,0.56,2.22,0.85,1.33,0.76,0.61,0.35,0.35,0.46,0.51,0.66,0.76,0.53,0.87,0.44,1.49,0.56,,0.67,0.70,1.56,0.27,0.56,0.41,0.97,0.49,0.42,0.84,0.08,0.40,0.29,1.47,0.34,0.28,0.75,0.56,0.14,0.09,0.17,0.51,0.39,0.55,0.33,0.38,0.22,0.73,1.77,0.99,0.75,1.11,0.62,0.70,1.25,0.54,1.19,0.61,0.93,0.86,0.31,1.16,1.01,1.07,0.94,0.54,0.76,0.51,0.39,1.31,1.15,0.75,0.83,0.62,1.37,0.52,1.22,0.89,0.72,0.75,0.55,0.34,0.76,0.38,0.82,1.07,0.70,0.76,0.66,1.16,0.91,1.44,0.94,1.32,1.31,0.78,0.88,0.31,0.70,0.51,0.95,0.54,0.79,1.00,0.70,0.92,0.61,0.23,0.69,0.73,0.65,0.53,0.56,1.10,0.46,0.36,0.71,0.68,1.02,1.23,0.27,0.11,1.01,0.67,0.66,0.61,0.52,0.31,0.87,0.44,0.75,0.40,0.34,0.90,0.42,0.38,1.05,1.05,0.61,1.04,0.95,0.57,2.93,0.44,0.51,0.54,0.91,0.40,,0.73,0.80,0.82,0.64,0.34,0.36,0.60,0.35,1.79,0.83,1.02,0.63,0.74,0.87,1.04,0.10,0.52,1.27,0.43,0.35,1.10,1.62,0.62,0.55,0.42,
20150811,9,AQI,133,194,140,136,64,159,194,46,54,190,134,215,124,81,76,68,47,50,39,20,20,20,23,29,50,25,24,23,24,27,26,33,27,19,30,49,41,23,21,31,32,62,28,79,50,29,25,24,91,62,154,40,36,56,25,41,59,26,32,40,23,54,88,53,98,93,77,65,25,88,84,93,159,29,38,50,103,54,86,48,36,54,29,29,169,202,58,95,56,73,65,65,77,53,64,79,40,26,31,27,39,20,20,30,63,26,37,48,56,110,59,109,59,73,55,67,69,86,51,40,51,36,44,30,45,26,98,160,96,68,100,89,56,49,32,61,53,75,53,64,35,61,59,43,96,95,86,91,56,64,56,65,85,72,66,50,46,80,52,42,100,65,47,52,39,40,40,65,66,62,71,70,34,13,12,18,35,18,22,30,22,18,29,16,35,29,45,,64,40,59,,119,102,50,98,56,99,74,55,78,75,61,50,61,78,72,60,48,63,85,,88,51,29,51,23,30,57,27,55,12,31,30,18,21,42,40,48,47,33,13,29,57,50,33,45,17,25,37,36,24,35,49,27,53,52,27,52,29,49,35,31,135,156,169,126,89,68,77,68,52,55,60,19,56,33,29,38,40,38,55,59,35,29,71,110,47,51,53,32,52,119,59,78,41,70,59,64,52,62,68,65,80,55,91,31,43,62,29,66,22,65,54,30,51,51,53,75,28,106,24,35,34,35,58,61,34,43,58,27,30,31,42,46,40,16,28,26,53,33,51,70,74,68,46,73,60,44,63,,40,53,55,57,63,70,100,53,50,45,30,47,90,142,47,27,48,40,77,328,41,41,34,21,46,
20150811,9,PM2.5,101,146,107,95,10,121,146,19,15,143,102,165,94,45,21,42,27,20,27,14,9,7,14,12,16,7,8,7,9,7,10,4,19,13,19,29,29,16,15,19,15,43,17,58,18,13,14,12,50,29,118,21,19,40,15,15,42,18,22,28,13,36,65,31,73,64,54,47,14,65,31,66,121,19,19,21,70,38,40,32,25,25,13,17,128,152,37,67,24,50,31,42,37,34,44,53,18,14,14,19,27,12,14,21,45,18,25,27,38,83,32,82,40,51,21,43,50,64,21,15,19,20,18,11,24,9,73,122,72,36,75,66,23,29,15,44,37,55,23,46,14,44,42,26,72,71,64,68,31,46,35,47,63,52,48,8,24,59,20,22,73,32,22,36,20,28,26,47,48,41,52,51,15,4,7,8,9,11,2,12,12,9,7,8,13,14,29,,31,16,32,,90,54,30,73,39,74,54,16,32,55,37,24,6,46,39,30,28,21,63,,57,36,17,27,11,13,32,14,39,2,9,19,12,1,26,10,17,30,23,7,20,28,35,17,28,1,16,19,25,17,18,27,15,34,24,13,36,20,34,21,22,103,119,128,75,66,36,51,25,30,31,30,13,29,23,20,13,28,19,25,34,20,15,52,33,24,19,34,21,30,90,42,57,24,48,39,46,15,44,49,47,59,39,68,17,30,32,15,25,15,47,30,17,33,16,37,55,16,80,17,11,13,23,23,44,11,5,12,13,15,19,10,19,28,11,14,18,37,19,26,46,33,33,21,53,43,31,30,,25,24,39,38,45,51,37,21,35,22,19,28,50,29,15,14,23,28,48,73,29,29,24,14,32,
20150811,9,PM2.5_24h,61,116,111,88,13,112,122,24,14,94,81,115,102,29,18,23,53,21,20,20,5,20,18,12,16,10,19,16,15,12,11,7,14,21,18,23,22,19,23,20,12,31,19,29,7,18,16,10,55,15,61,13,18,40,17,18,38,21,18,27,31,31,47,18,58,37,44,46,26,54,33,35,59,22,16,16,49,40,22,36,19,28,14,20,117,91,39,35,18,29,27,29,26,15,31,47,15,19,25,32,25,16,31,21,29,34,30,29,28,42,23,66,30,39,13,26,20,38,24,19,10,18,18,11,19,10,56,84,48,30,45,55,20,26,16,42,20,30,25,35,9,37,34,21,47,46,40,59,37,40,42,35,58,64,30,20,17,39,23,21,32,23,15,20,11,24,22,34,26,21,35,29,14,18,21,18,15,20,3,18,16,14,11,14,15,19,27,,81,19,31,,54,45,23,52,34,45,60,21,39,49,29,27,10,39,18,24,17,16,23,,23,23,13,39,14,20,36,16,41,6,16,17,11,8,14,6,16,16,15,7,10,19,31,13,22,7,13,18,19,16,16,25,22,23,14,9,28,15,27,19,25,61,82,73,44,43,46,34,19,21,28,26,9,21,21,9,14,26,21,18,22,21,18,43,27,21,17,33,39,37,58,49,33,27,28,36,35,13,35,35,34,47,35,56,15,27,22,26,21,20,50,36,15,32,21,26,49,17,57,14,7,10,33,53,43,9,6,16,12,14,22,8,16,51,14,12,26,55,18,23,20,35,16,21,48,39,25,26,,18,19,39,24,35,40,42,14,29,28,22,30,32,22,25,19,26,39,72,91,28,20,12,33,15,
20150811,9,PM10,132,167,223,221,77,257,320,46,57,260,138,241,145,111,101,86,47,50,39,18,20,20,19,29,50,25,24,16,,23,26,32,27,19,30,49,37,,,31,32,74,28,62,50,29,25,24,131,73,178,40,36,60,25,41,56,22,32,30,23,57,98,55,121,136,103,78,24,98,117,135,142,29,38,50,155,49,121,48,36,58,29,29,246,320,65,140,62,96,80,79,104,55,78,108,40,26,31,21,27,20,17,,67,26,37,48,61,124,68,113,67,95,59,83,88,94,52,40,52,36,44,30,45,26,114,191,96,86,139,103,61,49,32,53,50,90,56,72,35,67,64,43,98,103,99,94,62,60,61,78,93,94,71,50,46,93,54,42,149,79,47,53,39,40,36,63,78,74,78,60,34,13,12,15,35,18,22,30,15,13,29,16,35,29,45,,77,40,67,,185,153,50,103,62,82,81,59,106,85,71,50,71,105,93,70,48,75,70,,125,52,29,52,23,30,63,27,39,12,31,30,18,21,42,40,48,47,27,13,27,63,46,33,45,17,25,37,28,23,35,49,27,55,53,27,53,26,33,35,24,204,210,151,201,117,86,103,86,54,60,69,19,62,32,26,38,33,38,59,68,35,29,81,169,47,51,56,32,53,128,56,73,41,89,67,64,53,74,77,69,88,60,100,31,41,73,29,81,22,80,57,30,51,51,54,76,28,101,,35,34,35,66,60,34,43,65,27,30,31,42,46,15,,28,19,46,33,52,89,98,86,46,84,52,39,76,,40,55,52,63,48,79,150,55,43,45,30,47,129,234,47,27,29,,104,442,38,,,21,,
20150811,9,PM10_24h,100,180,198,156,58,198,208,57,48,177,117,164,141,67,69,54,80,48,39,33,8,31,24,20,40,22,32,25,17,21,18,17,23,32,27,40,29,31,37,33,30,40,25,44,18,34,28,22,108,46,101,19,25,54,31,39,53,30,29,35,43,47,97,35,94,78,78,78,71,98,83,73,73,53,28,32,103,61,75,58,42,47,29,36,170,177,77,82,50,65,66,56,64,28,62,83,25,32,39,46,39,25,43,33,52,36,41,57,44,77,54,94,47,78,43,46,45,62,41,42,31,31,31,25,33,21,82,132,75,72,81,83,54,47,33,60,42,48,48,64,20,54,53,34,67,77,76,83,78,48,72,63,79,102,55,40,42,64,46,52,67,54,31,31,27,43,37,59,42,46,55,42,34,28,34,29,41,34,18,32,25,22,17,26,45,38,47,,51,38,54,,114,104,40,71,55,66,96,65,101,84,55,58,55,90,47,53,35,47,50,,56,43,25,53,26,36,55,24,56,16,30,38,19,31,23,33,36,38,26,13,18,36,40,21,45,19,25,29,33,27,28,41,28,40,33,18,46,23,35,32,31,116,142,95,107,72,85,63,54,40,50,53,19,52,30,22,31,39,37,36,40,35,35,62,70,35,35,52,59,69,87,69,52,46,56,64,70,40,58,51,49,74,51,81,29,37,58,32,41,31,81,75,31,47,56,36,100,33,77,13,18,26,42,78,57,26,15,52,25,23,37,37,34,113,21,29,37,77,32,39,47,50,46,36,67,51,37,61,,34,50,46,54,53,59,128,28,49,44,39,51,98,81,69,45,39,279,183,461,59,33,34,38,42,
20150811,9,SO2,12,8,10,149,40,58,13,18,8,13,60,14,18,32,11,43,20,9,4,8,7,12,15,9,47,13,16,13,9,15,9,7,10,7,9,11,7,5,6,2,3,60,14,34,7,6,9,6,30,19,6,9,15,11,9,4,20,5,19,7,7,39,13,9,17,16,13,26,7,9,27,63,9,3,13,58,39,13,46,11,30,38,13,9,21,37,14,116,40,20,30,82,22,12,26,25,21,10,8,8,8,9,5,5,21,11,11,10,24,55,22,34,12,69,14,59,20,12,20,15,12,7,8,16,33,77,36,49,24,21,70,20,17,14,19,15,22,38,10,46,3,11,35,6,21,22,67,12,8,35,15,2,7,4,10,12,10,17,6,2,50,64,6,15,10,5,25,9,48,26,15,25,2,8,19,10,9,10,16,14,8,11,15,14,5,12,62,,3,15,17,,102,33,5,22,64,20,23,20,5,6,21,4,5,6,115,14,16,18,14,,59,44,8,7,3,3,3,11,5,10,14,8,11,7,6,9,26,36,15,9,7,33,23,70,45,4,20,7,11,11,9,8,7,30,25,15,22,15,23,11,26,28,32,10,93,14,24,14,136,6,33,16,5,17,4,2,14,8,9,26,62,7,9,106,57,28,16,21,4,19,50,10,21,11,235,10,22,21,30,41,12,28,56,12,8,2,31,5,12,19,14,91,9,13,42,10,43,21,76,4,9,19,16,80,17,13,4,2,11,20,5,8,8,23,15,4,4,4,31,17,29,15,9,18,3,10,5,7,,15,8,62,13,6,16,28,3,19,4,6,5,7,5,5,15,2,,8,16,6,6,12,3,2,
20150811,9,SO2_24h,4,7,9,47,24,30,16,19,7,9,29,17,16,18,10,14,13,7,4,8,7,10,13,8,31,27,12,11,11,15,9,6,5,10,8,6,8,7,6,3,4,24,11,9,7,7,7,21,34,17,5,9,11,11,7,5,17,6,10,8,9,18,15,7,13,15,12,15,8,7,17,23,6,6,11,43,34,15,12,10,18,28,11,9,18,34,21,38,31,13,10,39,21,9,17,40,14,10,9,13,5,9,7,6,19,12,12,20,16,31,17,35,9,25,14,17,8,10,19,15,12,7,8,17,23,35,21,16,14,21,43,16,9,9,17,12,8,29,10,33,3,14,32,14,19,18,31,13,7,20,17,5,8,4,9,15,12,11,8,7,29,69,7,10,20,6,27,10,36,20,12,27,11,9,17,10,6,8,16,11,6,9,13,7,8,9,34,,3,13,9,,45,41,8,15,45,17,67,12,3,12,17,4,7,4,28,10,9,12,17,,16,17,5,6,3,6,3,12,5,10,15,12,13,15,6,7,25,17,16,8,15,30,17,70,40,6,12,4,13,12,7,6,6,30,15,10,18,9,16,15,26,24,26,11,25,13,30,13,24,4,24,10,7,16,2,1,14,6,6,9,27,10,8,61,26,23,19,20,8,16,34,10,11,18,66,11,15,21,16,30,13,26,19,23,10,6,25,4,13,27,10,64,9,11,38,7,23,14,54,5,7,10,28,28,11,12,9,16,12,13,5,6,7,25,15,4,5,7,13,15,15,11,8,15,5,10,6,6,,11,9,24,12,7,13,26,2,21,3,6,4,5,3,7,19,4,3,10,19,9,6,10,7,3,
20150811,9,NO2,50,32,36,106,60,66,34,21,30,55,37,56,45,41,47,53,24,48,39,28,18,26,16,19,27,16,27,16,16,9,5,11,14,25,22,25,24,13,19,6,13,34,21,36,29,19,24,18,74,27,48,17,16,40,35,18,37,16,13,38,19,24,27,29,61,71,37,36,24,40,65,50,27,46,19,22,54,24,36,16,29,53,17,19,80,58,27,81,16,32,20,32,53,14,30,12,19,14,16,14,15,8,14,14,40,27,21,20,22,29,32,51,18,41,21,46,38,57,30,29,14,33,13,37,23,17,46,59,28,60,35,16,31,18,11,6,33,23,23,18,16,41,30,25,36,44,50,34,27,32,17,27,53,27,23,18,42,16,22,16,38,42,13,33,21,12,15,24,30,28,27,19,7,9,21,15,20,18,16,17,14,9,12,20,17,26,44,,15,18,11,,70,43,19,13,41,36,13,13,32,16,43,14,11,14,41,27,31,19,26,,43,24,17,13,9,13,4,14,9,7,16,12,16,7,11,20,22,18,16,10,23,36,14,9,33,4,16,27,25,12,25,20,12,14,15,15,10,9,22,9,19,62,63,29,82,20,16,28,35,12,22,28,11,18,4,4,21,11,14,24,15,11,17,26,24,8,19,28,9,18,28,21,20,15,22,23,24,24,37,45,29,41,30,47,20,27,20,9,28,36,31,39,23,30,30,31,28,20,20,28,14,9,20,23,22,13,14,8,8,15,13,6,24,13,3,17,11,21,11,22,39,34,30,20,54,35,12,23,,41,17,41,18,8,17,67,16,8,24,21,16,59,21,30,9,14,14,14,10,24,11,11,41,29,
20150811,9,NO2_24h,35,25,28,56,47,35,45,21,32,46,44,47,43,31,33,41,28,41,32,16,26,25,17,10,27,20,22,23,17,13,4,9,12,30,14,20,13,21,16,7,11,26,19,23,19,28,25,23,47,20,36,14,13,42,33,18,33,18,15,30,21,23,35,17,45,56,33,39,22,35,51,41,25,34,16,19,43,29,26,23,29,39,17,20,38,45,29,48,18,32,19,30,31,8,19,17,11,13,24,17,18,7,15,18,35,23,17,17,16,32,20,28,18,28,20,29,21,27,31,30,16,26,15,34,22,13,28,31,23,31,30,19,28,18,10,7,18,16,11,21,12,41,26,26,33,33,36,36,30,25,20,21,37,26,29,17,23,13,12,14,23,30,14,18,26,20,21,25,19,16,18,24,10,15,20,19,23,20,16,22,17,18,14,11,20,24,58,,18,19,11,,44,41,15,8,31,20,18,17,34,19,30,17,8,8,35,23,25,15,23,,23,16,23,15,15,20,4,14,9,10,16,17,18,6,11,17,20,19,13,9,19,35,16,8,37,9,20,19,27,14,14,21,15,11,10,10,10,5,19,8,15,34,40,20,50,16,13,19,25,12,14,23,10,14,3,3,17,11,13,13,13,14,15,23,16,9,14,24,14,19,19,25,14,9,20,17,23,24,20,27,23,26,23,39,22,25,13,12,29,20,26,28,16,30,29,28,21,13,23,15,9,8,23,17,19,12,14,10,8,14,19,6,11,10,4,7,14,23,7,17,24,22,24,15,45,21,11,22,,21,18,29,17,8,10,40,14,8,12,11,12,33,9,29,8,15,8,11,19,20,10,13,21,16,
20150811,9,O3,62,55,27,35,29,33,47,73,38,62,109,44,69,16,54,61,106,51,20,24,49,34,72,50,32,76,47,74,76,85,56,107,58,32,36,26,30,45,33,41,39,18,47,21,30,36,35,37,27,61,58,38,25,22,36,51,16,38,28,26,36,28,56,47,14,18,16,11,81,22,30,20,28,48,27,19,34,90,90,54,97,71,23,36,74,71,56,65,39,59,57,49,38,50,55,92,33,38,55,48,28,54,50,66,24,31,27,9,12,59,51,38,38,20,29,82,77,17,71,65,37,21,48,32,34,20,31,39,48,29,50,97,31,59,45,85,50,35,60,59,24,22,24,15,9,35,26,44,22,5,43,29,5,12,45,72,57,64,69,91,54,26,41,63,32,59,127,95,83,72,70,67,44,37,22,57,56,18,29,48,69,57,44,36,64,52,18,,51,44,52,,18,69,18,93,28,26,74,68,22,117,64,44,29,90,43,96,43,33,63,,8,15,75,48,70,40,42,29,13,30,74,43,33,8,42,23,39,34,28,39,21,24,12,29,56,11,39,16,18,27,16,14,18,9,12,27,50,28,14,29,44,41,37,74,38,68,80,41,44,21,18,57,43,26,32,53,22,58,20,27,46,56,62,21,60,46,14,48,76,46,39,46,17,28,21,46,32,22,23,30,10,13,59,25,45,10,28,5,14,17,17,21,36,2,63,7,16,9,49,26,5,26,27,26,10,6,11,11,18,24,45,72,65,56,30,18,40,95,19,6,22,36,41,52,28,54,45,66,,33,40,27,85,54,101,41,,80,43,66,60,25,25,59,50,155,20,23,63,33,,76,47,46,
20150811,9,O3_24h,196,208,159,275,110,130,239,141,136,232,213,124,145,78,154,125,164,102,77,65,70,63,72,64,62,85,56,96,79,85,58,122,65,63,73,63,70,58,72,74,60,59,90,51,86,72,67,59,202,63,96,55,56,183,93,83,138,95,90,178,118,116,125,88,147,154,115,91,132,137,196,135,90,158,53,41,174,177,145,136,124,127,64,72,180,194,136,127,97,119,138,147,132,56,126,276,92,99,92,97,106,125,115,108,100,84,116,82,88,120,115,183,97,98,64,120,131,153,135,115,59,91,78,58,62,61,95,139,99,130,117,109,66,102,66,109,102,98,173,115,61,143,107,69,115,104,193,139,118,83,87,73,85,104,135,117,157,101,128,105,136,218,69,81,86,111,191,122,126,103,126,242,111,64,55,57,56,45,30,56,83,72,52,56,97,62,47,,122,54,100,,84,158,66,109,93,141,113,92,80,131,120,86,48,125,96,114,81,57,142,,97,77,86,65,106,93,66,81,58,82,120,56,66,47,54,30,62,79,42,48,30,26,23,49,75,30,88,58,47,55,75,68,35,51,45,56,80,60,60,64,60,132,112,181,106,99,187,115,84,71,84,119,55,56,36,72,48,68,77,66,84,76,105,91,103,64,88,100,150,130,116,138,95,96,95,141,125,123,153,118,138,138,130,155,66,108,138,103,28,107,32,103,90,78,112,69,102,75,115,83,44,64,73,120,100,56,55,75,56,50,138,138,123,98,65,100,94,157,93,96,83,87,127,126,85,125,71,121,,109,149,153,185,109,157,132,71,116,113,131,103,118,66,108,85,206,89,88,74,90,65,118,135,116,
20150811,9,O3_8h,49,46,13,13,17,35,28,65,17,45,49,15,38,9,35,22,86,13,8,45,48,35,43,58,16,68,30,45,60,67,52,105,44,35,46,14,41,36,34,42,39,21,44,11,41,23,38,41,11,26,31,28,33,18,39,55,15,23,19,15,31,19,38,34,12,11,11,7,70,15,14,27,33,77,29,23,35,94,39,26,42,32,33,22,77,39,23,16,22,31,26,17,18,29,30,65,32,33,41,34,13,58,35,43,33,33,27,6,23,26,43,34,32,14,17,33,22,8,33,25,30,13,29,33,33,22,25,23,31,45,34,73,22,40,35,73,45,39,81,39,17,17,20,17,8,27,20,40,13,3,40,21,4,8,27,55,102,52,87,98,16,13,24,31,10,23,70,57,34,48,55,16,15,35,36,40,32,29,22,37,52,35,31,42,63,41,14,,39,25,28,,11,37,20,94,12,42,67,47,9,99,47,23,21,87,13,31,16,14,18,,3,10,32,34,19,28,24,14,5,20,84,21,20,5,31,16,15,35,22,26,23,14,10,27,51,10,49,25,6,12,31,3,23,12,13,38,34,28,14,34,36,37,17,62,14,42,66,24,24,12,13,26,33,20,22,42,24,36,11,38,27,50,61,26,40,48,5,30,62,38,35,30,13,28,11,18,9,23,25,22,11,13,40,30,46,5,27,6,13,32,14,11,23,1,68,3,13,16,33,42,3,26,19,25,7,3,11,10,21,22,61,90,86,65,34,30,35,75,22,5,21,49,18,50,25,67,50,47,,28,27,36,85,50,84,45,8,86,51,75,64,55,40,66,43,154,31,38,69,56,7,74,82,73,
20150811,9,O3_8h_24h,167,177,125,207,93,117,191,127,119,208,189,106,136,71,138,112,137,85,65,60,53,54,55,62,48,68,49,64,65,67,52,105,59,50,68,56,63,50,64,63,54,49,75,47,63,59,61,49,154,44,89,46,52,113,75,75,103,75,75,138,85,91,112,76,118,116,87,80,124,113,161,120,74,129,48,37,149,148,136,102,113,115,53,53,166,163,112,105,61,103,112,107,100,51,105,196,78,82,78,73,87,102,95,98,81,84,97,52,77,104,109,158,89,83,57,110,116,123,126,101,55,81,70,41,47,47,82,125,90,98,104,99,58,89,52,103,95,91,146,107,55,118,95,55,93,88,131,112,101,60,75,68,76,91,86,110,126,91,120,101,115,128,66,66,69,94,125,103,108,92,95,133,84,56,50,51,44,36,25,47,75,46,43,51,88,52,41,,110,47,90,,59,152,51,102,89,128,106,87,66,120,114,72,44,123,90,104,74,54,114,,90,68,78,56,94,79,51,61,43,70,94,46,50,40,46,27,56,48,38,38,26,21,18,41,64,15,59,48,37,46,69,58,30,37,34,49,68,53,48,56,55,119,99,150,92,89,122,104,72,37,72,106,50,50,33,65,42,61,66,56,62,72,88,69,97,58,74,80,121,114,107,113,83,78,85,126,108,91,117,106,94,119,119,130,59,83,125,89,18,86,25,87,85,62,96,62,91,58,104,78,37,53,60,94,88,44,43,55,51,44,124,130,110,92,46,92,77,136,80,82,71,79,121,123,80,108,84,109,,98,134,133,174,105,148,128,68,113,105,121,97,110,61,98,80,198,86,85,69,75,58,109,122,108,
20150811,9,CO,1.87,1.64,0.84,10.08,0.58,1.26,1.94,0.48,0.44,2.78,0.77,1.35,0.78,1.10,0.76,0.87,0.94,0.69,1.01,0.70,0.51,0.62,0.45,0.42,1.31,0.17,0.82,0.55,0.44,0.54,0.37,0.32,0.43,0.68,0.68,1.03,0.80,0.33,0.72,0.59,0.46,1.17,0.76,0.97,0.52,0.51,0.40,0.70,1.51,0.49,1.60,0.49,0.50,1.07,0.88,0.60,0.97,1.03,1.11,0.83,0.71,0.80,0.90,0.67,1.42,1.44,1.06,1.16,0.60,1.02,1.64,2.54,1.57,0.61,0.72,0.63,1.45,0.85,1.97,1.32,0.73,0.94,0.69,0.84,2.37,2.04,1.34,2.24,0.33,0.60,0.53,0.70,1.63,0.68,0.56,0.74,1.10,0.86,0.84,1.01,0.80,0.67,0.89,1.20,1.23,1.38,1.27,1.05,1.44,1.56,0.97,1.67,1.99,1.12,1.27,2.61,1.33,2.25,0.88,0.66,0.41,0.53,0.39,0.30,1.60,0.51,2.41,4.05,0.81,1.97,1.22,1.46,0.90,0.87,0.61,0.00,1.32,1.01,1.31,0.79,0.63,1.14,0.82,1.40,1.08,1.22,1.37,0.89,0.66,1.67,1.25,0.85,1.92,1.12,0.74,3.08,0.42,0.60,1.43,1.64,1.48,3.00,0.27,0.80,0.29,0.34,0.33,0.80,0.61,0.70,0.32,0.83,0.64,0.40,0.47,0.50,0.52,0.89,0.37,0.94,0.65,0.33,0.38,0.55,0.38,0.81,1.45,,0.87,0.89,0.94,,3.66,1.65,0.90,2.46,1.04,2.08,0.56,0.46,0.48,0.37,0.65,0.47,0.69,0.96,0.66,1.02,0.51,2.28,0.60,,2.25,0.83,1.63,0.33,0.54,0.35,0.96,0.42,0.47,0.81,0.00,0.42,0.27,0.59,0.53,0.48,0.75,0.49,0.08,0.05,0.35,0.50,0.74,0.65,0.38,0.36,0.25,0.92,1.43,0.97,1.18,1.05,0.61,0.92,1.60,0.62,1.21,0.66,1.11,0.88,0.33,3.90,1.38,1.45,1.51,0.63,1.00,0.52,0.55,1.42,1.23,0.85,0.83,0.62,1.44,0.49,1.29,0.89,0.81,0.94,0.59,0.29,0.75,0.58,1.25,1.23,0.79,0.85,0.65,1.09,1.26,1.37,1.14,1.45,2.74,0.85,0.96,0.40,0.87,0.96,1.32,0.96,0.93,1.06,0.74,1.08,1.12,0.20,0.73,0.78,0.48,0.70,0.68,1.58,0.68,0.57,0.93,1.13,1.27,1.13,0.60,0.18,1.05,0.87,0.92,0.81,0.62,0.52,0.82,0.33,0.83,0.41,0.47,0.98,0.45,0.54,1.06,0.71,0.80,1.20,1.37,0.82,3.25,0.35,1.06,0.74,0.81,0.42,,0.95,0.77,1.77,0.72,0.34,0.44,0.89,0.43,1.63,1.01,1.10,0.68,1.14,1.14,0.81,0.06,0.57,1.30,0.54,0.23,1.30,1.68,0.57,0.81,0.43,
20150811,9,CO_24h,0.99,1.20,0.62,3.22,0.59,0.76,1.04,0.41,0.56,1.38,0.85,1.26,0.55,0.66,0.60,0.62,0.94,0.61,0.80,0.56,0.51,0.59,0.46,0.39,1.03,0.30,0.67,0.62,0.60,0.67,0.32,0.30,0.35,0.70,0.62,0.85,0.57,0.44,0.68,0.62,0.43,0.84,0.68,0.76,0.45,0.56,0.42,0.90,1.29,0.46,0.99,0.43,0.48,1.00,0.89,0.77,0.81,0.97,0.95,0.71,0.72,0.68,0.75,0.68,1.13,1.09,0.82,1.15,0.51,0.94,1.08,1.35,1.25,0.65,0.71,0.55,1.37,0.86,0.91,1.40,0.64,0.76,0.64,0.82,1.97,1.76,1.39,1.44,0.43,0.65,0.38,0.71,1.45,0.53,0.54,0.62,0.80,0.82,0.90,1.06,0.80,0.63,0.85,1.03,0.98,1.19,1.13,0.90,1.11,1.51,0.64,1.22,1.82,0.81,1.17,1.45,0.90,1.17,0.75,0.72,0.41,0.45,0.39,0.38,1.42,0.46,1.86,1.72,0.65,1.47,0.91,1.36,0.81,0.77,0.59,0.17,1.03,0.92,1.06,0.72,0.53,1.02,0.65,1.39,0.74,0.79,0.98,0.73,0.63,1.05,1.19,0.63,1.64,1.07,0.55,3.22,0.39,0.42,1.26,1.67,0.65,1.71,0.26,0.60,0.37,0.40,0.31,0.63,0.42,0.49,0.30,0.86,0.63,0.42,0.43,0.59,0.42,0.81,0.52,1.00,0.67,0.48,0.46,0.38,0.49,0.80,1.35,,0.39,0.87,0.90,,2.32,1.37,0.56,2.22,0.85,1.34,0.73,0.61,0.35,0.34,0.47,0.51,0.66,0.76,0.54,0.85,0.44,1.52,0.61,,0.75,0.68,1.59,0.26,0.56,0.41,0.98,0.49,0.43,0.84,0.07,0.40,0.29,1.43,0.34,0.28,0.75,0.56,0.13,0.09,0.17,0.49,0.42,0.55,0.31,0.39,0.22,0.73,1.77,0.98,0.77,1.09,0.62,0.70,1.26,0.54,1.19,0.61,0.93,0.86,0.31,1.25,1.03,1.08,0.96,0.55,0.76,0.51,0.39,1.32,1.15,0.75,0.83,0.62,1.37,0.51,1.21,0.89,0.72,0.76,0.55,0.34,0.76,0.38,1.01,1.09,0.70,0.76,0.66,1.16,0.92,1.42,0.94,1.32,1.33,0.78,0.87,0.31,0.70,0.52,0.94,0.55,0.80,1.00,0.71,0.92,0.63,0.23,0.69,0.73,0.64,0.55,0.56,1.11,0.47,0.36,0.72,0.69,1.04,0.89,0.28,0.09,1.01,0.62,0.64,0.62,0.52,0.30,0.86,0.43,0.75,0.39,0.34,0.88,0.42,0.38,1.05,1.02,0.61,1.04,0.96,0.57,2.93,0.43,0.51,0.51,0.90,0.40,,0.73,0.78,0.83,0.65,0.35,0.36,0.60,0.35,1.77,0.83,1.01,0.63,0.74,0.85,1.01,0.10,0.53,1.27,0.43,0.32,1.10,1.62,0.62,0.56,0.41,
20150811,10,AQI,141,189,140,111,60,173,244,45,58,197,90,215,123,77,75,58,40,38,46,16,18,23,23,27,47,25,26,26,28,31,19,33,32,17,31,51,44,23,21,32,32,58,24,74,52,32,27,18,103,56,150,36,34,55,29,35,59,29,29,34,26,55,94,56,100,91,82,70,26,88,80,98,145,30,37,46,105,54,78,47,38,49,28,33,114,177,69,93,50,77,67,61,67,49,63,99,34,31,32,17,36,25,18,47,76,,30,53,61,99,62,111,60,78,58,66,67,64,45,38,35,40,37,30,34,25,110,144,86,71,99,86,57,52,32,64,57,64,56,59,33,60,59,47,105,89,95,101,61,70,56,68,81,76,65,51,70,60,57,53,89,67,44,58,41,47,51,90,75,75,75,90,34,134,22,27,34,27,21,28,24,22,20,22,33,22,48,,53,42,46,,126,87,51,103,68,96,79,50,81,81,64,52,64,85,43,57,47,54,71,41,94,64,26,51,27,22,48,25,82,11,31,29,23,16,39,37,38,47,55,12,27,53,37,37,40,17,38,33,36,23,33,43,23,48,47,25,54,31,59,37,33,143,149,160,115,73,88,59,68,44,64,58,29,60,34,29,43,34,40,55,48,34,29,71,83,53,46,60,36,53,143,61,63,46,78,63,59,50,68,70,78,77,78,90,24,46,66,20,64,30,75,64,31,58,53,85,91,40,95,20,35,31,33,71,64,35,32,58,23,43,41,51,42,39,16,25,29,50,49,49,63,57,62,47,68,68,47,51,,44,51,66,63,40,60,128,38,44,41,35,50,103,96,48,33,45,44,76,286,56,46,34,36,46,
20150811,10,PM2.5,108,142,107,77,8,131,194,22,10,148,67,165,93,44,17,32,21,17,21,11,7,8,12,12,15,5,11,8,10,13,7,3,18,12,20,33,31,16,15,21,15,41,14,54,21,19,16,5,66,27,115,17,20,39,14,13,42,19,20,24,14,39,70,38,75,63,55,51,16,65,37,70,111,21,21,21,73,38,32,30,22,19,12,18,86,134,41,69,18,52,40,43,35,33,43,74,17,14,13,10,25,10,10,29,56,,21,29,41,74,31,84,42,51,17,41,43,46,13,15,10,21,18,13,24,9,83,110,64,36,74,64,26,29,17,46,18,46,28,40,11,41,42,32,79,66,71,76,29,51,36,49,60,53,47,19,27,43,19,25,63,39,22,41,20,31,36,67,55,55,55,67,17,2,9,13,9,13,2,13,13,9,13,7,12,8,31,,24,12,22,,96,52,33,77,48,72,58,16,31,60,35,24,6,48,22,27,20,15,52,24,66,46,15,26,8,13,26,11,41,3,9,16,16,4,24,6,17,22,27,5,17,24,26,22,15,6,17,17,25,16,15,15,16,28,21,12,38,20,42,19,23,109,114,122,73,47,61,37,29,26,34,30,13,32,21,14,19,24,21,25,24,18,20,52,31,28,23,40,25,32,109,44,45,28,56,45,38,18,49,51,57,55,57,67,10,32,31,9,24,21,55,35,12,41,14,63,68,19,71,14,10,13,23,33,44,11,7,14,10,14,19,15,26,27,11,11,20,35,25,34,27,34,38,23,49,49,33,25,,24,31,48,33,28,43,56,15,31,24,20,23,70,32,14,23,22,31,51,56,34,32,16,19,25,
20150811,10,PM2.5_24h,64,117,111,85,12,113,124,24,13,94,81,117,102,29,18,24,52,20,20,20,5,20,18,12,16,10,19,16,15,11,11,6,13,20,18,23,22,19,23,20,13,32,19,32,8,23,16,10,56,16,65,13,18,40,17,17,39,21,19,27,30,31,47,18,59,39,45,47,24,54,33,35,62,27,17,17,50,40,22,36,19,27,14,20,116,94,38,36,18,30,28,31,26,16,32,52,15,18,24,30,25,15,30,21,30,,29,28,29,44,23,66,30,38,13,25,20,37,24,18,10,18,18,11,19,10,58,86,49,31,45,55,20,26,16,42,19,30,25,35,9,37,35,21,48,46,42,60,37,41,41,35,57,64,30,19,17,39,23,22,34,24,15,21,11,25,23,35,27,23,37,31,14,18,21,18,15,20,3,19,16,13,11,14,15,19,28,,65,19,30,,55,45,22,53,34,45,59,21,39,50,29,26,10,39,18,24,17,16,24,24,25,23,13,38,14,20,35,15,41,6,15,17,11,8,15,6,16,16,16,7,10,19,30,13,21,7,13,18,19,16,17,25,22,23,14,9,28,15,28,20,25,64,85,77,45,43,46,34,19,21,28,26,9,21,20,9,14,26,21,19,22,20,18,44,26,21,17,33,37,37,61,48,33,27,30,37,35,13,36,35,34,47,42,57,15,28,23,26,21,19,50,37,15,33,21,28,49,17,58,14,7,10,33,49,42,9,6,16,12,14,21,8,14,48,14,12,26,53,18,23,20,34,17,21,48,39,24,25,,18,19,40,25,35,40,42,14,29,27,20,30,33,22,24,19,26,35,67,91,28,20,13,33,15,
20150811,10,PM10,139,166,208,172,69,243,327,45,65,249,90,203,141,104,99,66,40,38,46,16,18,21,19,27,47,25,26,20,12,31,19,33,32,17,31,52,37,,18,32,32,64,24,83,54,32,27,18,155,62,165,36,34,59,29,35,59,29,29,33,26,59,103,61,127,131,113,82,23,113,109,145,,24,37,46,159,56,106,47,37,49,28,33,150,236,87,125,50,104,84,72,84,49,75,116,34,31,32,16,34,25,15,47,76,,27,56,72,112,73,122,70,106,66,81,83,76,45,38,35,40,37,30,31,25,133,194,91,91,121,100,63,53,32,65,63,77,62,68,33,69,63,47,127,101,110,101,72,65,62,76,74,101,73,51,90,56,63,56,127,84,44,55,41,47,45,85,82,88,74,,34,12,22,27,34,27,21,28,17,15,20,22,33,22,48,,56,42,46,,182,124,52,108,85,88,75,50,111,83,77,53,78,120,43,63,47,58,64,41,138,67,25,51,16,22,48,25,113,11,31,29,17,16,39,37,38,47,59,12,27,55,32,37,40,17,38,33,26,20,33,43,22,48,47,25,52,31,34,37,28,212,182,163,179,95,125,67,85,44,78,66,29,70,34,29,43,32,40,59,48,34,27,80,116,56,46,70,32,56,158,58,75,46,106,72,67,50,82,85,83,103,72,103,24,45,81,20,78,28,100,77,31,61,55,97,101,40,74,16,35,31,33,92,77,35,32,65,23,43,41,51,42,21,,25,19,38,49,46,76,63,74,47,82,79,45,51,,44,51,62,76,36,52,206,38,39,41,35,50,156,142,48,26,31,,102,410,61,,34,36,46,
20150811,10,PM10_24h,104,180,197,154,58,198,212,57,48,176,116,165,141,69,70,55,79,48,40,33,9,30,24,20,40,22,33,24,17,22,18,17,23,31,27,41,29,31,37,32,30,42,25,45,21,35,28,22,110,47,105,20,26,55,30,39,53,31,30,36,42,46,97,35,95,81,82,79,69,98,84,74,73,62,29,33,105,59,75,57,42,47,29,35,167,181,76,83,49,66,67,57,64,29,63,87,26,33,39,44,38,26,41,34,53,,41,55,45,78,54,94,49,77,44,45,46,61,42,41,32,31,33,25,33,22,85,135,78,73,81,84,54,47,33,60,42,48,48,64,20,54,54,35,69,79,77,84,78,48,71,64,77,102,55,39,41,63,46,52,71,55,30,33,27,44,37,61,43,48,57,42,34,28,33,29,41,34,19,31,25,22,18,26,45,38,48,,50,38,54,,115,102,40,73,55,66,93,66,100,83,56,58,55,91,47,54,36,47,51,41,60,43,25,53,25,36,55,24,85,17,28,35,19,30,24,33,36,38,26,13,18,38,39,22,44,19,26,29,34,27,28,42,28,40,34,19,46,22,35,32,30,121,145,99,111,73,85,63,55,41,50,54,20,53,29,22,32,39,37,37,41,35,35,63,72,36,36,52,58,69,90,66,52,46,58,66,70,40,59,52,50,73,65,83,30,37,59,31,44,30,82,76,31,48,57,39,96,34,78,13,18,26,42,75,56,26,16,54,25,24,36,37,32,101,22,29,36,74,33,38,49,51,47,36,69,49,37,60,,34,48,45,55,53,59,131,28,49,44,38,51,96,84,67,44,38,236,163,474,57,33,34,37,42,
20150811,10,SO2,13,8,37,113,25,63,14,20,7,25,43,13,29,29,12,33,16,7,4,10,7,68,18,9,49,13,16,12,10,15,9,6,9,7,9,10,9,7,8,2,4,47,11,21,7,8,7,5,57,16,6,10,14,10,10,4,22,6,13,9,7,36,12,10,17,20,23,33,7,9,28,51,8,3,13,44,45,12,33,11,30,39,15,8,27,51,13,81,26,65,18,84,15,9,18,27,20,13,8,14,8,9,3,6,35,,14,16,21,45,18,30,12,61,12,66,22,15,17,18,12,7,25,16,31,21,53,37,23,33,59,19,15,14,17,15,16,27,10,27,3,13,39,8,21,37,65,10,6,47,14,4,7,4,13,12,10,8,7,2,39,89,6,12,10,9,18,8,37,23,15,18,2,6,18,12,9,11,16,16,8,11,14,16,7,11,68,,4,15,16,,73,31,25,19,65,22,17,18,4,7,24,4,6,6,71,20,20,27,67,10,58,32,7,6,3,4,3,12,5,9,14,9,11,8,6,9,27,29,17,8,15,33,26,70,38,4,18,6,8,11,9,6,4,27,14,14,16,20,18,10,16,28,33,26,82,15,36,13,25,3,45,16,82,14,4,3,76,54,10,19,28,9,10,53,47,22,19,25,3,23,53,10,12,12,220,15,12,27,26,48,20,39,25,12,8,2,34,5,20,34,15,69,12,15,52,11,41,23,46,6,11,22,17,107,22,12,6,2,12,18,4,6,6,25,15,4,4,3,48,37,29,15,12,17,6,9,5,5,,13,15,55,14,8,16,31,2,20,4,6,5,11,7,6,16,2,,8,15,8,6,9,3,2,
20150811,10,SO2_24h,5,7,10,51,24,30,16,19,7,9,31,17,16,18,10,15,13,7,4,9,7,13,14,8,32,27,12,11,11,15,9,6,5,10,8,6,8,7,6,3,4,25,11,10,8,8,8,20,33,17,5,9,11,10,8,5,17,6,10,8,8,19,14,7,13,15,13,16,8,7,17,22,6,6,11,44,34,14,13,10,18,26,12,9,17,32,19,38,31,16,11,42,20,9,16,37,14,10,9,13,5,9,7,6,19,,12,16,16,32,17,35,9,26,14,19,8,10,19,15,12,7,9,17,24,35,22,17,15,21,44,16,9,9,17,12,9,27,10,33,3,13,33,13,19,19,33,12,7,21,15,5,8,4,9,13,11,11,8,7,29,67,7,11,20,6,27,10,36,20,12,27,10,9,17,10,6,8,16,13,6,9,13,7,8,9,36,,4,13,10,,46,40,6,15,45,17,63,12,3,12,17,4,7,4,30,10,10,12,20,10,18,18,5,6,3,6,3,12,5,10,15,12,13,15,6,7,26,18,16,8,14,31,17,70,40,6,12,4,13,12,7,6,6,29,16,10,18,9,16,15,26,24,27,11,26,13,30,13,24,4,25,10,10,16,2,2,16,8,5,10,28,10,8,62,27,23,19,20,8,17,35,10,11,18,67,11,16,21,17,31,12,25,14,22,10,7,25,4,13,26,10,65,9,11,39,7,22,13,54,5,7,10,28,25,11,12,8,16,13,14,5,6,7,26,15,4,5,7,14,16,16,11,8,15,5,10,6,6,,11,9,24,12,7,13,26,2,21,3,5,4,5,3,7,19,4,3,10,18,9,6,10,6,3,
20150811,10,NO2,42,26,35,92,47,68,31,22,28,42,25,28,54,43,37,45,20,34,39,26,20,23,20,16,25,16,21,16,14,8,4,10,14,22,16,27,29,17,15,6,14,26,12,35,27,14,24,19,66,24,40,15,13,39,34,14,35,15,10,37,16,24,27,17,63,64,42,38,17,39,79,52,22,37,18,21,45,24,23,19,21,26,14,17,38,39,17,41,11,24,13,26,34,9,20,9,18,12,20,16,12,10,14,16,40,,15,24,27,20,22,42,18,39,21,50,34,67,20,30,12,40,10,37,22,16,40,50,21,50,27,18,32,11,8,3,28,22,20,13,11,40,34,28,37,56,46,30,19,34,17,23,53,24,21,17,27,11,31,19,22,56,9,24,17,14,14,19,14,18,12,13,7,14,22,18,20,21,16,14,12,7,12,19,13,17,32,,16,13,7,,71,35,15,6,23,36,11,10,32,18,32,7,10,11,23,18,22,14,17,23,56,20,10,10,6,12,4,11,9,6,17,12,12,10,15,16,21,16,15,10,21,31,13,14,28,3,16,17,19,13,20,19,8,12,9,12,10,9,21,11,14,54,43,23,33,14,19,19,22,11,34,20,23,13,2,4,20,10,18,21,8,11,17,21,15,8,25,23,9,19,29,25,16,22,27,15,10,30,33,50,35,43,23,44,20,38,21,9,29,32,28,29,21,35,35,39,28,21,11,19,14,15,12,25,29,14,13,10,8,16,15,8,15,8,3,11,9,27,13,24,32,33,24,20,46,27,12,13,,43,23,42,18,7,11,71,14,8,14,14,10,71,17,40,25,31,19,26,17,43,13,22,63,28,
20150811,10,NO2_24h,35,25,28,58,47,35,45,21,32,45,43,47,43,31,34,42,28,41,32,17,26,25,17,11,27,20,22,22,17,13,4,8,12,30,14,20,14,21,16,6,11,26,19,24,19,22,25,23,47,20,36,14,13,42,33,17,34,18,15,30,21,23,35,17,46,57,36,38,21,35,52,41,23,34,17,20,43,29,26,23,29,39,17,19,37,44,27,47,18,32,19,31,31,8,20,18,12,13,24,16,18,8,15,18,35,,17,17,16,31,20,30,18,29,20,30,21,28,31,30,16,27,15,34,23,13,29,31,24,31,30,19,29,17,10,7,19,16,11,21,12,41,26,25,33,34,36,36,30,26,20,21,37,26,28,17,22,13,12,14,24,31,13,19,25,20,21,25,18,16,18,24,10,15,21,18,24,19,16,21,17,17,14,12,19,24,58,,18,19,11,,46,42,15,8,30,21,18,17,34,19,30,17,8,8,36,23,25,15,23,23,25,15,24,15,15,20,4,14,9,10,16,17,18,6,11,17,20,19,14,10,19,35,15,8,37,9,19,18,26,14,14,21,14,11,10,10,10,6,19,8,15,34,41,20,51,16,13,19,26,12,15,23,11,14,3,3,18,11,12,13,13,13,15,23,16,10,14,24,14,19,19,24,14,10,21,18,23,24,21,28,23,26,24,39,22,26,13,12,29,20,26,29,16,30,29,29,21,13,22,14,9,8,22,17,19,12,14,10,8,14,19,6,10,10,4,7,14,23,7,18,24,22,24,15,45,22,11,22,,22,18,29,17,8,11,41,14,8,12,12,11,33,9,29,8,16,8,12,17,20,10,13,21,16,
20150811,10,O3,103,87,51,62,43,53,71,80,62,113,149,67,85,23,82,83,126,71,27,29,59,65,75,56,47,72,63,82,88,85,58,98,62,36,51,40,29,57,33,49,39,38,64,34,39,33,40,42,55,75,86,53,31,21,36,53,24,44,39,35,44,42,70,66,29,52,31,21,83,31,63,39,40,54,28,22,62,106,137,73,123,79,36,47,119,106,85,102,55,78,86,80,86,55,75,132,56,54,49,55,38,58,57,55,34,,45,20,19,82,84,74,59,39,46,101,121,46,87,80,49,20,63,35,49,20,48,64,73,55,88,101,51,79,59,97,82,46,39,84,47,42,23,21,15,39,62,50,43,16,43,39,9,27,51,72,98,64,54,90,93,54,67,94,55,87,144,115,114,108,115,113,73,267,51,67,66,28,31,52,78,69,52,63,67,38,40,,86,83,69,,63,98,16,110,53,34,86,84,37,109,80,66,38,99,69,122,55,49,65,13,26,34,84,57,86,50,40,36,28,36,95,56,35,19,51,33,63,35,36,24,24,32,33,26,70,12,51,24,32,27,28,25,21,12,18,38,65,33,19,26,57,72,65,111,75,92,99,59,64,37,29,95,58,40,42,68,33,74,33,30,69,64,63,43,78,55,38,73,82,65,63,62,31,44,31,86,78,28,29,45,33,37,77,33,46,19,66,13,15,29,15,53,63,9,63,12,28,15,68,41,12,38,47,37,13,17,15,19,17,28,51,71,78,61,28,28,41,87,32,16,33,51,73,67,44,74,46,77,,53,56,41,128,64,137,61,14,84,63,82,70,22,32,47,41,144,10,17,61,15,,54,21,41,
20150811,10,O3_24h,196,208,159,275,110,130,239,141,136,232,213,124,145,78,154,125,164,102,77,65,71,67,75,64,62,85,63,101,88,86,58,122,67,63,73,63,70,58,72,74,60,59,90,54,86,56,67,61,210,75,97,55,56,183,90,83,138,95,90,178,118,116,125,88,147,154,116,91,132,137,196,135,90,147,53,41,174,177,151,136,128,127,64,72,180,194,136,129,97,119,138,147,132,57,126,167,92,99,92,97,106,118,115,108,100,,116,82,88,120,115,183,97,98,64,126,135,153,135,115,59,91,78,58,63,61,95,139,99,130,117,109,66,102,67,109,102,98,173,115,61,143,107,69,115,104,193,139,118,83,87,73,85,104,135,117,157,101,128,105,136,218,84,94,86,111,192,122,126,108,126,242,111,267,55,67,66,45,31,62,83,78,54,63,97,62,47,,122,83,100,,84,158,66,114,93,141,113,92,80,131,120,86,48,125,96,122,81,56,100,13,97,77,87,65,106,93,66,81,53,82,120,58,53,47,57,34,64,79,42,48,30,32,33,49,76,30,88,58,47,55,75,68,35,51,45,56,80,60,60,64,60,132,112,181,106,99,187,115,84,57,84,121,58,56,42,72,48,74,77,66,85,76,105,91,103,64,88,100,150,130,116,138,95,96,95,141,125,123,153,118,138,138,131,155,66,108,138,103,28,107,29,103,90,78,112,69,102,75,115,83,44,64,73,120,100,56,55,75,56,50,138,138,123,98,65,100,94,157,93,96,83,87,127,126,85,125,71,121,,109,149,153,185,109,157,132,71,116,113,131,103,118,66,108,85,206,89,88,74,90,65,118,135,116,
20150811,10,O3_8h,54,48,17,20,20,37,33,67,22,50,59,21,44,10,41,31,92,22,10,41,49,39,47,57,20,72,34,51,66,72,53,106,47,36,45,16,37,39,33,42,38,23,46,15,42,21,36,43,16,32,37,31,32,18,39,55,16,26,22,17,34,21,42,38,14,17,13,8,75,17,20,27,33,66,28,22,37,96,50,33,53,38,32,22,81,46,30,27,26,34,34,26,26,32,36,71,34,37,39,38,16,58,38,45,35,,29,10,20,33,47,37,36,17,21,43,36,12,40,33,32,14,33,32,35,20,28,28,36,46,37,76,26,44,37,76,49,38,75,42,21,23,17,16,9,30,25,41,18,3,41,23,4,10,32,54,101,51,82,97,26,19,29,37,17,32,79,67,44,54,64,29,23,63,36,42,36,28,24,41,56,40,36,44,63,41,17,,44,33,33,,25,45,19,96,17,40,66,53,13,102,50,28,23,89,21,44,21,19,24,13,6,13,41,38,29,31,27,17,8,22,84,26,23,6,33,18,23,35,24,25,22,15,13,26,54,10,50,26,10,15,29,6,23,12,13,39,39,28,14,33,40,40,21,65,22,47,68,26,28,14,15,34,35,23,25,44,26,40,13,36,31,51,61,28,45,49,9,35,65,41,37,35,14,28,14,26,18,23,24,26,11,12,45,29,46,7,30,6,13,30,14,16,28,2,67,5,15,15,37,40,4,27,25,26,8,4,12,11,11,23,58,84,84,64,34,29,38,78,23,5,22,45,23,50,29,65,50,52,,30,30,38,90,51,89,46,6,84,56,76,65,52,37,63,42,155,24,35,68,50,5,71,72,68,
20150811,10,O3_8h_24h,167,177,125,207,93,117,191,127,119,208,189,106,136,71,138,112,137,85,65,60,54,54,55,62,48,72,49,65,66,72,53,106,59,50,68,56,63,50,64,63,54,49,75,49,63,46,61,50,156,44,89,46,52,113,73,75,103,75,74,138,85,91,112,76,118,116,88,80,124,113,161,120,74,115,48,36,149,148,132,102,113,115,53,53,166,163,112,105,61,103,112,107,100,51,105,145,78,82,78,73,87,100,95,98,81,,97,52,77,104,109,158,89,83,57,110,116,123,126,101,55,81,70,41,47,47,82,125,90,98,104,99,58,89,52,103,95,91,146,107,55,118,95,55,93,88,131,112,101,60,75,68,76,91,86,110,126,91,120,101,115,128,66,66,69,94,125,103,108,92,95,133,84,70,50,51,44,36,26,48,75,46,43,51,88,52,40,,110,47,90,,59,152,51,104,89,128,106,87,66,120,114,72,44,122,90,104,74,54,98,13,90,68,78,56,94,79,51,61,43,70,94,46,50,40,46,27,56,48,38,38,26,21,18,41,64,15,57,46,37,46,69,58,30,37,34,49,68,53,48,56,55,119,99,150,92,89,122,104,72,37,72,106,50,50,33,65,42,61,66,56,62,72,88,69,97,58,74,80,121,114,107,113,83,78,85,126,108,91,117,106,94,119,117,130,59,83,125,89,18,86,25,87,85,62,96,62,91,58,104,78,37,53,60,94,88,44,43,55,51,44,124,130,110,92,46,92,77,136,80,82,71,79,121,123,79,108,79,109,,98,134,133,174,105,148,128,68,113,105,121,97,110,61,98,80,198,86,85,69,75,58,109,122,108,
20150811,10,CO,1.79,1.91,0.94,4.83,0.49,0.96,1.98,0.57,0.38,2.42,0.75,1.21,0.58,1.07,0.65,0.73,0.87,0.58,0.94,0.75,0.47,0.58,0.46,0.38,1.38,0.19,0.74,0.56,0.43,0.53,0.36,0.32,0.38,0.68,0.67,0.97,0.86,0.35,0.71,0.59,0.49,1.03,0.66,0.96,0.50,0.54,0.42,0.71,1.65,0.41,1.67,0.46,0.51,1.02,0.83,0.58,0.95,0.95,0.95,0.81,0.67,0.77,0.88,0.63,1.38,1.24,0.90,1.39,0.55,1.06,1.64,3.59,1.26,0.71,0.71,0.61,1.38,0.76,1.32,1.29,0.67,0.78,0.62,0.71,2.01,1.83,1.47,1.25,0.28,0.52,0.35,0.71,1.34,0.50,0.56,1.00,1.13,0.85,0.85,1.05,0.75,0.78,0.80,1.12,1.07,,1.13,1.04,1.72,1.56,0.78,1.53,1.94,0.93,1.19,2.49,1.39,1.84,0.76,0.68,0.40,0.62,0.35,0.30,1.40,0.52,2.45,2.92,0.71,1.86,1.14,1.46,0.86,0.86,0.58,0.00,1.25,1.00,1.24,0.71,0.53,0.97,0.84,1.43,1.17,1.35,1.25,0.86,0.53,1.57,1.28,0.82,1.90,1.02,0.76,2.92,0.44,0.42,1.58,1.66,1.10,6.34,0.24,0.72,0.23,0.41,0.32,1.12,0.59,0.72,0.34,0.91,0.67,0.40,0.50,0.52,0.46,0.89,0.35,0.96,0.65,0.32,0.40,0.68,0.34,0.76,1.40,,0.43,0.99,0.83,,4.34,1.56,1.09,2.29,1.06,1.80,0.57,0.45,0.34,0.37,0.53,0.46,0.51,0.86,0.49,0.97,0.89,2.16,0.69,1.46,2.06,0.81,1.61,0.43,0.52,0.33,0.72,0.36,0.41,0.79,,0.39,0.24,0.65,0.47,0.39,0.63,0.49,0.20,0.06,0.32,0.67,0.78,1.05,0.29,0.37,0.23,0.70,1.25,0.94,0.92,0.59,0.51,0.71,1.41,0.63,1.15,0.75,1.01,0.92,0.28,3.22,1.35,1.57,1.31,0.52,1.00,0.35,0.40,1.24,1.21,0.71,0.81,0.58,1.41,0.49,1.12,0.84,0.87,0.82,0.50,0.24,0.78,0.51,1.11,1.13,0.95,0.78,0.66,1.07,1.63,1.38,1.03,1.29,2.68,0.84,0.89,0.45,0.71,0.90,1.22,0.88,0.64,0.91,0.67,1.18,1.01,0.17,0.84,0.81,0.42,0.43,0.56,1.70,0.77,0.56,0.89,0.98,0.83,1.06,0.88,0.32,0.89,0.91,1.06,0.71,0.55,0.37,0.81,0.38,0.91,0.47,0.35,1.00,0.43,0.40,1.02,0.77,0.86,1.25,1.16,0.78,3.09,0.45,1.02,0.60,0.86,0.32,,0.88,1.06,1.61,0.67,0.38,0.49,0.97,0.43,1.30,0.89,1.05,0.62,1.56,0.82,0.90,0.05,0.73,1.31,0.82,0.57,1.66,1.80,0.68,0.93,0.48,
20150811,10,CO_24h,1.04,1.21,0.63,3.35,0.58,0.76,1.07,0.41,0.55,1.43,0.85,1.26,0.54,0.66,0.60,0.63,0.95,0.61,0.81,0.57,0.51,0.59,0.47,0.38,1.06,0.30,0.68,0.60,0.60,0.66,0.32,0.29,0.35,0.70,0.62,0.85,0.58,0.44,0.68,0.61,0.43,0.85,0.68,0.77,0.44,0.61,0.42,0.89,1.34,0.46,1.03,0.43,0.49,1.00,0.85,0.76,0.82,0.97,0.96,0.72,0.71,0.69,0.75,0.68,1.15,1.10,0.82,1.16,0.49,0.93,1.09,1.37,1.24,0.76,0.71,0.55,1.39,0.86,0.92,1.40,0.65,0.76,0.64,0.81,1.97,1.74,1.32,1.43,0.42,0.64,0.37,0.71,1.38,0.53,0.54,0.59,0.81,0.82,0.90,1.06,0.81,0.81,0.84,1.04,0.97,,1.12,0.90,1.15,1.54,0.64,1.23,1.82,0.79,1.17,1.47,0.91,1.15,0.75,0.71,0.41,0.46,0.39,0.37,1.44,0.47,1.88,1.79,0.65,1.50,0.92,1.37,0.81,0.78,0.58,0.13,1.04,0.92,1.06,0.72,0.53,1.01,0.66,1.38,0.74,0.82,0.99,0.73,0.62,1.08,1.19,0.63,1.64,1.06,0.55,3.20,0.39,0.42,1.27,1.68,0.68,1.85,0.25,0.61,0.37,0.41,0.31,0.66,0.42,0.51,0.30,0.86,0.63,0.42,0.43,0.58,0.41,0.81,0.52,1.02,0.68,0.47,0.46,0.40,0.48,0.81,1.37,,0.39,0.87,0.89,,2.22,1.37,0.57,2.22,0.86,1.34,0.71,0.61,0.34,0.35,0.47,0.51,0.64,0.77,0.54,0.85,0.47,1.55,0.62,1.46,0.82,0.65,1.62,0.27,0.56,0.41,0.98,0.48,0.44,0.84,0.07,0.40,0.29,1.40,0.35,0.28,0.75,0.56,0.14,0.09,0.17,0.51,0.45,0.56,0.30,0.39,0.22,0.70,1.76,0.98,0.78,1.07,0.61,0.71,1.26,0.54,1.19,0.62,0.93,0.86,0.31,1.28,1.05,1.11,0.97,0.54,0.78,0.50,0.40,1.32,1.15,0.75,0.82,0.62,1.38,0.51,1.20,0.90,0.73,0.76,0.55,0.33,0.71,0.39,1.01,1.09,0.71,0.75,0.66,1.16,0.96,1.41,0.95,1.32,1.37,0.79,0.87,0.31,0.70,0.54,0.93,0.54,0.60,0.99,0.71,0.93,0.65,0.22,0.68,0.74,0.64,0.55,0.56,1.13,0.47,0.37,0.72,0.69,1.03,0.89,0.28,0.07,1.00,0.58,0.65,0.63,0.51,0.29,0.77,0.42,0.75,0.39,0.34,0.88,0.42,0.38,1.04,0.99,0.61,1.05,0.96,0.58,2.94,0.43,0.51,0.51,0.88,0.40,,0.74,0.78,0.82,0.65,0.35,0.37,0.60,0.35,1.75,0.82,1.01,0.63,0.75,0.82,0.98,0.10,0.54,1.27,0.45,0.30,1.10,1.61,0.63,0.57,0.40,
20150811,11,AQI,146,179,143,99,52,170,240,52,54,181,89,164,149,73,63,52,43,32,32,23,18,28,28,26,45,26,35,26,27,30,22,36,30,16,33,53,31,24,24,34,31,44,23,58,44,31,24,19,99,62,136,35,35,47,26,34,61,34,29,29,28,57,95,58,95,81,74,66,26,83,80,87,119,31,34,46,98,51,77,35,39,36,31,33,130,124,82,88,44,76,66,59,59,37,63,111,33,35,51,22,31,22,19,52,89,,33,53,68,88,61,125,59,78,59,60,57,59,32,31,36,43,35,31,39,29,133,113,116,71,84,93,56,47,37,51,53,59,56,47,30,56,60,60,115,100,88,99,52,71,56,64,76,84,68,50,53,54,56,53,79,79,48,61,38,65,60,95,74,76,74,99,49,56,26,28,46,31,26,39,32,25,22,28,27,21,49,,44,39,40,,125,80,45,96,85,78,78,46,62,79,62,51,47,89,27,53,28,34,54,38,100,70,27,43,28,21,51,30,55,17,29,29,23,17,34,33,39,52,33,15,19,37,50,44,35,26,25,31,36,23,28,28,23,47,37,30,48,29,60,38,37,133,149,101,106,65,88,55,40,42,66,54,35,62,32,27,48,40,47,52,34,47,26,65,61,45,51,66,52,64,184,63,63,44,86,66,55,55,73,73,75,82,85,78,31,51,66,11,65,29,78,67,27,88,59,69,90,51,74,23,22,35,30,75,80,30,22,58,21,39,48,52,29,46,11,24,30,54,54,58,46,51,60,48,64,90,44,58,,43,65,56,74,36,55,118,34,49,37,42,36,118,91,42,28,52,47,100,219,69,47,41,54,51,
20150811,11,PM2.5,112,135,109,67,6,129,190,13,11,137,66,125,114,41,18,27,18,17,18,14,7,13,13,11,14,9,15,10,11,6,8,25,21,10,21,36,22,17,17,24,14,31,13,39,22,22,15,3,70,30,104,14,20,29,15,14,44,20,20,14,13,38,71,41,71,53,49,48,13,61,43,62,90,17,20,22,71,36,32,22,14,20,12,23,99,94,60,65,13,56,46,42,34,21,45,84,17,14,15,12,19,14,13,28,66,,22,28,49,65,29,95,42,50,15,38,26,38,11,12,10,25,12,13,25,20,101,85,88,37,62,69,24,30,15,31,25,39,29,31,12,39,43,43,87,75,65,74,25,52,36,46,56,62,49,12,22,38,18,26,58,54,23,44,22,47,43,71,54,54,54,74,23,8,13,17,10,17,2,13,13,11,15,13,11,9,32,,22,13,28,,95,59,29,72,63,57,57,11,30,58,30,26,2,55,16,25,13,10,38,21,75,51,12,27,7,14,27,12,36,8,9,13,10,6,24,5,13,25,23,7,12,25,35,26,18,5,10,17,22,16,14,11,15,22,18,11,32,19,43,17,26,101,114,76,76,45,62,26,18,27,35,31,13,27,19,14,23,24,23,24,23,19,17,47,31,21,24,44,30,33,139,45,44,29,63,47,39,25,53,53,55,53,63,57,13,36,29,4,14,20,56,30,12,65,17,50,67,21,54,16,12,11,17,40,59,8,5,17,11,15,11,11,20,32,1,12,21,38,29,36,24,31,30,23,46,67,30,9,,24,36,40,32,23,37,78,14,34,20,22,20,49,31,16,18,26,33,60,51,50,16,2,21,36,
20150811,11,PM2.5_24h,68,116,111,83,11,114,126,24,14,94,82,117,102,30,17,24,51,20,20,19,5,20,18,12,16,10,19,16,15,11,11,7,14,20,19,24,22,19,23,20,13,33,19,31,9,25,16,9,62,17,67,13,18,40,17,17,39,21,19,27,29,31,48,19,59,40,46,47,22,54,33,35,63,26,17,17,51,39,22,35,19,27,14,20,116,95,39,37,18,31,29,31,27,16,31,48,15,18,23,28,25,14,29,22,31,,29,28,29,45,22,67,30,37,13,26,21,37,24,17,10,18,18,11,20,11,60,86,52,31,45,56,21,26,17,42,19,31,24,35,9,37,36,22,50,47,43,61,37,41,41,36,57,64,30,17,17,38,23,22,36,24,15,22,11,26,24,37,29,25,39,33,15,17,21,18,15,20,2,18,16,13,11,14,15,19,29,,38,19,30,,57,46,21,54,35,44,59,21,38,50,30,26,8,38,18,24,17,16,24,22,27,23,13,38,14,20,35,15,42,6,14,17,11,8,15,6,15,17,15,7,10,19,29,14,21,7,13,18,19,16,17,25,22,23,15,9,29,15,29,20,25,66,87,79,46,43,47,34,19,22,27,26,9,21,20,9,15,26,21,19,22,20,18,44,24,21,17,33,37,38,65,47,33,27,31,37,35,14,37,36,35,45,43,57,15,28,23,25,21,19,51,37,15,35,20,29,49,18,59,14,8,11,33,46,43,9,6,16,12,14,21,8,14,41,13,12,26,52,18,23,20,33,17,21,48,39,24,24,,18,19,40,25,35,39,41,14,29,26,20,29,32,22,23,19,26,32,61,90,28,20,12,33,14,
20150811,11,PM10,139,145,209,147,54,222,280,54,57,240,93,157,149,95,75,53,35,32,32,23,17,28,27,26,45,26,35,24,16,30,17,33,29,14,33,55,28,,20,33,31,44,23,65,44,29,24,19,147,74,152,35,35,47,26,34,66,34,27,29,28,63,98,59,128,112,98,79,21,112,110,124,110,31,34,46,146,49,104,35,39,36,31,33,120,127,113,102,44,88,81,68,67,37,73,135,33,35,51,22,31,17,,53,86,,33,55,82,105,71,132,46,105,67,70,64,68,28,31,36,43,35,31,39,26,159,131,101,92,105,105,62,47,37,52,55,67,62,47,30,61,65,47,114,109,120,102,53,68,61,64,70,99,81,50,56,56,61,55,95,107,48,64,38,55,51,115,75,102,70,64,49,18,26,25,46,31,26,39,23,16,22,28,27,21,49,,44,39,36,,168,97,45,102,98,80,76,46,74,91,73,52,47,127,25,55,28,34,57,38,146,75,20,43,15,20,52,30,59,17,29,29,23,17,33,33,39,54,33,15,19,37,36,44,35,26,25,31,36,22,28,28,23,47,37,30,48,29,39,38,29,204,146,117,162,80,125,59,40,42,81,58,29,73,32,27,48,32,47,54,34,47,26,68,71,45,52,81,54,77,177,65,75,44,121,82,57,59,88,82,76,113,82,87,31,49,82,11,80,27,105,83,27,100,67,80,125,51,64,,22,35,30,100,80,30,22,65,21,39,48,54,22,36,6,24,19,45,58,66,46,52,69,48,73,85,44,66,,43,80,58,98,36,60,185,34,40,37,42,36,185,132,42,28,54,,149,363,70,47,41,57,45,
20150811,11,PM10_24h,107,179,198,152,57,198,214,57,48,176,117,165,141,70,70,55,79,48,40,33,9,30,25,20,39,22,33,24,17,22,18,17,23,31,28,42,29,31,37,32,30,43,25,45,22,34,26,22,121,50,108,21,26,54,30,38,55,30,30,37,41,46,97,36,97,83,87,80,65,99,85,73,76,60,29,34,105,57,77,56,43,47,28,35,165,181,79,83,49,68,67,57,65,29,64,82,26,33,40,42,38,25,41,36,54,,40,53,47,80,54,95,48,76,44,47,47,61,42,41,33,31,33,25,34,22,89,137,80,75,81,86,55,47,33,60,43,49,48,64,20,54,56,34,70,80,79,86,79,49,70,64,75,101,56,37,41,63,46,54,73,58,30,36,27,46,38,63,45,49,58,43,34,27,32,29,41,33,19,31,25,22,18,27,45,38,49,,49,38,54,,118,100,39,74,57,65,91,66,101,82,57,58,46,89,48,56,36,47,52,40,65,43,25,53,25,36,56,25,76,16,27,34,20,29,24,33,36,39,26,13,19,37,39,23,44,19,25,28,34,26,29,41,28,41,35,20,46,22,35,33,30,125,147,102,114,74,87,63,55,41,51,54,20,53,30,22,33,39,37,37,41,36,35,64,67,36,36,52,58,70,93,65,53,46,61,67,70,41,61,53,50,72,66,83,30,39,60,30,46,30,83,77,32,50,58,40,96,34,79,13,20,26,42,73,57,26,17,55,25,25,36,37,31,93,21,28,36,73,33,39,49,51,47,36,69,49,36,60,,34,48,45,57,52,59,130,28,48,43,37,50,95,86,63,42,38,196,144,478,56,31,33,37,39,
20150811,11,SO2,12,12,30,69,23,39,15,21,7,14,29,12,24,26,12,20,15,6,5,12,6,10,17,8,44,14,15,10,10,14,9,9,8,7,18,7,8,8,7,2,4,32,54,18,6,7,6,5,65,26,6,9,10,8,10,6,25,7,11,9,8,32,12,33,19,16,27,37,7,13,26,34,8,3,13,24,64,10,31,10,28,43,33,8,33,32,14,56,19,15,15,63,18,9,19,22,16,11,9,14,7,8,4,6,31,,11,24,22,38,19,27,10,30,17,31,17,14,13,19,12,9,9,16,32,13,56,23,23,38,56,18,12,16,18,15,11,28,42,23,3,11,25,12,15,33,49,9,6,37,22,4,8,4,15,11,11,9,7,3,33,89,6,8,9,10,13,7,37,20,13,17,2,94,18,12,7,10,16,14,7,10,15,15,7,9,57,,6,15,13,,58,33,6,15,60,20,16,22,11,7,16,4,4,5,17,23,22,11,137,9,38,35,5,24,3,6,3,11,5,11,14,14,13,8,5,7,28,37,15,8,21,26,22,8,33,6,14,5,7,11,8,5,4,20,12,13,15,19,13,10,15,28,47,15,69,16,34,13,21,5,39,12,15,14,4,3,13,7,11,19,18,9,9,30,30,20,19,29,5,25,40,10,13,13,177,16,11,26,22,42,31,43,14,12,8,2,32,6,20,32,13,40,14,10,64,11,16,19,50,5,12,18,13,128,19,13,5,8,12,17,3,6,7,25,15,5,4,3,49,141,23,14,12,14,6,10,5,3,,11,14,45,14,8,17,27,2,20,5,8,5,11,21,7,17,4,3,10,14,8,7,9,3,2,
20150811,11,SO2_24h,5,7,11,53,24,29,15,19,7,10,31,17,15,18,10,15,13,7,4,9,7,13,14,8,33,27,12,11,10,15,9,6,5,10,8,6,8,7,6,3,4,26,13,10,7,8,8,20,35,18,5,9,11,10,8,4,16,6,10,8,8,18,14,8,13,15,14,18,8,8,18,20,7,5,11,44,36,12,14,10,19,25,12,9,14,31,18,34,31,16,11,40,19,9,15,34,14,9,9,13,5,8,7,6,20,,12,14,17,32,17,36,9,26,14,19,9,10,19,15,12,7,9,17,25,34,23,18,15,22,45,17,10,10,17,12,9,27,11,33,3,13,33,13,18,20,35,12,7,22,15,4,8,4,8,11,11,11,8,6,30,65,7,10,19,6,27,10,36,21,12,26,8,13,17,10,6,9,16,13,7,9,13,8,8,9,38,,4,13,10,,47,39,6,15,45,17,62,13,3,12,17,4,7,4,29,10,10,12,31,10,20,19,6,7,3,6,3,12,5,10,15,12,12,15,6,7,26,19,14,8,14,31,18,67,40,6,12,4,12,12,7,6,6,28,15,11,18,9,16,15,27,24,24,12,28,13,30,12,25,4,25,10,10,16,2,2,16,8,5,10,28,10,9,61,25,23,19,20,8,17,36,10,11,18,73,12,16,21,17,31,11,25,14,19,10,7,26,4,13,25,10,66,9,11,40,7,22,13,55,5,12,10,28,26,12,12,8,15,13,14,5,6,7,25,15,4,5,6,15,21,17,11,8,15,5,10,6,5,,11,9,24,12,7,13,26,2,21,3,6,4,5,4,7,18,4,3,10,17,9,6,10,6,3,
20150811,11,NO2,41,22,23,57,42,68,29,28,25,32,16,21,37,39,28,36,21,26,32,28,17,23,15,14,23,15,19,16,12,8,4,10,11,17,15,26,29,15,10,6,12,22,10,24,24,12,22,21,38,16,31,14,17,44,33,15,40,15,8,29,14,21,31,10,54,47,38,30,19,37,81,49,19,37,20,20,46,23,17,12,15,19,13,14,24,17,14,33,8,19,10,19,18,5,16,8,12,12,20,9,8,8,15,15,28,,17,22,29,15,21,23,18,18,15,23,21,48,11,22,12,34,10,32,19,12,31,30,19,32,26,16,26,9,9,2,17,23,17,11,14,33,35,31,30,46,40,27,17,31,15,16,49,20,18,13,23,8,32,14,15,45,9,10,15,13,13,15,15,18,7,11,6,11,21,14,15,22,16,16,11,8,9,16,12,20,31,,13,14,7,,59,31,14,5,23,29,13,10,55,15,10,6,2,10,14,14,14,8,9,34,51,20,9,4,5,13,3,11,8,6,15,10,12,9,13,14,16,14,10,8,20,22,19,13,24,8,12,17,18,11,16,11,6,9,10,7,10,9,18,11,13,35,29,23,44,8,17,15,18,10,29,16,10,12,3,3,17,7,17,16,6,11,14,20,22,7,14,20,9,18,30,21,15,10,29,11,9,31,25,39,20,34,21,37,23,43,16,14,30,27,24,17,11,35,37,46,9,17,12,15,10,13,8,24,42,7,10,7,6,15,49,8,10,8,3,7,8,35,14,25,23,27,16,17,34,20,9,9,,40,18,43,17,7,8,48,12,8,5,13,8,53,13,36,19,64,14,32,25,33,12,20,71,27,
20150811,11,NO2_24h,35,23,28,59,48,36,44,21,32,45,43,46,42,32,34,42,28,41,33,17,26,25,17,11,28,20,22,21,17,12,4,8,12,29,14,21,14,21,16,6,11,26,18,23,19,22,24,23,44,19,37,14,13,43,33,17,34,18,15,31,21,22,35,17,47,56,38,38,21,35,53,41,22,34,17,20,45,29,27,23,30,39,17,19,37,43,27,46,18,31,19,31,31,8,20,15,12,13,24,16,18,7,15,19,35,,17,16,17,31,20,30,18,28,20,30,22,29,31,30,16,28,15,34,23,14,29,32,24,32,30,20,29,17,10,7,19,16,12,21,12,40,27,25,33,34,36,36,30,27,19,22,37,25,28,17,22,13,13,14,24,32,13,19,25,20,21,25,18,16,18,23,10,15,21,18,23,20,16,21,18,17,13,12,18,24,58,,19,19,11,,47,42,15,8,30,21,17,17,35,19,31,17,2,8,36,23,26,15,23,28,26,15,24,15,15,20,4,14,9,10,16,17,18,6,11,17,20,18,12,9,19,35,15,8,36,8,19,18,26,14,14,21,14,11,10,10,10,6,19,8,14,34,42,20,52,16,13,20,26,12,16,23,11,14,3,3,18,11,13,13,13,13,14,23,17,10,14,24,14,19,20,24,14,10,21,18,23,24,21,28,22,26,24,38,23,26,14,12,29,21,26,29,16,30,29,29,21,13,22,14,11,8,22,17,21,12,13,10,8,14,19,6,10,10,4,7,14,24,8,18,24,22,24,15,45,22,11,22,,22,19,30,17,8,11,41,14,8,12,12,11,34,10,28,8,18,7,12,15,20,10,13,23,15,
20150811,11,O3,145,106,68,123,60,94,94,136,88,155,172,83,110,35,113,106,136,87,41,41,58,86,89,62,60,76,79,84,86,81,69,95,69,52,66,69,28,67,63,68,44,71,66,55,66,46,42,38,102,86,125,66,43,18,42,56,31,52,46,45,60,67,88,94,65,118,49,48,84,44,90,66,57,58,38,25,89,113,177,97,124,96,47,73,163,163,107,136,78,115,113,116,123,66,92,113,82,61,52,62,55,69,56,65,61,,78,29,32,99,106,117,78,79,59,133,147,75,102,95,54,40,69,35,48,33,65,115,105,91,115,113,74,96,68,111,115,53,59,110,60,69,30,21,37,61,95,71,59,28,49,49,25,42,62,139,127,76,60,96,136,93,93,99,68,110,156,124,122,134,135,135,105,83,72,88,84,47,36,57,101,79,68,77,77,39,64,,100,70,83,,69,111,30,122,58,46,92,96,35,114,100,81,36,109,87,139,62,54,94,21,63,56,87,50,91,67,45,35,44,39,87,58,46,41,54,46,90,45,28,23,25,46,54,28,64,15,80,59,42,36,36,43,28,18,23,50,76,40,30,32,54,111,97,118,107,113,130,84,79,65,50,116,112,50,49,85,43,128,64,51,75,76,72,72,78,62,81,91,95,96,95,92,49,69,50,117,94,42,54,79,84,96,108,54,47,47,102,29,17,45,14,77,87,20,70,17,69,34,74,53,37,58,65,55,36,29,23,33,30,32,69,83,88,63,36,47,61,81,64,47,44,61,103,89,43,85,58,89,,78,87,58,157,82,148,88,37,91,82,88,81,48,42,54,44,114,17,31,57,33,43,60,11,46,
20150811,11,O3_24h,198,210,159,275,110,130,239,155,136,232,213,124,145,78,154,125,164,102,77,65,71,86,89,64,68,85,80,108,89,86,69,122,69,66,73,72,70,67,72,75,60,71,90,62,87,61,67,61,212,86,125,66,56,183,90,83,146,95,90,178,118,116,125,95,147,163,114,91,132,137,195,135,90,147,53,41,174,177,177,136,128,127,64,75,180,194,136,137,100,135,138,155,132,66,126,276,92,99,91,97,106,124,115,108,100,,116,82,88,120,115,183,97,98,64,134,147,153,135,115,59,88,78,58,63,61,95,139,106,130,123,114,75,102,72,111,115,98,173,117,61,143,107,69,115,104,193,139,118,83,87,73,85,104,135,156,157,101,128,105,136,218,93,101,86,111,199,124,126,134,135,242,128,272,72,88,84,47,36,63,101,84,68,77,97,62,64,,122,92,100,,84,158,66,122,93,141,113,97,80,131,120,86,36,125,96,139,81,56,100,21,97,77,90,65,105,89,66,68,53,78,120,60,50,47,60,46,90,79,39,48,30,46,54,49,76,30,89,75,47,55,75,68,35,51,45,56,80,60,60,64,60,132,112,181,108,113,192,115,85,65,84,126,112,56,49,85,48,128,77,66,89,78,105,87,107,65,91,100,150,130,117,138,95,96,95,141,125,123,153,118,138,138,131,155,66,108,138,103,28,107,29,103,90,78,112,69,102,75,115,83,37,64,73,120,100,56,55,75,56,50,138,138,123,98,65,100,94,157,93,96,83,87,127,126,85,125,71,121,,109,149,153,185,109,157,132,71,116,113,131,103,118,66,108,85,206,89,88,74,90,65,118,135,116,
20150811,11,O3_8h,64,53,25,34,25,45,43,75,31,63,73,31,54,14,51,42,97,32,15,39,51,48,52,57,26,74,41,57,72,77,55,107,52,39,46,23,33,43,35,45,39,27,49,23,44,27,36,42,39,47,50,35,32,18,40,55,17,31,25,21,39,27,49,45,21,27,19,13,81,20,30,31,35,63,29,21,43,98,68,43,64,45,32,28,91,62,42,44,33,45,46,39,39,37,43,73,39,41,39,42,23,58,41,50,37,,34,9,19,42,54,47,42,25,26,58,53,21,50,44,35,17,39,32,37,21,33,39,46,51,44,83,32,51,42,80,57,37,71,49,25,31,20,15,13,35,34,46,24,6,42,27,7,14,38,65,103,52,77,97,41,29,37,43,25,44,90,79,55,65,75,46,35,69,38,47,42,29,26,43,63,47,41,48,65,41,23,,50,39,40,,33,54,20,99,23,38,67,60,18,106,55,35,20,91,31,60,28,25,40,17,13,19,50,42,39,37,29,20,13,25,82,31,26,11,36,21,34,37,27,25,23,19,18,26,58,11,54,30,15,19,28,11,22,12,14,39,44,29,16,32,45,48,30,71,34,55,77,32,36,21,20,46,45,27,28,50,29,52,20,35,36,54,63,32,43,51,18,43,71,48,43,44,19,32,19,39,29,26,27,35,19,22,56,31,46,12,39,8,11,31,14,24,36,4,67,6,22,17,43,40,7,31,32,29,11,8,13,13,14,24,58,80,82,63,33,29,42,80,28,11,24,43,36,53,32,66,51,57,,35,36,39,99,54,96,51,9,84,62,77,66,53,36,61,42,152,21,35,67,45,8,70,61,63,
20150811,11,O3_8h_24h,167,178,125,207,93,117,191,127,119,208,189,106,136,71,138,112,137,85,65,60,56,57,55,62,48,74,50,67,72,77,55,107,59,50,68,56,63,50,64,63,54,49,75,52,63,49,61,50,156,51,89,46,52,113,73,75,106,75,74,138,85,91,112,76,118,116,85,80,124,113,161,120,74,115,48,36,149,148,130,102,113,115,53,53,166,163,112,105,61,103,112,107,100,51,105,196,78,82,78,73,87,101,95,98,81,,97,52,77,104,109,158,89,83,57,110,116,123,126,101,55,81,70,41,47,47,82,125,90,98,104,99,58,89,52,103,95,91,146,107,55,118,95,55,93,88,131,112,101,60,75,68,76,91,86,110,126,91,120,101,115,128,66,66,69,94,125,103,108,92,95,133,84,74,50,51,44,36,27,48,75,49,43,51,88,52,39,,110,47,90,,59,152,51,106,89,128,106,87,66,120,114,72,25,120,90,104,74,54,92,17,90,68,78,56,94,79,51,61,43,70,94,46,50,40,46,27,56,48,36,38,26,22,18,41,64,15,57,46,37,46,69,58,29,37,34,49,68,53,48,56,55,119,99,150,92,89,122,104,72,37,72,106,50,50,33,65,42,61,66,56,62,72,88,69,95,58,74,80,121,114,107,113,83,78,85,126,108,91,117,106,94,119,117,130,59,83,125,89,18,86,24,87,85,62,96,62,91,58,104,78,31,53,60,94,88,44,43,55,51,44,124,130,110,92,46,92,77,136,80,82,71,79,121,123,77,108,74,109,,98,134,133,174,105,148,128,68,113,105,121,97,110,61,98,80,198,86,84,69,75,58,109,122,108,
20150811,11,CO,1.81,1.61,0.69,2.67,0.46,0.73,1.91,1.06,0.36,2.40,1.11,1.16,0.50,1.05,0.62,0.61,0.81,0.52,0.90,0.73,0.38,0.79,0.49,0.37,1.31,0.18,0.76,0.55,0.43,0.53,0.35,0.31,0.44,0.57,0.67,0.90,0.85,0.35,0.68,0.66,0.49,0.86,0.64,0.69,0.50,0.42,0.41,0.80,1.25,0.42,1.47,0.48,0.47,1.02,0.84,0.70,0.96,0.94,0.81,0.69,0.59,0.69,0.88,0.59,1.35,0.93,0.74,1.41,0.56,1.13,1.60,2.24,1.09,0.72,0.71,0.60,1.74,0.72,1.18,1.22,0.58,0.69,0.58,0.69,2.02,1.43,1.62,1.35,0.28,1.04,0.35,0.77,2.17,0.45,0.56,1.19,0.93,0.79,0.90,0.93,0.59,0.68,0.80,1.00,0.93,,1.18,0.90,2.03,1.37,0.73,1.23,1.85,0.70,1.07,1.64,1.15,1.48,0.61,0.68,0.41,0.61,0.37,0.32,1.39,0.45,2.18,1.70,0.82,1.54,1.12,1.43,0.81,0.72,0.65,0.61,1.14,0.98,1.24,0.69,0.55,0.99,0.78,1.46,0.94,1.13,1.14,0.77,0.54,1.32,1.30,0.76,1.38,0.99,0.72,2.20,0.47,0.37,1.53,1.92,0.80,5.48,0.27,0.60,0.23,0.50,0.37,1.15,0.64,0.71,0.36,1.00,0.84,5.55,0.52,0.47,0.36,0.95,0.35,1.02,0.63,0.33,0.43,0.56,0.34,0.74,1.29,,0.25,0.80,0.81,,3.59,1.52,0.76,2.23,1.04,1.62,0.58,0.44,0.27,0.33,0.48,0.44,0.42,0.85,0.39,0.95,0.35,1.55,0.81,1.07,1.37,0.78,1.64,0.50,0.46,0.33,0.84,0.39,0.35,0.79,,0.34,0.26,0.69,0.44,0.42,0.55,0.49,0.23,0.07,0.31,0.34,0.60,1.20,0.18,0.36,0.20,0.61,1.15,0.88,0.74,0.27,0.44,0.60,1.24,0.55,1.11,0.69,0.90,0.81,0.30,1.34,1.28,1.36,1.27,0.47,1.24,0.33,0.28,1.05,1.18,0.67,1.11,0.52,1.35,0.50,1.27,1.12,0.89,0.79,0.51,0.20,0.79,0.49,0.69,2.06,0.74,0.81,0.66,1.06,1.68,1.22,1.03,1.28,2.87,0.79,0.90,0.40,0.68,0.70,0.96,0.68,0.63,0.83,0.61,1.16,0.67,0.32,0.80,0.86,0.38,0.32,0.51,1.65,0.65,0.58,0.57,0.82,0.79,0.94,0.41,0.32,0.67,0.95,0.84,0.55,0.49,0.26,0.64,0.42,0.84,0.42,0.32,0.97,0.42,0.37,0.95,0.87,0.90,1.30,0.98,0.66,2.92,0.47,0.47,0.56,0.77,0.34,,0.82,1.04,1.18,0.54,0.31,0.52,0.66,0.40,1.52,0.79,1.03,0.58,1.13,0.70,0.80,0.22,0.98,1.37,0.89,0.65,1.41,1.81,0.71,1.17,0.62,
20150811,11,CO_24h,1.09,1.21,0.63,3.38,0.57,0.77,1.10,0.44,0.54,1.49,0.87,1.25,0.53,0.67,0.60,0.63,0.95,0.61,0.81,0.58,0.51,0.60,0.47,0.38,1.08,0.29,0.68,0.59,0.60,0.66,0.32,0.29,0.35,0.70,0.62,0.85,0.59,0.43,0.69,0.60,0.44,0.85,0.68,0.73,0.43,0.56,0.42,0.89,1.33,0.46,1.05,0.43,0.49,1.00,0.85,0.75,0.83,0.98,0.96,0.72,0.70,0.69,0.76,0.68,1.16,1.09,0.83,1.17,0.48,0.93,1.11,1.37,1.22,0.73,0.71,0.56,1.43,0.85,0.93,1.40,0.65,0.76,0.63,0.79,1.97,1.74,1.33,1.41,0.41,0.67,0.37,0.70,1.40,0.53,0.55,0.63,0.82,0.81,0.90,1.05,0.81,0.66,0.84,1.04,0.97,,1.12,0.90,1.19,1.45,0.64,1.24,1.82,0.78,1.17,1.48,0.93,1.15,0.74,0.71,0.41,0.47,0.39,0.36,1.46,0.52,1.90,1.82,0.67,1.52,0.94,1.38,0.82,0.78,0.58,0.12,1.05,0.93,1.05,0.73,0.53,1.00,0.67,1.38,0.75,0.84,1.00,0.74,0.62,1.09,1.19,0.64,1.63,1.04,0.56,3.15,0.38,0.42,1.28,1.70,0.70,1.99,0.25,0.61,0.37,0.42,0.32,0.67,0.43,0.52,0.31,0.86,0.64,0.63,0.43,0.57,0.39,0.82,0.51,1.03,0.68,0.45,0.47,0.41,0.46,0.82,1.38,,0.37,0.86,0.89,,2.23,1.37,0.58,2.22,0.86,1.35,0.71,0.61,0.35,0.34,0.47,0.51,0.78,0.77,0.54,0.86,0.47,1.55,0.65,1.26,0.86,0.65,1.64,0.27,0.55,0.41,0.98,0.47,0.44,0.84,0.06,0.40,0.28,1.37,0.35,0.28,0.75,0.56,0.13,0.09,0.17,0.52,0.46,0.57,0.29,0.40,0.22,0.69,1.71,0.98,0.78,1.02,0.60,0.70,1.26,0.54,1.19,0.62,0.93,0.85,0.31,1.27,1.05,1.13,0.99,0.54,0.80,0.50,0.40,1.31,1.15,0.73,0.83,0.62,1.37,0.51,1.20,0.91,0.73,0.77,0.55,0.32,0.71,0.40,0.82,1.14,0.71,0.75,0.66,1.17,1.00,1.41,0.95,1.32,1.45,0.79,0.87,0.31,0.71,0.55,0.91,0.53,0.60,0.97,0.71,0.90,0.65,0.22,0.69,0.74,0.62,0.55,0.55,1.14,0.48,0.38,0.72,0.69,1.03,0.89,0.51,0.05,0.98,0.56,0.66,0.62,0.51,0.29,0.74,0.42,0.75,0.39,0.34,0.88,0.42,0.37,1.04,0.96,0.62,1.06,0.96,0.58,2.94,0.43,0.51,0.51,0.88,0.39,,0.74,0.80,0.82,0.64,0.34,0.37,0.60,0.35,1.73,0.82,1.01,0.62,0.75,0.79,0.94,0.11,0.56,1.28,0.47,0.27,1.11,1.62,0.63,0.60,0.39,
20150811,12,AQI,136,151,123,94,39,161,209,74,53,177,105,139,144,65,69,44,47,30,47,28,21,31,33,23,42,27,38,30,30,27,24,32,35,22,35,53,19,27,29,36,33,53,31,51,39,34,33,21,96,59,126,31,28,41,26,29,69,44,39,19,38,51,90,55,93,64,70,55,29,88,80,75,86,31,30,48,90,53,84,33,35,54,29,52,131,113,99,99,60,79,73,63,47,30,66,119,33,30,40,32,23,34,19,30,78,51,52,54,65,74,54,124,58,61,54,55,47,52,37,32,34,34,53,31,34,23,143,106,110,68,85,88,56,45,37,37,47,54,53,44,26,52,63,56,113,91,88,94,49,71,57,60,71,99,68,36,54,44,55,59,94,69,64,42,41,70,63,103,66,75,70,95,54,60,32,32,50,41,29,44,36,25,26,28,31,19,46,,35,38,39,,108,68,39,94,93,64,69,41,72,69,48,51,56,83,28,47,22,28,44,27,96,71,28,40,29,21,65,36,44,18,25,34,21,15,41,44,33,63,37,14,27,41,43,42,25,18,46,40,31,22,22,20,19,53,37,21,46,30,59,38,41,110,106,96,96,63,85,35,43,42,63,55,35,60,38,29,47,33,46,44,37,41,36,61,62,46,48,65,62,75,201,66,62,47,85,63,57,54,73,71,78,74,89,80,39,41,61,15,52,36,69,65,52,73,61,48,90,48,71,21,20,40,29,69,61,29,15,58,34,34,45,52,29,70,34,20,29,50,53,57,47,40,53,42,55,61,36,54,,39,44,59,60,40,57,74,24,49,33,37,35,114,64,41,31,79,53,106,180,46,44,49,65,52,
20150811,12,PM2.5,104,116,93,60,6,123,159,16,16,134,79,106,110,38,21,20,17,13,16,18,7,13,15,11,16,14,12,11,12,8,8,15,23,10,22,37,13,18,18,25,14,24,16,36,21,24,14,9,72,36,96,19,18,26,15,15,50,20,20,13,13,33,67,36,69,39,47,39,15,65,45,49,64,12,19,23,67,37,27,18,11,23,13,27,100,85,74,74,15,58,53,45,33,16,45,90,17,13,17,22,16,13,13,21,56,21,18,31,43,54,26,94,41,42,14,33,18,29,12,12,7,21,18,14,24,10,109,80,83,38,63,65,24,31,18,5,25,33,32,30,11,36,45,37,85,68,65,70,28,52,38,43,52,74,48,14,24,26,29,40,70,50,31,26,21,51,42,77,48,54,51,71,23,13,15,15,12,16,2,15,14,10,12,13,9,10,31,,22,9,27,,81,47,26,70,69,46,50,9,36,50,30,22,14,38,14,20,11,9,21,16,72,52,9,26,6,15,25,14,31,7,16,13,15,6,24,8,10,24,20,5,19,29,30,27,11,5,12,18,17,15,12,10,12,31,14,9,32,20,42,19,29,83,80,72,72,39,63,23,13,26,34,33,15,31,15,16,27,23,25,29,24,18,21,44,31,16,24,44,32,38,151,48,43,28,55,45,40,29,53,52,57,54,66,59,14,29,31,3,21,25,50,31,16,53,20,28,67,23,52,14,7,11,12,50,44,6,3,13,11,15,10,11,10,51,24,9,20,35,26,29,19,28,23,15,39,44,24,7,,17,31,42,30,28,38,38,11,34,15,22,18,64,27,15,22,34,37,70,57,32,9,14,29,32,
20150811,12,PM2.5_24h,71,116,111,81,10,116,127,24,14,96,82,116,101,31,17,24,50,20,20,20,5,20,18,12,16,10,18,15,15,11,10,8,14,19,19,25,22,19,24,20,14,33,19,31,9,26,16,9,63,18,69,13,18,39,17,17,39,21,19,27,29,31,50,20,60,40,46,47,21,54,33,34,64,25,17,18,53,39,23,35,20,27,14,21,116,94,41,38,17,32,30,32,27,16,32,50,15,18,23,27,25,15,29,22,32,29,28,27,30,47,22,68,30,36,14,27,21,36,24,17,10,18,17,11,20,11,63,87,55,32,46,57,21,26,16,42,20,31,23,35,10,35,36,23,52,49,44,63,37,41,40,35,56,64,31,16,17,37,23,23,38,25,16,23,11,27,25,39,29,27,40,35,15,17,20,18,16,20,2,18,16,12,11,15,15,19,29,,37,18,30,,59,47,21,55,37,44,58,21,39,50,30,26,10,38,19,24,17,15,24,20,30,24,13,38,13,20,35,15,40,6,13,16,11,8,16,6,15,17,16,7,11,20,29,15,20,6,13,18,19,16,17,24,22,24,15,10,29,15,29,20,25,67,89,81,48,43,47,34,19,22,27,27,10,21,20,10,15,26,21,19,22,20,17,45,24,21,17,34,36,38,69,46,33,27,33,41,35,15,37,37,35,44,45,58,15,28,24,24,22,19,51,37,15,35,20,29,50,18,59,14,8,11,32,43,42,9,6,16,12,14,21,8,14,37,13,11,26,50,18,23,20,32,17,20,48,40,23,24,,18,19,40,25,35,39,42,14,29,25,19,28,33,23,21,19,26,30,58,91,29,20,12,34,14,
20150811,12,PM10,121,156,161,137,39,186,246,69,55,206,110,148,142,79,88,44,33,29,47,28,14,30,33,23,42,24,38,28,14,27,15,32,35,15,35,55,19,20,22,35,33,55,25,46,39,25,33,21,133,67,147,31,28,41,26,29,74,44,39,18,38,52,124,60,118,78,89,60,22,120,110,99,71,31,30,48,127,54,86,28,30,57,29,53,148,134,115,113,70,91,83,68,46,30,81,144,33,30,40,32,22,34,19,27,105,52,53,57,79,87,58,130,62,72,58,59,47,54,30,28,34,34,56,31,34,23,161,123,123,85,99,103,61,45,37,7,47,58,55,44,26,53,72,61,127,107,116,99,49,68,63,60,65,112,85,36,58,44,60,68,116,83,78,42,41,71,50,81,78,100,65,86,58,21,32,29,50,41,29,44,19,18,24,28,31,19,46,,20,38,27,,162,85,39,96,103,70,81,41,93,68,48,51,62,115,18,47,18,28,44,27,135,78,21,40,16,15,80,36,41,18,21,34,19,13,41,44,28,76,37,14,25,,33,42,25,18,46,40,31,22,22,20,19,56,37,21,44,30,41,38,32,152,141,95,109,75,120,30,43,42,76,59,35,70,38,27,47,29,46,44,37,41,36,62,74,46,48,79,73,99,189,67,74,47,119,57,63,58,83,70,78,89,79,80,39,40,71,9,54,32,87,79,53,79,72,48,126,48,62,14,9,40,29,86,67,29,15,65,34,34,45,54,17,65,6,20,17,44,56,64,47,38,55,42,54,62,36,58,,39,38,52,69,32,63,97,24,39,26,37,35,177,77,41,26,107,52,162,310,43,44,49,80,53,
20150811,12,PM10_24h,106,179,197,150,56,200,221,57,48,176,118,165,140,71,71,56,78,47,41,33,9,30,25,20,39,22,33,23,17,22,18,18,24,30,29,43,29,31,38,32,30,44,26,44,23,33,25,22,122,50,112,22,26,53,29,37,56,30,30,36,40,45,99,37,99,84,87,80,63,99,85,73,78,59,30,35,106,56,78,55,43,48,28,36,164,179,81,84,49,69,69,58,66,29,65,85,26,33,40,40,38,25,39,36,55,38,41,49,49,82,54,97,48,75,45,48,47,62,42,40,33,31,37,25,35,23,92,139,83,76,82,88,56,46,33,59,42,49,47,64,21,51,57,36,73,81,80,88,78,50,69,64,75,101,56,36,41,62,47,53,76,58,32,37,27,47,38,65,46,52,59,44,35,27,31,29,42,34,18,32,25,22,18,28,44,37,50,,44,37,54,,122,100,38,75,58,63,89,66,103,80,58,57,53,90,48,55,36,47,52,35,69,44,25,53,25,36,57,25,75,16,26,33,20,28,26,34,36,40,27,13,19,38,39,24,42,19,26,29,34,26,29,41,28,42,35,20,46,22,35,34,31,127,149,104,115,74,87,63,55,41,52,55,21,53,30,22,33,38,37,38,41,37,35,65,68,36,36,52,59,72,99,64,54,46,65,58,69,41,62,54,52,70,67,81,31,39,61,29,47,29,84,78,32,51,59,41,98,35,80,13,19,27,41,71,57,26,12,56,26,25,35,38,30,89,20,27,36,70,34,40,49,51,48,36,69,54,36,60,,35,48,45,57,52,60,131,28,48,42,37,50,95,87,60,40,40,136,128,477,55,32,34,39,38,
20150811,12,SO2,10,13,74,77,22,30,15,22,7,15,21,12,15,27,13,13,14,5,4,10,7,10,13,8,51,15,14,10,8,14,9,7,6,7,10,7,7,7,7,2,4,27,10,24,7,6,6,7,53,15,7,9,11,9,9,5,25,30,7,8,8,20,13,58,23,54,24,24,8,9,26,21,8,3,12,17,38,9,24,8,23,33,11,8,36,54,13,37,18,13,17,47,16,8,17,22,16,9,8,24,5,10,3,4,18,17,6,34,17,33,18,25,11,18,8,20,11,13,13,21,12,9,20,17,30,21,39,18,26,27,45,16,10,15,21,16,9,26,10,19,3,10,24,20,13,37,30,9,6,33,27,4,7,4,18,11,10,12,7,3,29,73,6,8,10,10,13,6,38,20,12,17,2,221,17,11,7,9,16,15,5,9,15,17,6,8,39,,5,14,11,,42,42,3,13,62,19,15,15,5,10,14,4,3,5,15,20,16,11,66,9,13,15,4,5,2,13,2,9,5,12,14,16,16,8,8,6,25,35,14,9,17,24,22,11,35,5,17,4,9,10,7,4,4,21,12,13,13,16,10,6,12,30,62,14,26,15,31,11,26,9,28,9,6,14,4,2,11,6,7,15,16,10,9,30,21,18,16,25,6,22,33,9,12,13,194,9,10,28,16,34,35,32,16,11,8,2,27,6,17,30,9,22,11,18,80,10,9,15,29,4,13,11,10,87,169,12,6,21,12,15,3,5,8,27,15,6,4,2,23,79,18,13,9,12,77,7,6,3,,11,14,25,16,8,16,26,1,20,3,7,4,123,102,5,14,5,3,9,15,7,7,9,3,3,
20150811,12,SO2_24h,5,7,13,54,24,29,14,20,7,10,31,16,15,18,9,15,13,7,4,9,7,13,14,8,34,27,12,11,10,15,9,6,6,10,9,6,8,7,6,3,4,27,13,11,7,8,8,20,35,18,6,10,11,10,8,5,16,7,10,8,8,18,14,10,13,13,14,18,8,7,18,20,7,5,11,43,36,11,14,10,19,25,12,9,15,30,18,33,31,15,11,41,19,9,15,33,14,9,9,14,5,9,7,6,20,12,12,13,16,32,17,36,9,25,14,19,9,10,19,15,12,7,9,17,26,34,24,18,16,22,46,16,10,10,17,12,9,28,11,33,3,12,32,13,18,21,34,12,7,22,15,4,7,4,9,11,11,11,8,5,30,64,7,10,19,6,27,9,35,20,12,26,6,22,17,10,6,9,16,13,7,9,13,8,8,9,39,,4,13,10,,47,39,6,15,45,17,61,13,3,12,17,4,6,4,29,10,11,12,36,9,20,19,6,7,3,6,3,12,5,9,15,12,12,14,6,7,26,20,14,8,15,31,18,64,40,6,12,5,12,12,7,6,6,28,15,11,18,10,16,11,27,24,26,12,28,13,31,11,26,4,26,10,11,16,2,2,12,8,6,10,27,11,8,62,26,23,15,21,8,17,37,10,11,18,81,11,16,21,17,31,11,24,15,16,9,7,26,4,13,25,9,66,10,11,38,7,21,13,55,5,12,9,25,28,19,12,8,14,12,14,5,6,7,26,15,4,5,6,15,25,18,11,8,15,8,10,6,5,,11,9,23,12,7,13,26,2,21,3,6,4,10,8,6,17,4,3,10,16,9,6,10,6,3,
20150811,12,NO2,35,16,16,62,39,51,27,26,22,32,17,18,17,37,25,25,18,19,26,25,14,18,14,13,24,14,18,14,9,7,4,9,10,16,18,25,19,13,7,5,10,14,8,21,23,13,25,21,31,11,27,13,12,47,25,12,41,11,8,38,13,17,30,11,44,26,25,25,18,36,57,40,18,38,14,18,35,22,13,8,10,18,14,14,22,22,13,26,9,14,9,15,13,3,10,7,9,8,18,7,6,7,15,9,23,14,9,22,21,15,18,10,18,10,10,11,13,32,12,17,12,20,9,25,19,12,19,21,17,18,20,14,19,10,9,,12,20,15,8,13,27,33,25,30,38,23,23,16,32,17,17,48,17,16,11,16,9,23,15,8,33,8,10,13,13,14,20,12,12,6,9,5,8,19,12,8,18,15,15,9,7,9,16,10,15,26,,11,11,7,,33,23,12,5,23,29,11,11,40,14,10,5,5,9,11,8,12,7,7,29,19,12,8,6,5,15,2,11,7,7,15,13,9,6,8,13,15,15,9,8,14,19,19,9,26,18,12,18,14,9,13,8,7,12,10,12,10,7,17,7,11,29,19,17,27,7,13,12,16,11,16,13,10,10,3,3,17,8,12,11,5,10,14,21,10,7,5,19,11,15,29,20,13,4,28,9,8,28,16,27,10,10,12,23,23,28,9,11,19,17,19,10,8,32,40,40,5,17,10,11,9,8,7,17,15,5,6,,5,14,42,6,9,8,3,6,5,23,10,15,21,17,13,13,28,15,8,8,,32,21,27,19,8,10,41,10,9,13,12,9,33,13,36,8,56,9,20,25,28,7,15,36,23,
20150811,12,NO2_24h,36,23,27,60,48,38,45,21,32,45,43,46,42,32,35,42,29,41,33,18,25,25,17,11,28,20,21,20,17,12,4,8,12,28,14,21,14,21,16,6,11,26,18,22,20,22,29,23,44,19,37,14,13,43,32,17,35,18,15,32,20,22,36,16,48,55,38,38,21,35,53,40,21,34,17,20,45,29,27,23,30,39,17,19,38,43,27,46,18,31,18,31,31,8,20,14,11,13,24,16,17,6,15,18,34,18,16,16,17,31,21,30,18,28,20,30,22,29,31,30,17,28,15,34,23,14,29,32,24,32,30,20,30,17,10,7,19,17,11,21,13,41,28,25,33,35,35,36,29,27,19,22,39,25,28,17,22,12,13,14,24,33,13,19,25,20,20,25,18,16,17,23,10,15,21,18,23,20,16,21,18,16,13,12,18,24,57,,18,19,11,,47,41,15,8,31,22,17,17,35,19,31,16,8,8,36,23,26,15,23,29,26,15,24,15,15,19,4,14,9,11,16,18,19,6,11,16,20,19,11,9,19,34,15,8,36,8,19,17,25,14,15,21,13,12,10,10,10,6,19,8,14,34,42,21,52,16,13,20,26,12,16,23,11,14,3,3,18,11,13,13,13,13,14,23,17,10,14,23,14,19,20,23,15,10,23,20,23,24,22,29,21,24,24,36,23,26,14,12,29,21,26,29,15,30,29,31,21,13,22,15,10,7,21,17,20,12,13,10,8,14,19,6,10,10,4,7,14,25,8,19,24,22,24,15,45,22,10,22,,22,19,30,17,8,11,41,14,8,12,12,11,34,10,28,8,19,7,13,14,20,10,13,24,15,
20150811,12,O3,196,136,92,155,71,104,129,179,117,186,190,97,133,41,139,122,149,96,46,82,66,98,92,66,71,87,86,95,97,83,76,85,79,71,72,89,41,87,93,80,58,102,99,81,55,51,47,34,158,97,152,73,57,19,56,63,41,63,51,34,75,91,128,133,88,165,74,56,93,56,130,97,62,59,60,38,112,114,187,107,113,127,46,106,176,184,113,156,98,118,143,146,148,74,112,118,103,66,58,69,62,82,61,83,78,123,65,43,58,111,117,138,96,86,60,136,144,92,118,101,54,65,72,36,54,45,100,138,124,118,138,127,94,106,74,117,121,75,73,123,69,105,39,44,58,72,120,94,65,43,52,50,38,61,76,96,141,71,74,97,138,134,114,102,100,135,170,126,108,138,132,154,113,100,98,103,87,72,35,57,116,81,83,85,89,34,88,,111,82,92,,69,134,22,127,60,52,94,99,65,124,115,92,52,107,90,132,71,64,104,28,109,66,91,67,94,62,53,39,44,41,79,63,48,49,56,55,105,47,33,32,26,52,32,32,76,46,86,56,58,45,44,56,31,20,28,41,83,51,42,43,65,140,150,155,129,122,136,112,95,54,81,123,84,57,49,93,101,94,95,68,83,87,79,82,114,65,88,113,113,121,133,131,69,81,74,119,104,66,77,97,108,132,131,84,54,85,120,48,38,70,18,103,91,28,71,50,80,62,83,67,64,61,59,80,55,41,35,54,35,35,93,103,92,74,38,60,67,92,90,79,55,73,117,114,73,96,67,87,,105,72,95,168,89,159,109,56,101,105,102,92,69,55,52,76,137,42,78,51,57,62,79,45,54,
20150811,12,O3_24h,205,210,159,275,107,130,236,179,136,232,213,124,145,78,152,128,164,102,77,82,76,98,92,66,76,87,87,110,97,86,76,122,79,75,76,89,70,87,93,83,61,102,104,81,87,61,67,61,214,97,152,73,64,182,90,81,146,95,90,178,118,115,132,133,147,189,117,91,132,137,189,135,90,147,60,41,174,171,188,136,128,129,64,106,180,194,136,157,112,136,143,172,149,74,126,153,103,99,89,97,106,125,115,108,100,123,116,82,88,120,117,183,97,98,64,139,152,153,135,114,59,88,79,58,64,60,108,139,124,130,138,127,94,107,78,117,122,98,163,124,69,145,107,69,115,104,193,139,118,83,87,73,85,104,135,156,157,101,128,105,139,218,114,104,100,135,205,126,126,138,135,249,119,278,98,103,87,72,36,63,116,85,83,85,97,61,88,,122,98,100,,90,158,66,127,93,141,113,99,80,131,120,92,53,125,96,140,81,64,104,28,109,77,91,67,96,85,66,65,49,69,120,63,50,49,62,55,105,79,43,48,30,52,54,50,84,46,91,78,58,55,73,68,35,51,41,56,83,60,60,64,65,144,150,183,129,122,194,115,95,70,84,132,119,59,49,93,101,132,95,69,83,87,105,91,117,66,91,113,150,134,138,138,95,96,92,140,120,123,134,118,138,138,132,155,66,108,138,103,38,107,30,106,93,78,112,69,102,75,115,83,64,64,73,120,100,48,55,75,56,50,138,138,123,98,65,100,94,151,93,92,83,87,127,126,85,125,71,121,,109,149,153,185,109,159,132,71,116,113,131,103,118,66,108,85,206,89,88,74,90,65,118,135,116,
20150811,12,O3_8h,82,68,36,52,32,53,57,89,45,80,91,42,66,18,65,56,103,44,20,42,52,55,57,57,34,74,48,65,80,80,59,104,55,43,49,32,32,50,42,49,41,36,56,34,46,31,37,42,60,57,66,41,34,17,41,55,21,37,29,23,44,36,61,58,30,46,28,19,86,26,44,38,38,60,33,23,51,101,89,53,75,58,32,40,104,83,53,63,43,57,61,56,55,44,53,82,48,47,40,46,30,60,44,57,40,42,39,14,22,54,63,59,51,34,31,72,70,32,62,54,38,24,45,32,39,24,43,53,59,58,58,91,41,59,47,85,67,41,68,60,32,36,22,19,20,40,47,53,30,12,44,31,11,20,46,73,108,54,76,98,58,44,47,52,37,60,104,91,65,77,86,64,49,78,45,56,48,33,29,46,71,55,48,52,69,40,32,,59,46,50,,39,66,20,102,29,36,69,67,25,110,62,45,28,93,42,74,36,32,53,21,27,27,59,46,51,41,33,24,18,28,82,38,30,16,38,26,46,37,30,25,23,24,21,27,62,16,60,33,21,25,29,18,23,12,16,39,49,32,20,32,48,61,47,82,49,65,87,43,46,26,28,58,51,32,31,56,37,60,31,37,43,59,65,38,54,52,29,54,78,59,55,57,26,39,27,53,42,31,34,45,32,38,68,38,48,22,49,13,18,35,15,36,43,7,67,12,32,22,50,42,15,36,38,36,16,13,17,19,16,25,62,79,82,63,33,33,45,84,35,20,28,43,50,61,39,69,54,62,,45,41,44,110,59,105,58,15,86,69,80,70,55,36,58,47,151,22,39,64,44,15,71,54,59,
20150811,12,O3_8h_24h,167,178,125,207,93,117,188,127,119,208,189,106,136,71,138,112,137,85,65,60,57,59,58,62,48,74,51,71,80,80,59,107,59,50,68,56,63,50,64,63,54,49,75,56,63,50,60,50,156,57,89,46,52,113,73,75,106,75,73,138,85,91,112,76,118,116,87,80,124,113,161,120,74,115,48,36,149,148,129,102,113,115,53,53,166,163,112,105,61,103,112,107,100,51,105,195,78,82,78,73,87,102,95,98,81,82,97,52,77,104,109,158,89,83,57,110,116,123,126,101,55,81,70,41,47,46,82,125,90,98,104,99,58,89,52,103,95,91,146,107,55,115,95,55,93,88,131,112,101,60,75,68,76,91,86,110,126,91,120,101,115,128,66,66,69,94,125,103,108,92,95,133,84,79,50,56,48,36,29,48,75,55,48,52,88,52,39,,110,48,90,,59,152,51,108,89,128,106,87,66,120,114,72,44,120,90,104,74,54,92,21,90,68,78,56,94,79,51,61,43,70,94,46,50,40,47,27,56,48,38,38,26,24,21,41,64,16,61,46,37,46,69,58,29,37,34,49,68,53,48,56,55,119,99,150,92,89,122,98,72,37,72,106,52,50,33,65,44,64,66,56,62,72,88,69,95,58,74,80,121,114,107,113,83,78,85,129,108,91,117,106,94,119,119,130,59,83,125,89,21,86,24,87,85,62,96,62,91,58,104,78,31,53,60,94,88,44,43,55,51,44,124,130,110,92,46,92,77,136,80,82,71,79,121,123,76,108,69,109,,98,134,133,174,105,148,128,68,113,105,121,97,110,61,98,80,198,86,84,69,75,58,109,122,108,
20150811,12,CO,1.72,1.38,0.53,4.29,0.46,0.63,1.56,0.64,0.38,2.38,1.14,1.16,0.38,0.99,0.55,0.50,0.73,0.48,0.92,0.70,0.42,0.48,0.48,0.38,1.30,0.19,0.78,0.58,0.42,0.51,0.36,0.31,0.46,0.54,0.67,0.89,0.74,0.34,0.67,0.61,0.50,0.80,0.70,0.63,0.48,0.39,0.36,0.92,2.00,0.42,1.32,0.44,0.49,1.11,0.82,0.77,0.94,1.23,0.74,0.70,0.60,0.66,0.86,0.57,1.37,1.03,0.64,1.08,0.59,1.07,1.25,1.54,1.01,0.74,0.65,0.55,1.38,0.79,0.97,1.04,0.51,0.63,0.56,0.66,2.10,1.53,1.59,1.39,0.32,0.63,0.47,0.75,0.85,0.47,0.61,1.08,0.86,0.70,0.93,0.97,0.53,0.62,0.81,0.86,0.83,0.99,0.92,0.86,1.51,1.31,0.68,1.00,1.85,0.67,1.08,1.36,0.95,1.28,0.68,0.75,0.42,0.45,0.35,0.33,1.61,0.39,1.82,1.31,0.85,1.38,1.06,1.41,0.76,0.60,0.62,0.93,1.07,0.96,1.10,1.09,0.54,0.87,0.75,1.43,0.89,0.78,0.97,0.70,0.52,1.28,1.33,0.77,1.32,0.96,0.45,2.25,0.43,0.37,1.50,2.09,0.80,3.73,0.34,0.59,0.35,0.62,0.42,1.08,0.45,0.66,0.34,1.08,0.83,0.34,0.49,0.41,0.40,0.91,0.34,1.00,0.64,0.34,0.41,0.59,0.32,0.73,1.12,,0.21,0.78,0.81,,2.54,1.43,2.15,2.22,1.06,1.63,0.58,0.42,0.20,0.35,0.35,0.43,0.33,0.67,0.36,0.84,0.35,1.49,1.26,0.96,0.49,0.52,1.62,0.34,0.44,0.37,0.93,0.41,0.35,0.79,,0.36,0.23,0.73,0.46,0.37,0.50,0.52,0.18,0.07,0.32,0.23,0.59,0.60,0.11,0.36,0.21,0.60,1.02,0.80,0.68,0.24,0.39,0.70,1.22,0.54,1.07,0.57,0.91,0.63,0.31,0.97,1.29,1.28,0.93,0.47,0.69,0.32,0.28,1.37,1.11,0.67,0.68,0.45,1.30,0.50,1.28,0.83,0.74,0.73,0.51,0.20,0.77,0.45,0.81,1.64,0.67,0.82,0.64,1.00,1.76,1.19,1.02,1.27,2.39,0.75,0.90,0.40,0.85,0.57,0.84,0.38,0.53,0.78,0.61,1.00,0.50,0.33,0.50,0.89,0.32,0.31,0.46,1.20,0.67,0.41,0.51,0.73,0.64,0.81,0.38,0.18,0.61,0.85,2.07,0.48,0.39,0.24,0.63,0.40,0.80,0.27,0.32,0.91,0.41,0.36,0.93,0.74,0.75,1.09,0.88,0.53,2.85,0.44,0.65,0.56,0.82,0.27,,0.76,1.36,0.90,0.37,0.30,0.49,0.66,0.36,1.03,0.81,1.00,0.58,0.84,0.68,0.84,0.08,0.86,1.33,0.48,0.66,1.10,1.92,0.68,0.83,0.59,
20150811,12,CO_24h,1.14,1.21,0.63,3.46,0.56,0.78,1.01,0.45,0.53,1.55,0.88,1.26,0.53,0.67,0.61,0.63,0.95,0.60,0.82,0.58,0.51,0.60,0.47,0.38,1.11,0.24,0.68,0.59,0.59,0.66,0.31,0.29,0.36,0.69,0.62,0.85,0.60,0.43,0.69,0.60,0.44,0.86,0.68,0.70,0.42,0.53,0.36,0.89,1.36,0.46,1.07,0.43,0.48,1.01,0.85,0.75,0.84,0.99,0.95,0.73,0.70,0.69,0.77,0.68,1.17,1.09,0.81,1.17,0.49,0.93,1.12,1.36,1.21,0.71,0.70,0.56,1.45,0.84,0.95,1.39,0.65,0.76,0.63,0.78,1.98,1.74,1.34,1.40,0.40,0.67,0.36,0.64,1.38,0.53,0.55,0.65,0.82,0.80,0.90,1.05,0.80,0.61,0.83,1.04,0.96,1.19,1.11,0.90,1.19,1.47,0.64,1.25,1.83,0.75,1.18,1.48,0.93,1.16,0.74,0.71,0.41,0.47,0.39,0.34,1.49,0.53,1.91,1.84,0.68,1.54,0.95,1.39,0.83,0.77,0.57,0.07,1.06,0.93,1.05,0.82,0.54,0.94,0.67,1.37,0.76,0.85,0.99,0.74,0.62,1.10,1.20,0.64,1.62,1.03,0.56,3.11,0.38,0.41,1.29,1.72,0.71,2.08,0.25,0.61,0.37,0.43,0.32,0.69,0.43,0.53,0.31,0.87,0.65,0.63,0.43,0.56,0.38,0.82,0.49,1.03,0.68,0.44,0.47,0.42,0.44,0.82,1.39,,0.35,0.86,0.90,,2.14,1.38,0.65,2.22,0.86,1.36,0.70,0.61,0.35,0.34,0.47,0.51,0.64,0.76,0.54,0.86,0.47,1.56,0.70,1.16,0.86,0.63,1.67,0.27,0.55,0.40,0.97,0.47,0.44,0.83,0.06,0.40,0.28,1.34,0.36,0.28,0.74,0.56,0.13,0.09,0.17,0.53,0.47,0.57,0.28,0.41,0.22,0.68,1.66,0.98,0.79,0.98,0.59,0.70,1.27,0.54,1.18,0.63,0.93,0.84,0.31,1.28,1.06,1.15,1.01,0.54,0.81,0.49,0.40,1.32,1.15,0.73,0.82,0.62,1.37,0.51,1.13,0.91,0.73,0.77,0.55,0.32,0.72,0.40,0.82,1.16,0.72,0.74,0.66,1.17,1.05,1.41,0.96,1.32,1.52,0.87,0.87,0.31,0.71,0.56,0.90,0.51,0.82,0.91,0.72,0.91,0.65,0.22,0.68,0.75,0.59,0.55,0.54,1.15,0.49,0.39,0.73,0.69,1.03,0.89,0.50,0.04,0.96,0.55,0.72,0.62,0.50,0.28,0.74,0.42,0.75,0.37,0.35,0.88,0.42,0.37,1.04,0.92,0.62,1.06,0.95,0.57,2.94,0.43,0.51,0.52,0.87,0.39,,0.75,0.82,0.82,0.63,0.34,0.37,0.60,0.36,1.71,0.82,1.01,0.62,0.76,0.70,0.91,0.11,0.58,1.28,0.47,0.27,1.10,1.63,0.63,0.61,0.39,
20150811,13,AQI,125,134,116,102,44,159,183,88,50,159,100,126,109,63,66,38,47,32,38,40,23,34,28,23,44,29,40,33,32,31,23,34,42,29,36,55,22,31,34,35,35,48,26,42,31,34,21,24,129,61,118,29,26,46,27,33,69,28,29,21,29,48,82,49,95,65,61,53,33,99,71,61,86,29,32,46,82,56,75,33,37,52,28,52,125,126,100,93,46,80,80,61,63,33,73,113,34,20,34,63,25,27,20,29,80,61,28,63,53,73,51,101,55,52,41,45,44,38,39,30,27,26,33,36,34,23,125,89,81,68,80,80,50,42,42,39,40,52,56,47,17,47,64,54,95,85,72,80,52,76,60,55,69,105,70,43,45,53,38,73,73,71,46,39,40,71,75,89,53,70,64,83,59,35,38,34,43,44,20,39,38,26,28,31,29,18,39,,36,34,40,,74,66,32,91,89,57,69,42,70,65,45,50,41,66,30,36,26,25,33,24,76,55,29,39,30,26,45,40,43,15,30,32,20,18,40,39,36,56,31,16,21,40,68,37,34,23,43,34,32,21,24,40,23,55,38,14,40,30,46,34,39,92,115,96,63,61,85,49,48,41,79,53,34,59,38,30,50,34,48,52,37,36,37,54,66,45,44,63,63,68,170,89,65,44,94,59,55,51,73,65,78,59,66,81,32,39,58,20,40,34,65,63,33,51,69,45,90,54,63,23,23,27,33,79,55,18,13,58,30,29,36,42,31,52,11,24,29,55,39,41,42,31,41,41,47,54,37,52,,36,43,47,65,41,61,69,21,51,38,39,36,128,83,39,28,70,87,70,165,33,29,45,51,38,
20150811,13,PM2.5,92,102,88,60,7,121,138,35,15,121,74,96,82,31,18,13,17,12,15,24,5,17,13,12,19,11,16,9,11,11,8,7,25,11,23,37,15,18,17,24,17,20,16,15,19,24,14,9,98,39,89,17,18,32,15,16,50,19,20,15,13,33,59,34,71,41,42,37,20,74,41,36,64,20,17,23,59,40,23,15,9,19,13,26,95,96,75,69,18,59,59,44,37,16,53,85,18,13,16,45,15,13,14,20,59,19,19,34,33,53,24,76,39,28,11,25,12,20,12,12,12,14,15,15,24,10,95,66,60,37,59,59,22,29,19,,18,28,32,29,6,33,46,38,71,63,52,59,26,56,41,38,50,79,51,30,19,19,15,33,53,52,32,27,21,52,42,66,29,45,46,61,22,15,19,11,9,15,2,13,13,11,13,12,9,10,27,,20,7,28,,54,46,20,68,66,35,50,9,31,47,22,22,12,38,14,16,12,8,11,11,55,39,9,27,4,11,24,15,30,4,10,12,14,6,24,8,13,31,22,10,13,17,49,26,15,10,16,16,15,15,12,18,8,33,15,8,26,21,32,21,27,66,87,72,41,38,63,24,15,24,58,30,17,25,18,19,28,23,25,26,26,21,16,38,33,13,24,44,32,43,129,66,47,25,70,42,39,31,47,47,57,42,48,60,15,27,26,4,19,24,47,24,14,33,30,24,67,34,45,10,4,11,11,58,39,5,3,14,13,13,11,7,19,26,4,9,20,39,21,26,15,22,16,12,33,38,22,14,,15,23,33,25,29,40,30,10,36,12,21,18,77,30,18,15,36,37,28,51,17,8,18,25,14,
20150811,13,PM2.5_24h,74,116,111,79,10,118,127,24,14,98,82,115,101,31,18,25,48,20,20,20,5,19,18,12,16,10,18,15,15,11,10,8,14,19,19,25,22,19,24,20,14,33,19,29,10,26,16,10,65,19,71,14,18,39,16,17,40,20,19,26,28,31,50,20,61,40,46,47,21,54,33,33,65,24,17,18,54,38,23,33,20,28,14,21,116,94,43,40,17,34,32,33,27,16,33,51,15,17,22,27,25,15,28,22,32,32,28,27,30,48,22,69,30,35,14,27,21,36,23,17,10,18,17,11,20,11,64,87,57,33,46,57,22,26,17,40,20,31,23,36,9,35,38,24,53,50,44,63,37,42,40,36,56,64,31,16,18,36,22,23,39,26,17,23,12,29,26,41,29,28,40,36,15,17,20,18,16,20,2,18,16,12,11,15,15,19,30,,36,18,30,,60,47,21,56,37,54,57,21,40,49,30,26,9,37,19,24,17,16,24,18,31,25,13,38,13,20,35,15,39,6,12,16,11,8,16,6,15,18,16,7,11,20,29,16,20,7,13,18,19,16,17,24,21,25,15,10,29,15,30,20,25,67,89,83,48,44,47,35,19,22,30,27,10,21,20,10,16,25,22,20,23,20,17,45,25,21,17,34,36,38,73,46,34,27,35,41,35,16,38,38,37,41,37,57,15,28,24,24,22,20,50,37,15,35,21,30,52,19,59,14,8,11,30,40,42,9,6,15,12,14,20,7,14,36,12,11,26,48,19,23,19,31,17,20,47,40,23,16,,19,19,40,25,34,39,42,15,30,25,19,28,35,23,21,18,27,29,55,90,28,19,13,34,14,
20150811,13,PM10,109,129,160,153,44,186,202,93,50,187,96,155,118,76,82,26,33,22,38,40,14,25,27,22,44,21,40,29,,31,15,34,42,16,36,60,22,25,24,35,35,48,22,42,31,33,21,24,139,71,146,29,26,43,27,33,72,28,25,16,29,48,114,49,118,79,71,48,20,112,92,72,76,29,32,46,114,46,75,22,27,53,28,54,125,133,96,105,46,94,91,62,56,33,84,134,34,20,34,53,25,25,18,24,72,71,28,76,56,83,52,109,54,54,41,45,43,38,27,28,27,26,33,36,31,23,141,124,94,85,81,100,50,42,42,,40,53,62,47,16,44,71,52,88,94,93,86,53,67,70,60,66,123,81,41,44,56,38,95,84,80,46,39,40,87,48,97,55,89,62,79,67,26,35,27,43,44,20,39,18,16,22,31,26,18,38,,20,34,30,,83,82,32,91,94,63,76,42,89,68,45,50,41,81,18,30,26,25,30,24,102,59,19,38,11,18,45,40,38,9,26,32,13,18,40,39,27,61,17,16,21,40,,37,34,23,43,34,32,21,24,40,23,60,38,14,40,30,42,34,35,134,131,106,75,72,110,49,48,41,60,55,34,68,38,24,50,34,48,53,35,36,37,48,82,45,44,76,76,86,183,94,70,44,122,42,57,51,96,76,76,63,65,79,32,36,66,5,40,29,80,76,33,51,87,45,126,58,55,16,10,27,33,80,43,18,12,65,30,29,36,42,23,54,4,24,25,43,39,41,42,23,40,35,47,50,37,53,,28,43,36,80,33,71,87,21,,28,34,36,206,115,39,28,90,123,89,279,33,29,45,52,38,
20150811,13,PM10_24h,103,178,197,148,56,204,214,58,49,179,118,164,140,73,72,56,77,47,42,33,9,31,25,20,39,22,33,24,18,22,18,19,25,30,29,44,29,31,38,32,30,45,26,43,24,33,24,22,125,49,114,23,26,52,29,36,57,30,29,35,39,45,101,37,100,85,87,79,63,99,86,72,79,53,30,36,107,54,79,52,44,50,28,37,163,177,82,85,48,68,71,59,66,29,66,87,27,32,38,39,38,25,39,36,55,40,40,50,49,84,54,98,48,74,46,49,48,61,42,40,33,31,37,25,33,23,94,142,85,77,82,89,56,45,33,56,42,50,47,64,21,50,58,37,74,81,81,88,78,51,69,64,75,102,57,37,40,63,47,56,78,60,33,37,28,49,39,67,45,54,59,46,36,28,31,29,42,34,19,34,25,21,18,28,44,37,51,,43,37,53,,123,100,37,76,59,63,89,66,105,78,58,57,53,89,49,55,35,47,51,32,71,45,25,53,23,35,58,25,74,16,25,33,20,28,27,35,36,41,27,13,18,38,38,25,42,19,27,29,34,26,29,41,28,43,35,20,46,22,36,34,31,129,151,107,114,75,88,61,55,41,53,55,22,53,30,22,34,36,38,38,41,36,35,65,69,36,37,52,59,73,104,64,55,46,69,58,69,42,64,55,53,65,53,78,31,39,61,29,46,29,83,78,32,51,61,42,100,36,79,14,19,27,40,69,57,26,12,57,26,25,34,39,30,82,18,27,36,68,34,40,50,51,48,37,68,53,35,64,,35,48,44,58,51,60,131,29,48,42,37,49,102,88,57,39,43,109,116,478,53,32,34,38,38,
20150811,13,SO2,8,14,13,75,32,26,17,24,7,15,19,12,14,27,13,9,11,5,4,9,6,10,12,9,62,15,15,9,9,14,9,6,5,7,10,7,9,7,6,2,4,18,9,10,5,6,9,8,41,15,7,9,10,9,9,8,22,8,6,6,8,14,13,5,22,69,19,18,8,12,23,14,5,4,12,20,27,9,17,7,16,19,11,7,35,38,13,25,16,13,13,34,21,9,14,20,16,8,9,19,4,10,3,12,24,11,5,73,12,25,13,24,10,14,10,16,8,14,11,15,12,9,7,18,31,10,31,15,22,21,37,12,9,12,21,13,7,19,11,17,3,12,21,46,10,23,21,8,6,23,23,4,166,4,17,27,11,9,7,3,27,55,7,8,9,8,12,8,4,19,12,16,2,4,17,10,7,9,15,13,5,8,15,15,5,9,24,,5,13,10,,31,50,4,12,58,22,15,20,3,8,14,3,4,4,42,14,18,9,97,5,5,9,3,5,2,79,2,16,5,11,13,13,15,13,8,6,24,18,15,6,4,22,21,9,32,4,12,4,10,10,6,5,5,16,11,13,11,11,11,3,8,30,29,13,16,14,31,37,22,4,24,7,5,11,3,2,9,5,3,13,20,10,9,25,36,18,14,24,7,20,28,9,13,12,136,7,8,25,22,29,15,19,22,8,19,3,25,6,16,30,11,16,10,16,78,8,3,10,24,4,13,9,15,66,8,12,4,29,12,14,3,6,6,32,15,5,4,3,11,24,14,10,9,13,5,7,7,4,,9,10,14,14,8,16,25,1,37,10,7,4,11,116,5,14,5,14,7,15,5,7,11,3,3,
20150811,13,SO2_24h,5,8,14,56,24,30,15,20,7,10,31,16,15,19,10,15,13,7,4,9,7,13,14,8,36,27,13,11,10,15,9,6,6,10,9,6,8,7,6,3,4,27,13,10,7,7,8,20,35,16,6,10,11,10,8,5,17,7,9,7,8,18,13,10,14,15,14,19,8,8,18,19,6,4,12,42,36,10,15,10,19,24,13,9,16,30,18,33,31,15,11,42,19,9,15,30,15,9,9,15,5,9,7,5,20,12,12,15,15,32,17,36,10,25,14,18,9,10,19,15,11,7,9,17,27,34,25,18,16,22,47,16,10,10,17,12,9,28,11,33,3,11,31,14,17,22,34,12,7,23,15,4,14,3,9,11,11,10,8,5,30,63,7,10,20,6,27,9,35,19,12,25,4,22,17,10,6,9,16,11,7,9,13,9,8,9,39,,4,13,10,,47,40,6,15,45,17,59,13,3,12,17,4,6,4,30,11,11,12,44,8,20,19,6,7,3,9,3,12,5,10,14,12,12,15,6,7,26,21,14,8,15,31,18,62,39,6,12,5,11,12,7,6,6,27,15,11,18,10,17,8,27,24,27,11,29,13,31,12,26,4,26,10,11,16,2,2,12,8,6,11,27,11,8,62,27,23,14,21,8,17,38,10,11,18,86,11,16,21,18,30,11,23,22,15,10,7,26,4,13,25,9,65,10,10,39,7,21,13,54,5,12,9,24,29,18,12,8,13,12,14,5,6,7,26,15,4,5,5,15,25,18,11,8,15,8,9,6,5,,11,10,23,12,7,14,26,2,22,4,6,4,11,12,6,16,4,4,9,16,8,6,10,6,3,
20150811,13,NO2,29,14,10,71,35,42,22,21,16,29,17,19,15,32,18,19,15,16,26,19,13,16,12,13,23,13,16,11,8,7,3,8,9,12,20,24,22,13,5,5,10,9,6,8,23,12,24,17,26,12,23,11,8,51,24,10,40,9,9,39,13,11,23,8,42,22,23,17,15,31,35,33,21,42,11,20,21,17,10,7,8,13,15,10,15,19,12,21,9,16,8,11,13,3,7,6,10,6,17,9,5,5,16,9,26,16,14,34,9,14,10,11,18,7,10,8,9,18,10,18,12,16,8,36,18,7,16,13,12,15,17,10,12,10,8,2,9,12,10,7,6,17,32,23,21,18,15,14,15,20,18,12,35,15,14,12,14,7,17,13,6,16,7,10,11,4,13,21,9,9,3,11,4,10,16,10,8,19,14,13,10,6,10,12,12,18,25,,9,10,6,,21,18,14,6,17,34,11,11,16,13,8,4,6,9,11,6,11,7,6,21,10,11,6,6,4,18,2,11,4,6,16,12,7,4,10,12,16,12,13,8,19,18,23,7,30,20,12,13,13,8,9,12,6,10,11,10,8,7,14,6,9,20,14,13,18,6,11,9,11,8,11,9,9,9,3,3,13,6,7,7,4,10,18,21,21,5,3,16,10,14,23,14,13,2,25,8,8,20,8,20,7,5,11,16,22,15,8,10,11,11,15,9,8,29,37,34,6,11,7,9,9,6,11,14,8,3,7,,7,13,26,5,8,8,3,4,3,25,5,8,19,10,8,7,21,13,8,9,,25,13,17,17,9,9,40,10,23,3,8,8,28,9,39,16,28,7,10,21,20,11,19,15,21,
20150811,13,NO2_24h,37,23,27,61,49,38,43,21,32,45,42,46,41,33,36,42,28,41,34,18,25,24,17,11,28,19,21,20,17,12,4,8,12,27,14,22,15,21,16,6,11,25,18,21,20,23,29,23,44,20,37,14,13,44,32,17,37,17,15,32,20,22,36,17,49,54,38,37,22,35,53,40,21,35,17,20,46,29,27,23,30,38,17,19,38,42,27,46,18,31,19,31,31,8,20,13,11,13,24,15,17,6,15,18,34,22,16,17,16,31,21,31,18,28,20,30,22,30,31,30,17,28,15,34,24,13,29,32,25,32,30,20,30,17,10,7,19,17,11,21,13,39,29,25,32,35,34,36,29,27,19,22,39,25,28,17,22,12,13,13,24,33,13,19,25,20,20,24,18,16,15,22,10,14,20,17,22,20,16,21,18,16,13,12,17,24,56,,18,19,11,,47,42,15,8,31,23,17,18,35,18,31,16,8,8,36,23,26,15,23,27,27,15,24,15,15,20,4,14,9,11,16,18,19,6,11,16,20,18,12,9,19,34,15,8,36,8,18,17,25,14,15,20,13,12,11,10,10,6,20,8,14,34,43,22,53,16,13,20,26,12,16,23,11,14,3,3,18,11,13,12,13,13,14,23,17,9,14,23,14,19,21,23,15,10,23,20,23,23,21,29,21,22,23,36,24,26,13,12,28,21,25,29,15,30,30,31,21,13,21,14,10,7,20,16,20,12,13,10,8,13,17,6,10,10,3,7,14,25,8,19,25,21,24,15,45,22,10,22,,23,19,30,17,8,11,41,14,8,12,12,11,35,10,29,8,20,7,13,14,20,11,13,24,16,
20150811,13,O3,249,154,109,165,72,139,172,190,127,220,200,98,143,48,153,122,151,101,47,123,72,109,89,72,87,93,94,105,102,81,72,89,77,92,74,97,50,98,108,89,74,101,82,81,49,52,58,36,189,99,169,78,71,18,69,75,54,68,59,34,67,119,147,107,99,140,87,66,107,74,131,119,48,55,75,51,131,123,180,107,118,133,47,125,174,206,112,166,111,132,156,167,170,73,126,120,110,61,70,90,66,86,63,92,89,67,48,43,67,123,119,149,107,90,63,130,142,109,126,95,56,80,72,41,57,61,108,154,129,129,143,133,103,110,79,125,119,89,97,130,55,129,50,64,70,89,125,111,64,81,56,56,50,74,89,97,144,85,89,97,151,176,119,108,119,145,180,147,84,153,132,151,112,112,121,108,86,76,37,64,122,82,89,90,93,43,91,,116,86,99,,81,153,30,133,78,51,94,96,84,119,117,97,58,110,97,114,80,62,107,44,111,72,94,77,97,57,60,43,41,48,97,71,50,52,58,61,115,47,42,32,29,62,39,38,88,51,91,67,71,48,48,61,35,23,28,44,91,52,53,43,67,153,146,187,140,124,137,124,102,66,91,121,95,59,51,97,84,100,96,93,88,105,83,91,114,66,91,116,126,143,169,167,96,82,130,115,110,92,86,104,111,122,161,113,75,104,122,63,45,94,28,99,84,40,83,74,44,86,93,73,75,59,51,102,121,39,40,74,39,38,108,115,98,79,35,73,69,84,94,84,71,76,130,130,61,112,72,123,,116,125,122,168,97,167,126,61,96,122,125,100,60,68,46,66,154,58,98,56,79,65,84,69,56,
20150811,13,O3_24h,249,210,159,275,102,139,239,190,136,232,213,118,146,78,156,131,170,102,77,123,82,109,92,72,90,93,94,116,102,86,76,122,80,92,77,97,70,98,108,89,74,102,104,83,92,57,67,61,226,101,169,79,79,182,90,84,142,95,90,178,114,119,149,136,147,190,118,91,132,138,182,135,89,147,75,51,174,159,191,135,128,133,63,125,180,206,136,167,120,135,156,182,170,75,128,150,110,99,87,97,105,125,115,108,100,139,116,82,88,123,120,183,107,98,67,139,155,153,136,112,60,85,78,58,66,64,113,154,129,130,143,133,104,110,82,125,122,98,156,131,69,145,107,71,115,104,193,139,117,84,87,72,81,104,135,156,157,101,128,105,151,218,119,108,119,145,210,147,126,153,135,249,119,282,121,108,87,79,37,68,122,86,89,90,97,61,101,,122,100,101,,96,159,66,133,93,141,113,99,84,131,120,97,58,125,99,140,84,64,107,44,111,77,94,77,97,78,66,65,46,67,120,71,51,52,70,61,115,79,44,48,29,62,54,53,94,51,93,82,71,55,71,66,36,51,39,56,91,60,60,64,67,153,163,187,140,124,196,124,102,78,91,133,128,61,51,97,117,136,97,93,88,105,105,99,124,67,91,120,150,145,169,167,99,96,130,140,118,127,134,118,138,138,161,152,78,113,138,103,46,107,37,106,93,78,112,74,100,86,115,83,75,64,73,120,130,45,55,75,56,50,138,138,123,98,49,100,94,149,94,87,88,87,130,130,85,125,73,123,,117,149,153,185,109,167,132,71,116,122,131,103,118,68,108,85,206,89,98,74,90,65,118,135,116,
20150811,13,O3_8h,107,83,49,72,39,66,75,105,60,102,114,53,80,24,80,70,111,56,25,51,55,64,63,59,43,76,57,74,85,82,61,100,60,49,52,43,34,58,52,55,45,46,61,42,46,36,40,40,82,62,84,47,39,17,44,57,25,42,35,26,49,49,75,68,40,63,37,27,90,34,59,50,39,57,38,27,63,105,109,64,86,74,33,56,115,108,66,83,54,71,79,75,75,49,65,91,58,50,43,52,38,64,47,63,45,52,41,19,28,68,73,74,60,44,37,85,87,45,76,65,41,33,51,33,42,31,53,70,71,68,74,99,52,68,53,94,76,47,69,74,37,50,27,25,28,48,61,61,37,22,46,35,17,29,53,80,113,57,77,98,75,65,59,64,51,76,122,103,73,92,95,82,62,88,55,65,56,38,31,48,80,62,56,56,72,40,42,,70,54,59,,47,82,22,106,38,35,74,73,35,114,71,55,34,98,54,86,45,39,65,26,41,34,69,51,63,45,39,28,23,32,83,45,34,23,43,31,59,37,32,27,24,31,24,28,67,21,66,36,30,30,30,26,24,14,18,37,58,35,25,32,50,76,65,104,65,76,97,59,57,33,38,72,59,36,36,63,43,70,42,44,52,66,68,46,67,55,40,66,85,72,72,73,36,45,42,66,55,41,42,56,45,52,80,47,52,34,62,20,24,42,17,47,51,12,68,21,36,31,59,45,24,39,41,46,31,17,20,27,20,27,67,84,84,65,33,37,48,86,44,30,34,47,65,71,43,73,55,69,,56,54,54,119,64,116,68,22,87,74,84,74,53,39,55,51,151,26,45,62,46,22,73,53,54,
20150811,13,O3_8h_24h,167,178,125,207,93,117,191,127,119,208,189,106,136,71,138,112,137,85,65,60,59,64,63,62,48,76,57,77,85,82,61,107,60,53,68,56,63,58,64,63,54,49,75,58,63,51,60,50,156,62,90,48,52,113,73,75,106,75,72,138,85,91,112,76,118,116,88,80,124,113,161,120,74,115,48,36,149,148,128,102,113,115,53,57,166,163,112,105,62,103,112,107,100,52,105,176,78,82,78,73,87,102,95,98,81,84,97,52,77,104,109,158,89,83,57,110,116,123,126,101,55,81,70,41,48,46,82,125,90,98,104,100,58,89,55,103,95,91,146,107,55,115,95,55,93,88,131,112,101,60,75,68,76,91,86,110,126,91,120,101,115,128,66,67,69,94,125,103,108,93,96,133,84,88,55,65,56,38,31,48,80,62,56,56,88,52,42,,110,54,90,,59,152,51,109,89,128,106,87,66,120,114,72,44,120,90,104,74,54,92,26,90,68,78,56,94,79,51,61,43,70,94,47,50,40,49,31,59,48,39,38,26,31,24,41,68,21,66,46,37,46,69,58,29,37,34,49,68,53,48,56,55,119,99,146,92,89,122,98,72,40,72,106,59,50,36,65,46,70,66,56,62,72,88,69,95,58,74,80,121,114,107,113,83,78,85,129,108,91,117,106,94,119,119,130,60,83,125,89,26,86,24,87,85,62,96,62,91,58,104,78,31,53,60,94,88,44,43,55,51,44,124,130,110,92,46,92,77,136,80,82,71,79,121,123,76,108,65,98,,98,134,133,174,105,148,128,68,113,105,121,97,110,61,98,80,198,86,84,69,75,58,109,122,108,
20150811,13,CO,1.54,1.22,0.50,4.35,0.46,0.47,1.72,0.68,0.30,2.31,1.15,1.15,0.36,0.83,0.48,0.42,0.66,0.46,0.89,0.62,0.42,0.45,0.44,0.38,1.51,0.17,0.76,0.55,0.42,0.51,0.34,0.29,0.48,0.56,0.71,0.85,0.73,0.34,0.62,0.61,0.49,0.63,0.63,0.50,0.47,0.38,0.36,0.88,1.50,0.43,1.32,0.40,0.46,1.02,0.83,0.91,0.91,0.85,0.73,0.69,0.57,0.57,0.79,0.54,1.32,0.70,0.60,0.93,0.58,1.07,1.11,1.21,1.02,0.80,0.62,0.54,1.06,0.72,0.84,0.97,0.48,0.59,0.58,0.62,2.04,1.44,1.62,1.36,0.32,0.73,0.54,0.73,1.08,0.48,0.64,0.89,0.85,0.65,0.87,1.01,0.49,0.63,0.90,0.82,0.90,0.65,1.05,0.82,0.98,1.24,0.58,1.08,1.80,0.41,1.07,1.15,0.81,1.00,0.63,0.77,0.42,0.57,0.34,0.31,1.49,0.33,1.62,0.94,0.68,1.33,0.97,1.32,0.74,0.57,0.55,0.94,1.01,0.90,0.94,1.08,0.48,0.86,0.73,1.69,0.77,0.55,0.89,0.61,0.53,1.07,1.32,0.70,1.20,0.97,0.43,2.13,0.42,0.30,1.46,1.73,0.84,1.81,0.36,0.61,0.31,0.66,0.48,0.98,0.22,0.75,0.33,1.02,0.81,0.42,0.47,0.41,0.35,0.85,0.31,0.84,0.59,0.31,0.43,0.49,0.33,0.78,0.95,,0.21,0.75,0.82,,1.96,1.35,0.45,2.26,1.00,1.83,0.59,0.41,0.10,0.33,0.32,0.42,0.43,0.73,0.36,0.75,0.38,1.33,1.21,0.82,0.39,0.53,1.60,0.36,0.42,0.41,0.77,0.42,0.33,0.78,,0.32,0.24,0.72,0.47,0.41,0.49,0.51,0.17,0.09,0.32,2.22,0.80,0.56,0.12,0.38,0.20,0.53,1.13,0.78,0.64,0.50,0.35,0.50,1.08,0.51,1.06,0.70,0.86,0.54,0.33,0.68,1.19,1.14,0.96,0.45,0.37,0.31,0.24,1.84,1.08,0.62,0.66,0.63,1.24,0.49,1.03,0.81,1.30,0.77,0.51,0.21,0.78,0.43,0.84,1.09,0.71,0.80,0.69,0.89,1.64,1.21,1.04,1.25,1.77,0.70,0.90,0.32,1.23,0.53,0.75,0.32,0.67,0.72,0.69,0.84,0.49,0.36,0.32,0.80,0.29,0.25,0.50,0.91,0.93,0.39,2.60,0.59,0.61,0.76,0.41,0.15,0.70,0.74,0.52,0.41,0.30,0.20,0.71,0.36,0.72,0.24,0.32,0.90,0.41,0.36,1.11,0.75,0.61,0.99,0.84,0.40,2.77,0.38,0.87,0.49,0.80,0.34,,0.69,1.43,0.64,0.65,0.36,0.42,0.69,0.34,1.50,0.72,0.97,0.58,0.81,0.61,0.91,0.03,0.69,1.41,0.33,0.30,0.97,1.80,0.79,0.62,0.50,
20150811,13,CO_24h,1.18,1.22,0.63,3.51,0.56,0.78,1.15,0.46,0.53,1.61,0.90,1.26,0.53,0.68,0.61,0.63,0.95,0.60,0.83,0.58,0.50,0.59,0.47,0.38,1.15,0.23,0.69,0.58,0.59,0.65,0.31,0.29,0.37,0.68,0.62,0.86,0.61,0.43,0.69,0.59,0.44,0.86,0.68,0.67,0.42,0.52,0.36,0.89,1.33,0.48,1.09,0.43,0.48,1.01,0.85,0.76,0.85,0.98,0.94,0.73,0.69,0.68,0.77,0.68,1.19,1.08,0.80,1.17,0.50,0.94,1.13,1.35,1.21,0.69,0.69,0.56,1.47,0.84,0.97,1.37,0.65,0.76,0.63,0.76,1.99,1.74,1.35,1.41,0.36,0.68,0.38,0.65,1.37,0.53,0.55,0.67,0.82,0.80,0.90,1.05,0.78,0.61,0.83,1.03,0.95,1.16,1.11,0.90,1.16,1.48,0.64,1.26,1.84,0.74,1.18,1.48,0.94,1.17,0.74,0.70,0.42,0.48,0.40,0.33,1.51,0.52,1.91,1.85,0.70,1.55,0.96,1.39,0.83,0.76,0.56,0.10,1.07,0.93,1.04,0.84,0.54,0.93,0.68,1.38,0.78,0.86,0.99,0.74,0.62,1.09,1.21,0.65,1.60,1.02,0.55,3.06,0.38,0.40,1.30,1.73,0.73,2.10,0.26,0.61,0.31,0.45,0.34,0.71,0.43,0.55,0.32,0.89,0.66,0.63,0.44,0.55,0.38,0.84,0.48,0.98,0.68,0.44,0.47,0.42,0.43,0.83,1.38,,0.35,0.85,0.90,,2.12,1.39,0.65,2.23,0.87,1.38,0.70,0.61,0.35,0.33,0.47,0.50,0.63,0.76,0.54,0.86,0.47,1.55,0.74,1.08,0.86,0.62,1.69,0.27,0.55,0.41,0.97,0.46,0.43,0.83,0.05,0.40,0.28,1.37,0.37,0.29,0.74,0.56,0.13,0.09,0.18,0.62,0.49,0.57,0.28,0.41,0.22,0.68,1.63,0.98,0.78,0.95,0.58,0.70,1.28,0.54,1.18,0.63,0.93,0.83,0.31,1.29,1.08,1.10,1.02,0.55,0.81,0.47,0.39,1.34,1.14,0.73,0.81,0.61,1.36,0.50,1.05,0.91,0.73,0.77,0.55,0.31,0.73,0.41,0.84,1.17,0.73,0.74,0.67,1.17,1.09,1.41,0.97,1.32,1.56,0.87,0.87,0.31,0.73,0.57,0.89,0.50,0.82,0.88,0.72,0.91,0.65,0.23,0.67,0.76,0.58,0.55,0.54,1.14,0.51,0.40,0.81,0.70,1.02,0.89,0.49,0.05,0.95,0.54,0.71,0.61,0.49,0.28,0.74,0.42,0.75,0.36,0.35,0.88,0.41,0.38,1.05,0.89,0.63,1.06,0.95,0.55,2.94,0.43,0.53,0.52,0.86,0.42,,0.75,0.85,0.82,0.63,0.34,0.37,0.61,0.36,1.71,0.82,1.01,0.62,0.77,0.69,0.89,0.11,0.59,1.28,0.47,0.27,1.09,1.64,0.64,0.61,0.39,
20150811,14,AQI,142,120,130,107,36,141,170,75,41,154,93,148,123,60,62,37,48,30,26,40,25,34,25,23,54,30,37,33,33,26,22,32,34,32,27,55,27,33,36,34,37,35,26,23,26,39,25,28,143,60,95,26,27,53,34,35,74,33,33,23,47,47,66,43,94,72,55,47,54,99,59,51,89,40,29,49,73,50,66,35,39,45,24,49,113,121,86,86,46,86,89,65,95,26,80,119,34,21,32,56,20,28,21,42,78,27,30,61,36,69,52,94,53,38,26,44,41,37,42,33,34,29,36,27,31,22,130,83,88,65,71,74,47,43,40,58,38,36,40,40,16,47,59,46,88,75,64,78,46,85,61,51,61,100,71,41,48,35,34,63,85,90,56,46,37,70,73,83,40,84,63,73,57,37,42,33,46,41,22,43,39,28,27,29,32,19,33,,38,30,41,,59,63,33,98,86,63,61,43,45,66,39,46,28,79,30,39,28,19,43,20,56,44,29,39,31,21,44,18,36,18,28,29,21,16,41,59,39,56,30,16,19,36,59,33,30,34,30,33,40,23,28,30,24,37,42,17,35,30,46,25,36,78,113,98,73,59,84,42,44,40,76,55,31,55,37,33,50,34,41,39,37,35,57,54,54,46,34,63,55,61,123,101,64,41,87,54,52,47,70,79,58,47,56,75,36,35,54,22,33,35,76,43,32,46,74,41,39,51,54,24,19,20,18,70,53,18,26,58,20,45,35,39,32,60,11,27,29,55,36,39,30,25,42,41,40,55,37,50,,37,39,44,58,53,59,77,20,43,42,45,41,140,72,44,22,65,75,53,147,27,34,51,33,24,
20150811,14,PM2.5,83,91,99,73,7,108,129,38,9,118,69,113,93,28,13,11,19,12,15,24,6,13,11,13,23,9,16,9,10,8,8,10,22,13,17,36,16,18,17,23,18,17,18,7,16,25,14,7,109,40,71,16,19,37,15,15,54,23,18,16,12,32,48,28,70,48,36,33,20,74,31,26,66,17,17,21,51,35,18,14,9,19,11,23,85,92,64,64,21,64,66,37,46,15,59,90,18,13,14,40,14,12,13,20,57,19,21,35,25,50,26,70,37,18,9,25,6,11,12,14,7,11,20,12,22,9,99,61,65,37,52,54,21,30,26,33,17,25,28,27,6,33,42,32,65,55,41,57,20,63,43,36,42,75,52,25,19,19,24,29,63,51,34,32,21,51,42,58,16,62,45,53,27,15,21,12,8,16,2,14,14,12,13,12,10,9,23,,19,10,29,,42,40,16,73,64,45,44,11,22,48,21,21,10,39,13,18,11,8,8,10,32,31,7,27,5,14,24,8,25,9,8,20,10,5,26,9,14,33,21,11,5,25,42,23,21,24,18,15,14,16,12,15,12,26,14,9,23,20,32,17,25,50,85,73,53,37,62,24,18,24,56,28,17,23,26,22,29,24,22,22,26,20,14,38,23,15,20,43,31,43,93,76,46,22,62,38,28,29,40,58,41,33,40,55,22,22,24,2,13,21,56,21,13,30,34,22,10,25,38,12,5,8,9,47,37,4,5,14,10,12,7,6,14,18,3,9,20,39,20,27,12,12,14,9,27,33,21,11,,16,13,24,18,37,38,20,6,30,10,15,18,80,32,16,9,22,28,34,47,10,20,13,17,12,
20150811,14,PM2.5_24h,76,116,111,77,9,120,127,25,14,101,82,113,102,31,17,24,47,19,20,20,5,19,18,12,16,10,18,15,15,11,10,8,15,19,19,26,22,19,24,20,14,32,19,27,11,27,16,9,67,20,72,14,18,38,16,17,40,20,19,25,27,30,51,21,62,41,46,46,21,54,32,33,65,22,17,19,55,38,24,32,20,27,13,22,115,93,44,41,17,35,34,34,28,17,35,52,15,17,22,28,24,14,28,21,33,31,27,27,29,49,22,69,30,35,14,28,21,36,23,17,10,18,17,11,21,11,67,88,59,34,47,58,22,26,17,40,20,31,23,36,9,36,38,24,55,51,44,63,36,42,40,36,55,64,32,17,18,36,22,23,41,27,18,24,13,30,26,42,28,29,41,37,16,18,21,17,15,20,2,19,16,12,11,15,15,19,30,,35,17,30,,61,48,20,57,38,86,56,21,40,49,30,26,9,38,19,24,17,16,23,16,32,25,13,38,13,20,35,15,39,7,12,16,11,7,17,6,15,19,16,7,10,20,30,16,20,8,13,17,19,17,17,24,21,25,15,10,29,16,30,20,25,67,90,84,50,44,47,34,19,22,32,27,11,21,20,11,16,25,22,20,23,20,17,46,25,21,18,34,35,38,75,47,35,27,37,41,35,16,39,40,38,40,38,57,15,28,24,24,22,20,50,37,15,33,21,30,50,19,59,14,8,11,28,36,41,9,6,14,12,14,20,7,14,36,11,11,26,48,19,23,19,30,17,20,46,40,22,16,,19,19,40,24,34,39,42,15,30,25,18,28,38,24,19,18,16,28,52,91,28,19,12,34,14,
20150811,14,PM10,83,76,164,164,36,161,180,99,31,181,93,144,127,69,74,19,34,24,26,40,12,30,25,21,58,19,37,23,,26,17,32,34,19,27,60,24,23,30,34,37,35,25,17,26,39,25,28,160,69,117,24,26,54,34,35,88,30,33,18,47,47,82,43,116,94,60,41,57,111,67,52,87,40,29,49,95,47,58,21,18,45,24,49,121,107,77,99,46,88,102,59,84,26,87,104,29,21,32,51,,18,19,42,73,,26,71,35,74,54,92,49,38,26,44,28,23,23,33,34,20,36,27,27,15,133,77,91,79,66,93,47,42,40,66,33,35,40,40,14,47,62,44,81,82,77,72,46,64,71,51,72,128,79,41,46,35,33,76,92,70,61,41,33,63,50,89,40,101,56,66,64,28,42,23,46,41,22,43,22,18,18,29,30,16,30,,38,30,30,,64,76,33,92,87,69,64,43,45,69,39,46,28,108,16,23,25,19,18,20,61,44,14,35,13,21,44,18,31,8,20,28,21,11,41,68,31,62,25,15,19,36,55,33,28,,30,33,40,22,28,30,24,33,42,16,35,30,43,25,31,105,118,105,93,67,107,41,44,40,54,60,31,60,37,,50,32,41,39,34,35,64,49,58,46,34,75,59,72,143,79,78,41,124,,54,47,89,58,53,46,56,76,36,29,57,3,33,26,78,43,32,46,97,41,39,51,49,13,6,20,14,89,32,18,26,65,20,45,26,39,20,69,4,25,23,38,36,34,30,20,30,27,40,59,37,50,,21,31,34,55,47,49,104,17,43,20,29,41,229,94,44,20,51,99,55,244,21,34,52,33,24,
20150811,14,PM10_24h,99,176,196,147,54,206,215,61,49,182,119,163,141,74,74,56,76,47,43,33,9,31,26,20,40,22,33,24,18,22,18,19,25,29,29,45,29,30,38,32,30,45,26,41,24,34,24,22,127,50,116,23,26,51,29,37,58,29,28,34,39,44,102,38,102,87,86,79,63,99,86,71,80,48,30,37,108,53,80,50,44,50,28,38,163,176,82,86,48,69,74,60,67,29,68,87,27,31,38,39,39,24,39,35,56,40,40,51,48,85,55,99,49,73,46,50,48,60,42,40,33,31,36,25,33,22,96,142,87,79,83,90,58,45,33,57,43,50,46,65,21,52,59,39,75,83,81,88,78,51,69,64,74,103,59,37,40,61,46,57,80,61,35,38,28,50,40,69,45,56,60,48,37,28,32,29,42,35,19,35,25,21,18,28,44,36,50,,44,35,54,,123,101,37,77,60,63,86,66,106,78,58,57,53,90,49,54,36,47,50,30,73,46,25,53,23,33,58,25,73,16,25,33,21,27,28,36,36,42,27,13,18,39,39,26,41,19,27,29,34,26,30,40,28,43,35,20,45,23,36,34,31,129,151,109,117,76,88,60,55,41,54,55,22,52,30,22,35,35,39,39,42,36,36,65,69,36,37,52,59,74,108,65,57,45,72,59,70,42,66,56,53,63,53,77,31,38,62,27,46,29,82,78,32,49,63,43,99,37,79,14,18,27,38,66,56,26,12,58,26,26,33,39,30,80,16,28,36,66,35,40,50,49,47,37,68,53,35,64,,36,48,43,58,52,60,131,30,48,42,36,49,108,89,55,37,43,96,109,485,51,32,34,37,39,
20150811,14,SO2,8,11,7,71,37,19,17,22,5,13,17,12,26,28,13,6,11,5,4,9,6,10,12,9,39,15,14,9,8,14,9,7,5,7,13,6,16,7,7,2,4,15,7,7,6,7,7,9,33,14,7,9,10,10,10,7,18,7,4,6,7,16,12,5,19,11,14,19,8,11,21,11,3,4,12,12,29,12,13,8,13,40,12,7,27,31,12,22,14,13,13,32,25,8,17,20,16,11,9,21,4,10,4,14,20,8,9,56,12,25,12,25,7,11,16,12,6,10,11,14,12,8,6,14,27,10,25,12,20,24,31,12,8,9,19,3,6,16,10,19,3,10,19,46,14,14,16,7,7,21,23,4,8,4,15,35,10,12,7,3,26,52,7,7,9,5,12,12,5,21,12,17,2,4,17,15,5,11,16,12,5,9,19,13,5,7,13,,5,14,10,,22,71,4,13,45,34,13,12,4,8,14,3,5,5,10,10,12,7,129,6,4,7,3,7,2,11,3,15,5,11,14,15,16,17,8,6,23,18,11,5,2,21,21,9,32,4,10,3,13,10,5,4,6,14,10,12,11,9,11,2,11,29,25,12,18,13,28,6,19,2,23,8,5,11,3,1,11,5,3,10,18,11,7,14,21,18,14,20,8,17,34,8,12,11,76,8,7,30,13,28,8,16,25,16,8,2,23,6,14,32,8,25,9,14,43,9,11,8,22,4,12,12,14,76,4,13,5,36,12,13,2,6,9,38,15,4,4,3,8,72,10,9,9,7,5,7,6,3,,8,6,9,13,9,16,22,1,28,13,6,4,7,28,6,18,3,3,8,14,6,8,10,3,3,
20150811,14,SO2_24h,6,8,13,57,25,29,15,20,7,11,31,16,15,20,10,15,13,7,4,9,7,13,13,8,36,28,13,10,10,15,9,6,6,9,9,6,8,7,6,3,4,27,13,10,6,7,8,21,34,16,6,10,11,9,8,5,17,7,9,7,8,18,13,10,14,15,15,19,8,8,15,19,6,5,12,42,36,10,15,10,20,25,13,9,17,27,17,32,30,14,11,42,19,9,15,29,15,10,9,15,5,9,7,5,20,12,12,16,14,33,17,36,10,25,14,18,9,10,19,14,11,7,9,17,28,34,25,18,16,22,47,16,10,10,17,12,9,28,11,33,3,12,30,16,17,22,34,12,7,23,16,4,14,3,9,12,10,10,8,5,30,61,7,10,12,6,21,9,35,19,11,25,3,22,18,10,6,9,16,11,7,9,17,9,8,9,39,,4,13,10,,47,42,6,15,45,18,57,13,3,12,17,4,6,4,30,11,11,12,56,8,20,19,5,7,3,9,3,13,5,9,14,13,12,15,6,7,26,21,14,8,14,31,19,59,39,5,12,5,10,12,7,6,6,26,15,11,18,10,17,8,27,25,27,11,29,13,31,12,27,4,26,10,11,16,2,2,12,8,6,11,27,11,8,62,28,24,14,21,8,18,38,9,12,18,89,11,16,22,18,30,11,22,22,15,9,7,26,5,14,26,9,65,9,10,39,7,21,14,54,5,12,9,21,31,18,12,7,13,12,14,5,6,7,26,15,4,5,5,15,28,18,11,8,15,8,8,6,5,,11,10,23,12,7,14,26,2,22,4,6,4,11,13,6,16,4,4,9,15,8,6,10,5,3,
20150811,14,NO2,27,12,9,67,26,25,21,16,12,25,16,14,16,29,14,18,15,16,23,20,13,17,13,11,21,13,16,12,9,7,3,7,7,10,27,24,19,15,5,4,16,11,9,6,22,12,18,16,25,10,21,10,8,53,25,9,50,11,8,45,13,11,20,7,42,38,26,16,16,27,26,26,18,40,14,18,13,15,8,6,9,13,13,9,13,16,11,19,10,15,8,10,19,2,10,6,8,8,11,13,5,4,14,9,21,10,14,31,6,12,8,12,16,7,9,8,7,10,12,31,10,17,9,36,18,6,13,9,14,14,16,10,11,8,8,1,9,8,8,7,6,25,23,18,30,15,13,10,19,17,15,12,31,12,13,9,12,6,12,14,5,16,8,9,11,10,15,21,5,7,5,12,4,9,14,10,13,18,14,13,10,6,10,10,10,14,15,,9,11,6,,17,20,12,5,12,31,10,8,26,12,6,4,5,9,15,7,9,6,6,22,10,10,4,6,5,12,4,12,3,7,16,14,8,4,11,11,15,10,16,7,19,21,25,6,33,20,13,13,12,8,11,12,7,10,14,8,6,5,12,4,9,14,12,11,18,6,9,9,9,8,8,7,10,9,2,3,13,5,5,5,4,11,12,19,6,5,4,14,8,17,17,14,11,2,14,6,6,15,4,18,4,4,13,19,18,10,7,9,6,10,13,6,6,21,25,30,5,7,6,8,6,6,8,9,4,4,8,,6,11,11,3,8,8,2,3,3,23,3,9,16,9,9,5,19,12,8,7,,19,7,10,15,8,6,29,9,10,3,5,9,42,5,42,8,16,7,10,20,19,17,22,5,23,
20150811,14,NO2_24h,37,23,27,62,49,39,43,21,32,44,42,46,41,34,36,43,28,42,34,18,24,24,18,11,29,18,21,19,16,12,4,8,12,26,14,22,15,21,15,5,11,25,18,20,20,22,28,23,43,20,37,14,13,45,33,17,39,17,15,33,20,22,36,16,50,54,39,37,22,35,53,40,20,34,17,20,46,29,27,23,30,38,17,19,38,42,27,46,18,30,19,29,31,8,20,13,12,13,24,16,17,6,15,18,34,22,16,18,16,31,21,31,18,27,20,30,22,30,31,30,17,28,15,34,24,13,30,32,25,32,30,20,30,17,10,7,19,17,12,21,13,38,29,25,33,35,34,35,29,27,20,22,40,24,28,17,22,12,14,14,24,32,13,20,25,21,21,24,18,16,14,22,10,14,20,16,19,19,16,20,18,15,11,13,17,25,54,,18,18,11,,47,42,15,8,31,24,16,18,35,17,31,16,8,8,36,23,26,15,23,26,26,15,23,15,14,19,4,14,9,10,16,18,19,6,11,16,21,18,12,9,19,35,15,8,36,9,18,17,24,14,15,20,13,12,11,10,10,6,20,8,14,34,43,22,54,17,13,20,26,12,16,23,11,14,3,3,17,11,13,12,13,13,14,23,17,9,14,23,13,19,21,23,15,10,24,20,23,23,21,29,20,22,23,35,24,26,13,12,27,21,25,29,15,30,31,32,21,13,21,14,10,7,20,16,19,12,13,10,8,13,16,6,11,10,3,7,14,26,8,19,25,21,24,15,44,22,10,22,,23,19,30,17,8,11,41,14,8,12,12,11,36,10,30,8,20,7,13,13,21,11,13,24,16,
20150811,14,O3,283,152,119,176,90,140,201,179,131,234,187,108,150,52,153,117,153,95,62,129,81,108,80,73,111,96,90,104,104,78,71,97,90,102,59,105,85,105,116,104,70,85,75,75,67,63,60,45,198,88,161,83,81,16,72,75,59,66,50,28,70,136,146,104,110,122,86,78,124,96,135,134,69,57,77,63,146,129,173,111,125,140,60,133,170,203,105,159,122,138,159,172,196,76,127,124,109,68,78,114,60,88,66,96,115,72,54,66,65,129,124,162,99,92,65,134,130,117,135,71,56,92,76,42,65,70,114,157,136,141,145,130,109,120,82,143,120,92,110,122,52,114,83,82,70,90,107,126,64,89,65,59,41,92,95,127,154,98,101,94,148,192,126,82,119,150,178,186,109,153,131,142,125,119,128,105,81,79,40,63,124,88,86,83,101,61,66,,117,90,103,,70,163,40,137,90,61,99,99,107,118,120,92,55,113,97,124,89,57,110,46,98,73,92,76,99,54,62,46,43,58,90,76,50,52,60,64,124,50,42,31,28,69,41,44,93,52,91,63,63,49,54,72,40,31,17,54,96,61,63,50,69,131,158,189,152,127,144,133,103,73,91,120,96,61,53,104,107,101,94,98,92,112,86,91,110,69,88,104,123,131,179,172,128,75,169,112,109,97,76,107,110,112,144,149,80,111,118,71,49,111,36,96,92,61,94,78,81,75,98,76,61,59,56,112,80,50,40,88,50,34,112,115,102,78,34,85,86,84,94,93,73,79,133,130,63,120,74,116,,119,126,141,166,106,167,133,63,110,133,145,102,68,72,45,69,172,76,104,60,85,61,83,81,55,
20150811,14,O3_24h,283,210,157,218,101,142,239,190,137,237,208,123,153,77,157,131,169,102,77,130,87,111,92,73,111,96,94,116,104,86,76,122,90,102,77,105,86,105,116,104,75,102,104,83,93,64,67,62,231,101,169,83,88,155,87,83,127,95,90,176,93,136,157,136,151,187,118,91,132,137,178,137,83,147,78,63,156,147,191,120,128,142,65,133,180,206,128,167,122,139,159,184,196,76,130,141,113,94,86,114,98,108,115,104,115,139,116,82,88,129,125,183,107,96,70,139,155,153,137,111,60,92,79,58,70,70,117,157,136,141,145,133,109,120,82,143,123,98,155,133,69,143,106,84,115,104,193,140,112,89,87,72,79,104,136,176,154,105,128,105,151,198,126,108,119,150,210,186,123,154,135,156,130,284,128,108,87,81,40,68,124,88,87,90,101,61,101,,122,104,104,,96,164,66,138,93,141,112,100,107,131,122,97,60,125,98,140,89,64,110,46,111,77,96,77,99,78,67,61,45,66,120,76,51,52,71,64,124,78,44,48,29,69,54,57,97,52,94,82,71,51,67,72,40,44,39,56,96,62,63,64,69,159,172,189,152,127,200,133,103,82,93,134,128,62,53,104,133,136,97,98,92,112,100,102,126,70,91,125,150,145,181,178,128,96,169,140,121,130,134,112,117,138,161,157,82,116,137,103,49,112,41,104,94,68,112,78,100,86,115,83,75,64,73,122,130,50,55,88,56,47,134,138,123,94,47,100,95,149,97,93,92,87,133,130,84,125,74,123,,120,149,148,185,109,167,133,71,116,133,145,103,118,72,108,85,204,89,104,74,90,65,118,135,116,
20150811,14,O3_8h,138,96,62,93,63,79,96,119,75,128,136,65,94,29,96,84,120,68,33,61,59,73,70,60,56,80,65,83,88,82,63,98,66,57,54,56,40,66,63,63,49,54,66,49,50,41,43,39,104,71,101,55,45,17,47,59,31,47,39,28,54,64,89,77,52,78,46,36,96,44,75,63,44,56,45,32,77,108,129,76,100,91,37,72,127,132,78,102,68,86,96,96,98,55,80,112,68,53,50,63,44,68,52,69,55,60,45,27,35,82,84,91,68,54,44,99,102,59,91,72,45,44,57,35,47,38,64,88,85,78,90,107,63,79,59,104,86,55,74,88,42,63,35,34,35,56,72,72,43,33,49,41,22,40,61,89,118,63,79,96,93,88,74,74,65,93,138,119,85,107,103,98,77,98,67,74,64,45,32,53,90,69,62,61,77,42,49,,80,63,69,,52,100,24,111,48,40,80,80,46,117,84,65,39,101,65,100,55,45,76,30,53,42,79,56,74,49,44,32,27,37,84,52,38,29,47,38,73,40,34,28,25,38,28,31,72,26,70,40,37,35,33,35,26,16,18,39,66,39,31,36,54,88,84,121,83,89,107,89,66,42,48,85,68,41,40,72,53,78,52,53,62,74,71,54,79,57,51,76,94,85,91,91,50,52,62,79,68,50,48,66,58,65,93,63,56,48,74,29,29,52,20,58,61,20,72,30,43,38,67,49,31,44,44,57,40,23,23,37,25,29,73,88,85,68,33,44,55,85,53,41,40,52,78,82,46,80,57,81,,68,68,67,129,71,127,80,29,91,83,93,78,52,43,51,55,152,33,53,60,50,29,74,52,53,
20150811,14,O3_8h_24h,167,178,125,207,95,117,191,129,119,208,189,106,136,71,138,112,138,85,65,61,62,73,70,62,56,80,65,83,88,82,63,107,66,59,68,59,63,66,64,66,54,54,75,59,64,51,60,50,160,71,101,55,52,113,73,75,106,75,72,138,85,91,112,80,118,116,88,80,124,113,161,120,74,115,48,36,149,148,130,102,113,115,53,72,166,163,112,111,68,104,112,108,102,55,105,165,78,82,78,73,87,102,95,98,81,84,97,52,77,104,109,158,89,83,57,110,116,123,126,101,55,81,70,40,49,47,82,125,90,98,104,107,63,89,59,104,95,91,145,107,55,118,95,55,93,88,131,112,101,60,75,68,76,91,86,110,126,91,120,101,115,128,66,74,69,94,138,119,108,107,103,133,84,98,67,74,64,45,32,53,90,69,62,61,88,52,49,,110,63,90,,59,152,51,112,89,128,106,87,66,122,114,72,45,120,90,106,74,54,92,30,90,68,80,56,94,79,51,61,43,70,94,52,49,40,53,38,73,48,39,37,26,38,28,41,73,26,70,48,38,46,69,58,29,37,34,49,68,53,48,56,56,119,99,146,92,90,122,109,72,46,72,107,68,50,40,72,53,78,66,57,63,74,88,69,95,58,74,81,121,114,107,113,83,78,85,129,108,91,117,106,94,119,119,130,62,83,125,89,30,86,25,87,85,62,96,62,91,58,104,78,31,53,60,94,88,44,43,55,51,44,124,130,110,92,46,92,77,136,80,82,71,79,121,123,76,108,65,98,,98,134,133,174,105,148,128,68,113,105,121,97,110,61,98,80,198,86,84,69,75,58,109,122,108,
20150811,14,CO,1.44,1.35,0.48,4.62,0.45,0.42,1.50,0.59,0.30,2.19,1.18,1.16,0.37,0.85,0.42,0.38,0.64,0.45,0.87,0.61,0.40,0.44,0.40,0.36,1.10,0.17,0.75,0.51,0.41,0.51,0.33,0.28,0.43,0.53,0.72,0.88,0.69,0.32,0.62,0.56,0.53,0.56,0.65,0.44,0.46,0.35,0.31,0.88,1.16,0.39,1.18,0.39,0.43,1.02,0.82,0.83,0.99,0.86,0.65,0.73,0.65,0.56,0.73,0.50,1.30,0.81,0.61,0.98,0.52,1.04,1.05,0.97,0.95,0.81,0.59,0.45,1.00,0.69,0.71,0.94,0.47,0.65,0.55,0.59,1.97,1.41,1.56,1.32,0.53,0.75,0.65,0.64,1.45,0.44,0.67,1.18,0.83,0.73,0.80,0.97,0.49,0.60,0.83,0.81,0.80,0.55,1.03,0.79,0.89,1.21,0.53,1.03,1.67,0.43,0.94,1.09,0.67,0.77,0.59,0.65,0.35,0.40,0.32,0.27,1.49,0.31,1.54,0.80,0.75,1.25,0.97,1.25,0.74,0.52,0.62,0.94,1.04,0.87,0.81,0.90,0.46,0.97,0.63,1.53,0.65,0.51,0.84,0.54,0.56,0.92,1.28,0.67,1.11,0.94,0.61,1.99,0.38,0.30,1.41,1.93,0.89,2.15,0.37,0.53,0.32,0.44,0.45,0.98,0.43,0.72,0.33,0.97,0.83,0.42,0.46,0.54,0.30,0.86,0.30,0.78,0.60,0.30,0.47,0.40,0.31,0.75,0.78,,0.19,0.73,0.82,,1.55,1.32,0.42,2.22,1.00,1.79,0.60,0.39,0.20,0.31,0.31,0.42,0.45,0.73,0.36,0.76,0.37,1.28,1.16,0.83,0.36,0.52,1.61,0.38,0.43,0.33,0.77,0.43,0.11,0.77,,0.33,0.24,0.71,0.46,0.43,0.49,0.48,0.17,0.09,0.31,2.40,0.92,0.52,0.13,0.39,0.18,0.49,1.60,0.78,0.63,0.41,0.35,0.42,0.99,0.49,1.04,0.61,0.71,0.53,0.30,0.41,1.36,1.06,0.97,0.45,0.33,0.33,0.21,1.03,1.06,0.58,0.67,0.63,1.22,0.49,1.04,0.82,1.16,0.75,0.51,0.19,0.79,0.39,0.76,1.06,0.69,0.63,0.69,0.94,1.38,1.16,1.03,1.22,1.29,0.65,0.81,0.33,0.75,0.56,0.65,0.28,0.80,0.70,0.67,0.71,0.47,0.39,0.13,0.84,0.27,0.21,0.45,0.88,0.62,0.33,3.52,0.43,0.59,0.73,0.31,0.16,0.68,0.66,0.44,0.41,0.32,0.11,0.69,0.38,0.68,0.40,0.33,0.89,0.38,0.35,1.17,0.76,0.56,1.01,0.78,0.35,2.76,0.36,0.55,0.45,0.76,0.32,,0.60,1.37,0.46,0.59,0.34,0.42,0.60,0.31,1.34,0.68,0.90,0.59,1.06,0.54,0.92,0.02,0.61,0.55,0.40,0.58,0.96,1.86,0.80,0.49,0.50,
20150811,14,CO_24h,1.22,1.24,0.63,3.54,0.56,0.78,1.18,0.47,0.51,1.68,0.92,1.26,0.53,0.69,0.61,0.63,0.95,0.60,0.84,0.59,0.50,0.59,0.47,0.37,1.16,0.23,0.70,0.57,0.58,0.65,0.32,0.29,0.37,0.68,0.62,0.86,0.61,0.43,0.69,0.59,0.44,0.85,0.68,0.65,0.41,0.50,0.35,0.89,1.28,0.48,1.11,0.43,0.47,1.01,0.85,0.76,0.87,0.98,0.93,0.73,0.69,0.68,0.78,0.68,1.20,1.08,0.80,1.17,0.50,0.94,1.13,1.35,1.21,0.68,0.69,0.55,1.48,0.84,0.98,1.35,0.64,0.76,0.63,0.76,2.00,1.74,1.36,1.43,0.34,0.63,0.39,0.65,1.37,0.53,0.56,0.70,0.83,0.79,0.90,1.05,0.77,0.60,0.84,1.03,0.95,1.13,1.11,0.90,1.15,1.38,0.65,1.27,1.85,0.74,1.19,1.48,0.94,1.17,0.74,0.69,0.42,0.48,0.40,0.33,1.54,0.51,1.91,1.85,0.71,1.54,0.96,1.40,0.84,0.76,0.56,0.14,1.08,0.93,1.03,0.85,0.54,1.00,0.69,1.38,0.78,0.87,0.99,0.74,0.63,1.09,1.22,0.66,1.59,1.02,0.55,3.01,0.38,0.40,1.31,1.73,0.75,2.12,0.26,0.61,0.31,0.46,0.34,0.73,0.43,0.56,0.32,0.89,0.67,0.64,0.44,0.55,0.39,0.84,0.47,0.98,0.68,0.44,0.46,0.43,0.42,0.82,1.37,,0.34,0.84,0.90,,2.15,1.41,0.66,2.23,0.87,1.41,0.70,0.60,0.36,0.33,0.47,0.50,0.63,0.76,0.54,0.87,0.47,1.55,0.77,1.03,0.86,0.62,1.70,0.27,0.54,0.40,0.98,0.46,0.43,0.83,0.05,0.40,0.28,1.36,0.37,0.30,0.73,0.56,0.13,0.10,0.18,0.71,0.52,0.57,0.27,0.42,0.22,0.68,1.53,0.97,0.79,0.93,0.56,0.69,1.25,0.54,1.17,0.64,0.92,0.81,0.31,1.29,1.10,1.11,1.05,0.55,0.80,0.47,0.39,1.33,1.14,0.73,0.80,0.61,1.36,0.50,1.05,0.91,0.73,0.77,0.56,0.30,0.73,0.41,0.84,1.17,0.72,0.74,0.68,1.17,1.10,1.42,0.98,1.32,1.59,0.86,0.87,0.30,0.73,0.58,0.89,0.50,0.82,0.87,0.73,0.90,0.65,0.23,0.65,0.77,0.57,0.54,0.54,1.13,0.52,0.41,0.94,0.69,1.02,0.89,0.48,0.05,0.94,0.54,0.71,0.61,0.48,0.28,0.74,0.41,0.75,0.35,0.35,0.89,0.41,0.38,1.06,0.86,0.63,1.07,0.95,0.55,2.94,0.42,0.54,0.52,0.86,0.41,,0.75,0.88,0.81,0.62,0.35,0.38,0.61,0.36,1.66,0.81,1.00,0.62,0.80,0.67,0.87,0.11,0.60,1.25,0.46,0.26,1.10,1.65,0.64,0.60,0.40,
20150811,15,AQI,145,83,129,115,35,131,139,48,46,141,76,141,118,48,56,36,50,30,22,43,23,38,23,23,57,30,35,31,33,27,23,28,32,34,33,55,43,33,38,39,32,27,20,26,39,42,24,36,133,49,79,26,27,60,35,35,71,46,24,26,23,55,64,41,98,68,52,36,57,83,55,38,100,40,29,46,67,53,73,31,40,49,21,45,116,126,76,79,45,86,98,78,109,24,80,80,30,23,28,48,23,25,23,30,71,27,32,59,27,64,53,89,46,38,22,41,37,42,48,38,29,29,27,23,29,26,133,76,86,62,76,80,43,37,42,57,39,30,37,44,15,50,56,41,83,75,57,84,51,85,60,54,55,89,69,44,51,37,35,59,79,88,55,29,39,63,58,99,101,78,59,69,59,35,37,32,41,46,23,39,38,27,28,28,33,18,26,,36,30,46,,61,65,33,96,78,64,56,39,49,65,40,50,31,80,31,42,28,19,33,19,33,25,28,33,30,24,54,21,47,20,27,33,17,18,43,47,48,37,40,12,22,31,65,38,36,18,31,22,24,21,20,37,23,36,33,19,32,29,47,19,40,68,120,96,89,58,81,45,36,41,51,45,30,50,37,34,49,33,35,42,36,36,52,53,59,44,30,57,51,60,104,84,69,33,75,47,49,49,67,55,54,42,60,68,37,37,37,,23,38,65,50,27,46,62,19,31,34,51,26,19,19,17,80,44,21,17,58,27,21,35,37,33,62,10,29,29,51,31,45,27,25,43,43,47,51,35,51,,37,38,44,56,51,65,45,24,34,47,48,49,125,69,46,23,83,60,57,128,31,45,39,25,35,
20150811,15,PM2.5,68,61,98,87,6,100,106,33,6,108,55,108,89,20,14,10,21,12,13,25,8,15,13,15,27,10,13,9,9,12,7,10,19,14,20,35,18,18,16,26,17,15,10,7,14,27,14,11,101,25,58,15,19,43,18,15,52,25,17,18,12,39,40,26,73,45,31,25,26,61,23,19,75,18,20,20,41,37,15,12,11,23,11,22,88,96,56,58,21,64,73,39,55,14,59,59,16,12,14,33,16,13,12,14,52,19,22,35,19,46,25,66,32,23,8,22,6,13,14,15,9,9,16,11,20,9,101,56,64,36,56,59,20,25,19,31,23,21,26,27,6,35,40,26,61,55,22,62,18,63,43,34,39,66,50,14,17,26,21,42,58,59,36,17,19,45,36,57,14,50,42,50,24,14,21,17,7,15,2,13,14,14,12,9,11,10,18,,19,8,32,,37,47,16,72,57,46,40,9,22,47,23,22,8,42,13,17,11,8,6,11,16,17,6,23,5,17,28,9,33,5,6,16,12,10,30,5,20,23,25,3,8,20,47,26,18,11,12,15,9,15,14,15,11,23,11,7,16,17,33,13,28,36,91,72,66,41,60,21,17,23,25,29,15,23,26,18,24,23,19,20,25,19,23,37,29,12,18,39,28,42,78,62,50,16,55,33,34,29,35,39,38,24,43,49,14,22,22,,5,21,47,28,16,31,31,11,14,18,36,18,4,10,6,45,31,8,3,13,14,15,15,5,17,20,2,7,20,36,21,26,12,9,11,10,33,36,12,9,,14,7,21,20,36,33,20,8,20,12,12,20,67,25,17,11,25,23,32,32,14,29,4,15,11,
20150811,15,PM2.5_24h,78,115,110,76,9,121,128,26,14,103,82,113,102,32,18,24,46,20,20,21,5,19,18,12,17,10,17,14,15,12,10,8,16,18,19,26,22,19,24,20,14,32,18,25,11,27,15,9,67,20,73,14,18,38,16,17,41,20,19,25,26,30,51,22,63,43,45,45,22,55,32,33,66,18,17,19,55,38,24,30,20,28,13,22,115,94,46,42,17,37,36,34,29,17,36,53,15,17,22,28,24,15,27,21,34,27,26,28,29,50,23,70,30,35,14,28,21,36,23,17,11,18,17,11,21,11,68,88,61,34,49,59,23,26,17,40,21,31,23,36,9,36,39,25,56,52,44,64,36,43,40,36,55,63,33,17,18,35,22,24,43,28,19,24,13,31,26,44,27,30,42,38,16,18,21,18,15,20,2,18,17,13,12,15,15,19,30,,34,16,31,,61,49,20,59,39,42,56,21,40,49,30,26,10,38,20,24,17,16,23,15,32,25,13,38,13,19,34,15,39,7,12,16,12,8,18,6,15,19,17,7,11,20,31,17,20,8,13,17,19,17,17,24,21,26,15,10,28,16,31,21,25,67,90,86,52,45,47,34,19,22,31,26,11,22,20,11,17,25,22,20,24,20,17,47,25,20,19,34,34,39,78,47,36,27,38,41,35,17,39,42,38,40,38,57,16,28,24,,22,20,50,37,14,30,20,30,50,19,58,14,8,11,27,33,41,9,6,14,13,14,21,7,14,35,11,11,26,47,19,23,19,29,18,19,45,40,21,24,,19,19,39,24,34,39,42,15,29,25,17,27,40,24,18,17,18,28,50,91,27,19,12,33,15,
20150811,15,PM10,87,76,164,165,35,143,158,42,22,179,75,147,131,48,62,21,37,27,22,43,11,38,22,23,63,17,35,26,,27,16,28,32,22,33,60,22,33,24,39,32,27,16,26,39,42,24,36,145,49,98,25,27,57,35,35,87,46,20,15,18,56,77,41,118,85,53,29,63,98,59,38,,40,26,46,83,47,48,19,24,49,21,45,134,170,59,102,45,80,111,56,89,24,88,88,27,17,28,48,11,20,12,30,65,18,32,67,26,71,55,81,41,38,22,40,24,26,38,38,29,19,27,23,25,26,129,83,102,73,87,89,43,37,42,64,39,29,35,44,13,45,57,41,83,76,64,65,52,64,61,58,52,118,79,34,51,36,35,56,94,78,60,29,36,62,41,84,27,106,52,60,67,29,36,32,41,46,23,39,22,21,25,28,30,16,22,,28,25,41,,72,78,33,94,84,78,52,39,49,70,39,50,31,110,22,35,17,19,16,19,33,25,14,33,12,22,57,21,36,20,27,33,15,,41,47,35,37,40,12,22,31,50,38,36,17,31,22,24,19,20,37,23,36,33,11,29,29,41,19,38,85,139,113,99,64,100,44,36,41,52,45,30,50,29,18,49,31,35,42,32,32,54,48,68,44,30,64,52,69,111,86,83,33,93,,40,49,84,53,48,42,63,69,33,27,37,,23,27,68,50,27,46,74,19,31,34,50,,19,17,,110,21,21,4,65,27,20,24,9,20,74,2,19,20,39,28,45,27,16,31,20,42,45,35,51,,11,26,26,61,51,55,45,19,32,25,21,49,200,87,46,22,45,69,64,206,22,45,39,24,35,
20150811,15,PM10_24h,114,170,194,145,54,206,214,62,49,186,119,163,142,74,75,56,76,48,42,34,10,32,26,20,41,22,34,24,18,24,17,20,25,29,30,46,29,31,37,33,30,45,25,40,25,34,24,23,127,50,117,23,26,50,29,36,58,30,28,32,38,45,103,39,104,88,85,79,63,100,87,70,80,42,30,38,109,52,79,48,45,50,28,39,162,176,75,88,47,70,77,60,68,30,69,88,27,31,38,40,38,25,38,35,56,37,39,52,48,86,56,100,49,72,46,51,49,61,43,40,33,31,36,25,32,23,98,142,90,79,86,92,59,44,33,57,43,50,46,65,21,52,60,39,77,84,81,89,78,51,69,64,75,104,60,38,41,59,45,57,82,62,36,38,28,51,40,71,44,58,60,48,38,29,32,29,42,36,18,35,25,21,19,29,44,35,50,,43,34,54,,124,103,37,79,62,63,84,66,107,78,58,58,52,91,49,53,36,47,49,28,73,46,25,53,23,33,58,25,72,16,24,34,21,28,29,37,36,42,27,13,18,39,40,26,40,19,27,29,34,26,29,40,28,43,35,20,44,23,37,34,32,130,153,111,119,76,89,60,54,42,54,55,22,52,30,22,36,35,39,39,42,36,37,65,71,37,38,52,58,74,110,66,60,45,74,59,71,43,67,58,54,63,54,77,31,38,61,,47,29,82,79,32,45,64,43,98,38,78,14,19,27,38,64,56,26,12,59,25,26,33,29,30,78,14,28,36,65,35,41,50,48,48,37,66,53,35,61,,35,48,43,59,52,60,129,29,48,41,35,49,114,88,54,36,44,90,106,484,49,33,34,36,40,
20150811,15,SO2,7,8,6,97,22,17,17,19,7,11,12,13,13,18,12,7,11,6,4,10,6,10,9,8,33,15,15,9,8,15,9,6,4,7,13,7,10,7,7,2,4,17,4,11,7,8,9,12,28,14,7,9,10,13,8,5,16,6,4,6,8,22,11,5,16,10,13,13,7,11,14,7,4,15,11,10,24,13,10,7,13,67,10,7,20,24,13,28,16,11,17,53,26,9,12,20,14,10,9,12,4,9,3,5,22,9,13,31,11,26,11,24,5,10,12,12,6,10,15,16,12,7,6,16,24,10,19,10,20,24,34,14,9,10,21,1,5,9,9,26,3,10,29,51,14,12,15,8,6,13,24,4,6,3,13,17,9,11,6,3,26,43,8,7,9,6,12,13,5,22,11,15,1,5,18,15,9,9,16,12,6,11,13,12,5,7,9,,5,13,10,,19,54,6,10,47,41,19,11,7,9,14,3,5,5,13,11,9,7,97,5,4,8,3,7,2,10,2,11,5,12,12,12,15,16,8,7,27,25,13,7,7,21,22,9,27,4,16,5,9,9,5,4,4,13,9,9,10,7,10,3,8,29,22,11,14,13,23,7,20,3,21,8,6,10,2,1,12,5,3,7,14,11,6,14,15,27,13,14,8,16,24,9,11,11,46,9,8,33,12,29,6,13,23,16,104,2,23,,12,32,7,29,6,12,24,6,8,9,30,4,12,6,10,69,4,13,5,33,12,14,2,4,8,78,15,5,3,4,11,117,9,9,7,7,5,6,5,3,,8,4,8,12,8,17,23,1,21,15,7,4,6,5,6,18,3,3,11,13,5,7,9,3,3,
20150811,15,SO2_24h,6,8,13,59,25,29,15,20,6,11,31,16,16,20,10,15,13,7,4,9,7,14,13,8,35,12,13,10,10,15,9,6,6,9,9,6,8,7,7,2,4,27,13,10,6,7,8,21,32,16,6,10,11,10,8,4,17,7,9,8,8,19,13,10,14,15,15,19,8,8,14,19,6,5,12,41,36,10,15,10,20,26,13,9,18,26,20,33,28,14,11,44,19,9,15,28,15,10,9,15,5,9,7,5,20,12,11,16,14,33,17,36,10,25,15,18,9,10,19,14,11,7,10,17,29,33,25,18,17,22,47,17,10,10,17,12,9,28,10,33,3,11,30,17,16,22,34,12,7,23,16,3,14,3,9,13,10,10,8,5,30,60,7,10,12,6,16,9,35,18,11,25,2,21,18,10,6,9,16,12,7,10,13,9,8,9,39,,4,13,10,,47,44,6,15,46,19,56,14,3,12,17,4,6,4,30,11,11,12,64,7,21,19,5,8,3,9,3,12,5,9,14,13,13,14,6,7,27,22,14,8,14,31,19,57,39,5,12,5,10,12,7,6,6,26,14,11,18,10,17,8,25,25,27,11,30,13,31,11,27,4,26,10,11,16,2,2,12,8,6,11,27,11,8,63,28,24,14,21,7,18,39,9,12,18,90,11,16,22,18,30,11,22,23,15,14,2,26,,14,26,9,65,9,10,38,7,21,14,53,5,12,8,19,33,17,12,7,13,12,14,5,4,7,26,15,4,5,4,15,33,18,11,8,15,8,8,6,6,,11,10,22,12,7,14,26,2,22,5,6,4,11,14,6,16,4,4,9,15,8,6,10,5,3,
20150811,15,NO2,23,16,10,78,22,23,22,12,11,26,16,16,15,18,12,17,17,17,24,23,16,20,10,13,22,14,17,14,9,8,3,8,8,10,25,28,16,18,6,6,17,15,9,9,23,18,33,13,22,11,19,11,8,56,29,9,54,18,13,39,12,17,22,7,36,41,21,13,12,23,21,17,13,41,16,18,13,13,8,8,10,14,10,10,14,15,13,19,11,16,8,11,17,3,6,6,8,6,12,6,5,4,11,6,26,11,15,20,9,14,8,12,15,8,9,10,6,12,15,39,9,16,9,36,17,5,11,10,13,24,19,11,11,10,11,3,8,8,7,13,7,23,16,15,21,13,13,11,14,9,12,10,29,11,13,8,12,7,11,18,6,17,9,9,12,10,14,27,16,9,4,11,6,11,13,12,7,14,14,13,11,8,9,9,11,18,15,,10,11,6,,20,15,11,5,11,21,11,9,30,13,6,4,6,10,14,9,8,5,5,25,19,14,6,6,7,16,4,15,8,8,14,12,7,4,10,9,19,10,18,6,21,22,23,4,32,20,15,17,7,8,13,16,7,8,13,6,6,4,13,4,9,13,11,12,18,6,9,8,11,9,9,8,10,9,3,3,11,7,5,7,4,10,8,20,5,5,5,15,8,13,14,10,10,2,11,5,6,18,3,16,6,3,11,21,16,10,8,,6,11,14,7,5,30,18,14,4,8,13,10,5,5,5,7,6,3,7,5,8,11,13,2,8,8,2,3,4,14,5,9,15,10,9,7,23,13,7,6,,15,7,14,16,8,6,28,8,7,4,4,12,34,3,24,5,13,6,9,15,14,8,14,7,20,
20150811,15,NO2_24h,38,23,26,64,50,39,43,21,32,44,42,46,41,34,36,42,28,42,35,19,24,24,18,12,29,18,21,18,16,12,4,8,12,25,15,23,15,21,15,5,11,24,17,19,20,22,27,23,43,20,38,14,12,46,33,17,41,18,15,34,20,22,37,17,50,55,39,35,22,35,53,40,20,35,17,20,46,28,27,23,30,39,17,19,38,42,29,46,17,30,19,28,31,8,20,13,12,13,24,16,16,7,15,18,34,17,16,18,16,31,21,31,18,28,20,31,22,30,31,31,17,28,15,34,24,13,29,32,25,32,30,20,29,17,10,7,19,17,11,21,13,38,29,25,33,35,34,35,29,26,20,22,40,24,28,16,22,12,14,14,24,32,14,20,25,21,20,24,18,16,13,22,10,14,20,16,19,19,16,20,18,15,13,13,17,24,51,,18,18,11,,47,43,15,9,32,25,16,18,35,17,31,16,8,8,36,23,26,15,23,26,27,15,23,15,15,19,4,14,8,10,16,18,19,6,11,16,21,18,12,9,20,34,15,8,36,9,18,18,23,14,15,20,12,12,11,10,10,6,20,8,14,34,43,22,54,17,14,20,26,12,16,23,11,14,3,3,17,11,13,12,13,13,14,23,18,9,14,23,13,20,21,23,16,10,24,20,23,23,21,30,20,22,23,35,25,26,13,,26,21,25,29,15,30,31,32,21,13,22,14,9,8,19,16,19,12,12,10,8,13,16,6,11,10,3,7,14,26,8,19,25,21,24,15,43,21,10,23,,23,19,30,17,8,11,41,14,8,12,12,11,38,10,30,8,20,7,13,14,21,11,13,24,17,
20150811,15,O3,290,133,126,183,92,140,213,153,146,227,181,107,168,55,150,115,159,97,65,124,75,109,74,74,125,96,83,100,104,77,74,86,94,109,80,99,137,106,122,105,65,71,64,65,65,82,53,59,187,72,157,82,86,14,74,68,61,55,42,55,74,145,129,107,93,118,88,85,125,122,137,121,75,49,82,69,157,131,178,98,127,143,68,135,172,212,97,153,132,149,146,182,218,77,124,116,95,74,90,101,65,79,74,82,145,57,66,77,58,139,124,175,91,89,64,132,119,134,153,60,55,94,80,45,66,74,113,155,138,154,148,128,108,119,93,144,121,90,104,116,49,112,123,90,89,107,110,135,79,90,73,71,33,102,102,140,154,100,102,85,144,190,128,78,126,147,166,199,202,135,126,146,118,113,117,91,74,63,38,61,122,85,88,71,104,56,52,,114,96,112,,82,172,40,136,92,85,101,96,121,128,128,90,60,111,98,134,91,56,104,51,92,68,89,69,95,50,67,39,38,61,87,72,50,57,64,67,152,53,39,31,29,75,46,46,90,58,80,50,51,49,50,72,43,49,18,62,101,61,65,52,72,124,159,193,153,130,144,145,108,87,85,120,95,61,55,108,129,105,100,88,101,116,90,89,107,69,87,97,112,128,165,145,146,75,178,100,126,101,87,123,105,115,140,160,119,118,116,,49,123,38,90,70,42,91,58,78,64,103,73,51,60,54,107,77,52,54,85,51,34,113,118,104,80,33,94,79,104,98,93,66,79,137,137,117,105,65,62,,117,123,140,161,105,172,134,76,108,150,155,98,87,72,59,73,186,90,110,63,98,72,90,81,68,
20150811,15,O3_24h,291,203,147,189,97,144,237,190,146,236,204,123,168,75,156,130,172,102,76,130,89,111,92,74,125,96,94,105,105,86,76,122,94,109,83,105,137,106,122,106,75,102,104,83,93,82,67,68,225,102,169,83,93,117,87,83,112,93,77,166,80,147,156,136,154,187,110,91,134,139,161,136,77,132,83,70,157,143,191,112,132,145,68,136,180,212,112,167,132,149,159,191,218,78,132,134,113,89,91,114,97,108,115,104,145,123,116,82,88,139,125,184,107,96,70,139,155,153,153,104,60,94,83,58,73,74,118,157,138,154,150,133,112,120,85,144,125,98,153,134,69,142,123,91,115,108,193,144,108,90,86,74,76,106,140,181,154,102,128,105,151,193,128,108,126,151,210,199,211,154,135,156,130,284,128,108,87,81,40,68,125,88,89,90,104,61,101,,122,108,112,,100,172,66,138,93,141,112,100,121,132,128,97,62,125,99,140,92,64,112,51,111,77,96,77,100,74,69,46,45,64,113,77,51,57,74,67,152,78,46,48,29,75,54,50,97,58,94,82,71,51,66,72,43,49,39,62,101,62,65,64,72,159,175,193,154,130,201,145,108,94,93,135,128,62,55,108,147,138,100,98,101,116,104,103,126,70,92,125,150,145,181,178,146,96,179,140,126,133,134,123,111,138,161,162,123,118,135,,50,123,43,104,94,68,107,78,95,86,114,78,75,62,73,113,130,52,64,88,56,46,134,142,123,93,47,100,95,134,98,94,92,85,137,137,117,125,74,124,,120,149,141,185,109,172,134,76,115,150,155,102,118,73,105,85,204,90,110,74,98,72,116,135,116,
20150811,15,O3_8h,171,109,76,115,70,92,120,132,92,154,156,77,112,35,110,95,133,78,40,72,62,82,76,63,69,83,72,88,92,81,66,95,73,66,59,67,53,75,75,72,53,62,68,55,52,49,46,41,124,77,118,62,52,17,52,61,37,52,42,34,60,80,101,87,63,92,56,46,99,60,91,76,50,54,52,38,94,112,147,85,112,106,43,89,140,147,86,120,82,103,112,117,124,62,92,113,76,57,59,73,49,72,58,75,70,62,51,37,40,97,95,110,75,64,51,112,115,75,106,76,49,54,64,38,51,46,75,106,98,93,107,114,74,91,66,112,96,64,78,101,46,74,49,44,44,65,83,84,51,44,53,46,26,52,70,100,122,71,80,94,110,110,89,82,79,108,151,135,108,119,112,116,90,109,79,81,72,50,34,58,100,73,69,66,83,45,54,,91,72,80,,61,118,27,117,59,48,87,87,61,118,96,74,45,104,76,113,65,50,85,34,64,49,85,61,83,52,50,36,30,42,85,59,42,35,53,45,89,43,36,29,26,47,33,34,75,32,71,44,43,39,36,44,29,21,19,43,75,44,37,38,58,100,103,140,101,102,118,103,77,52,57,97,77,47,44,81,67,88,64,61,72,83,74,63,89,60,62,84,100,96,108,106,68,59,83,89,83,58,56,78,71,79,108,80,64,62,86,,33,63,22,69,68,25,75,38,51,45,76,53,38,48,47,68,49,29,29,46,30,30,80,94,87,69,33,52,60,89,64,53,47,59,93,95,57,88,59,77,,80,81,80,138,79,140,92,38,94,94,103,82,54,48,53,59,154,41,61,59,55,38,75,53,54,
20150811,15,O3_8h_24h,174,178,125,207,95,117,191,136,119,208,189,106,136,71,139,112,142,85,65,72,65,82,76,63,69,83,72,88,92,82,66,107,73,66,68,68,63,75,75,72,55,62,75,59,66,53,60,50,164,77,118,62,58,113,73,75,106,75,72,138,81,91,113,87,118,116,89,80,124,113,161,120,74,115,52,38,149,148,147,102,115,116,53,89,166,163,102,120,82,111,114,120,124,62,105,159,80,82,78,76,87,100,95,98,81,82,97,52,77,104,109,158,89,83,57,114,118,123,126,101,55,81,70,40,52,49,82,125,98,98,110,114,74,91,66,112,96,91,145,107,55,118,95,55,93,88,131,112,101,60,75,68,76,91,86,110,126,91,120,101,115,128,72,82,79,108,151,135,114,119,112,135,97,109,79,81,72,50,34,58,100,73,69,66,88,52,54,,110,72,90,,62,152,51,117,89,128,106,89,66,122,114,76,46,120,90,113,74,54,92,34,90,68,85,61,94,79,52,61,43,69,94,59,48,40,57,45,89,48,40,33,26,47,33,42,76,32,72,49,43,46,68,58,30,37,34,49,75,53,48,56,58,119,103,146,101,102,126,111,77,54,72,111,77,50,44,81,67,88,67,61,72,83,88,69,100,60,74,85,121,114,113,113,83,78,87,129,108,91,117,106,94,119,119,130,69,83,125,,33,86,27,87,85,62,96,62,91,58,104,78,38,53,60,94,88,44,43,55,51,44,124,135,110,92,46,92,77,136,80,82,71,79,121,123,76,108,65,109,,98,134,133,174,105,148,128,68,113,105,121,97,110,61,98,80,198,86,84,69,75,58,109,122,108,
20150811,15,CO,1.31,0.93,0.41,5.52,0.43,0.40,1.19,1.05,0.24,1.88,0.98,1.18,1.35,0.56,0.43,0.37,0.66,0.46,0.86,0.61,0.45,0.47,0.37,0.39,1.00,0.18,0.71,0.51,0.41,0.50,0.32,0.27,0.38,0.55,0.65,0.90,0.64,0.34,0.61,0.60,0.59,0.58,0.61,0.63,0.47,0.38,0.33,0.85,1.12,0.32,1.10,0.39,0.42,0.98,0.88,0.74,1.01,0.89,0.77,0.75,0.64,0.65,0.71,0.50,1.18,0.79,0.57,0.73,0.42,0.91,0.81,0.73,0.93,0.77,0.58,0.46,0.96,0.72,0.63,0.91,0.47,0.68,0.53,0.61,1.94,1.52,1.52,1.34,0.33,0.79,0.64,0.68,1.59,0.45,0.70,0.81,0.85,0.66,0.81,0.84,0.52,0.63,0.84,0.80,0.81,0.81,1.05,0.77,1.07,1.27,0.49,1.08,1.52,0.44,0.93,1.05,0.66,0.73,0.62,0.83,0.30,0.41,0.31,0.31,1.44,0.30,1.36,0.79,0.73,1.25,1.01,1.30,0.76,0.54,0.71,0.95,1.00,0.85,0.71,0.79,0.47,0.98,0.55,1.51,0.55,0.47,0.81,0.52,0.51,0.68,1.19,0.65,1.01,0.91,0.62,1.47,0.38,0.29,1.36,2.03,0.83,2.45,0.42,0.53,0.38,0.44,0.33,1.02,0.70,0.66,0.35,0.98,0.80,0.42,0.42,0.47,0.24,0.80,0.30,0.79,0.60,0.31,0.42,0.35,0.31,0.74,0.71,,0.17,0.74,0.84,,1.41,1.25,0.37,2.18,0.93,1.63,0.61,0.39,0.31,0.26,0.33,0.41,0.36,0.76,0.38,0.76,0.34,1.29,0.66,0.86,0.39,0.60,1.64,0.32,0.44,0.37,0.87,0.44,0.27,0.78,,0.33,0.24,0.72,0.46,0.42,0.54,0.45,0.16,0.09,0.30,2.34,1.02,0.50,0.12,0.39,0.17,0.51,1.17,0.77,0.67,0.41,0.34,0.41,1.15,0.37,1.04,0.53,0.65,0.52,0.32,0.31,1.26,1.05,0.88,0.45,0.32,0.33,0.23,1.06,1.04,0.59,0.77,0.63,1.22,0.50,1.01,0.85,1.16,0.73,0.51,0.18,0.74,0.40,0.75,1.06,0.71,0.62,0.68,0.98,1.05,1.00,1.03,1.19,1.12,0.61,0.82,0.36,0.72,0.48,0.66,0.24,0.79,0.82,0.74,0.70,0.45,,0.13,0.94,0.27,0.27,0.31,0.95,0.34,0.21,3.12,0.42,0.68,0.78,0.31,0.15,0.56,0.64,0.48,0.37,0.30,0.05,0.82,0.38,0.73,0.39,0.33,0.86,0.37,0.32,1.33,0.74,0.59,1.02,0.72,0.39,2.73,0.43,1.05,0.42,0.69,0.60,,0.58,1.37,0.47,0.63,0.40,0.41,0.60,0.28,1.27,0.75,0.88,0.63,0.98,0.49,0.83,0.15,0.59,0.63,0.43,0.63,0.88,1.65,0.68,0.47,0.52,
20150811,15,CO_24h,1.26,1.25,0.62,3.65,0.56,0.78,1.19,0.50,0.50,1.73,0.94,1.26,0.57,0.70,0.62,0.62,0.94,0.60,0.85,0.59,0.49,0.58,0.47,0.37,1.18,0.23,0.71,0.58,0.57,0.64,0.32,0.29,0.37,0.67,0.62,0.87,0.62,0.42,0.68,0.59,0.45,0.84,0.68,0.64,0.41,0.50,0.35,0.89,1.21,0.48,1.13,0.43,0.47,1.02,0.85,0.76,0.88,0.98,0.92,0.74,0.69,0.68,0.79,0.69,1.21,1.09,0.80,1.16,0.51,0.95,1.11,1.35,1.21,0.65,0.68,0.55,1.48,0.84,0.99,1.34,0.64,0.76,0.62,0.76,2.01,1.75,1.44,1.46,0.34,0.64,0.40,0.66,1.38,0.53,0.57,0.71,0.83,0.79,0.89,1.05,0.76,0.65,0.83,1.03,0.95,1.15,1.11,0.90,1.16,1.38,0.65,1.28,1.85,0.74,1.19,1.48,0.94,1.17,0.74,0.68,0.42,0.49,0.40,0.32,1.55,0.49,1.91,1.85,0.73,1.53,0.98,1.41,0.84,0.75,0.57,0.18,1.09,0.93,1.02,0.86,0.54,0.99,0.69,1.39,0.79,0.88,1.00,0.73,0.63,1.09,1.22,0.66,1.57,1.01,0.55,2.94,0.38,0.38,1.31,1.75,0.76,2.16,0.27,0.61,0.31,0.46,0.35,0.75,0.45,0.58,0.33,0.90,0.68,0.64,0.44,0.55,0.38,0.84,0.46,0.96,0.68,0.43,0.47,0.43,0.42,0.83,1.34,,0.34,0.84,0.90,,2.17,1.42,0.66,2.23,0.88,1.44,0.71,0.60,0.37,0.32,0.48,0.50,0.62,0.77,0.54,0.87,0.46,1.54,0.80,1.00,0.86,0.62,1.70,0.25,0.53,0.40,0.98,0.46,0.42,0.83,0.05,0.40,0.28,1.29,0.38,0.31,0.74,0.55,0.13,0.09,0.19,0.81,0.56,0.57,0.27,0.42,0.21,0.67,1.50,0.97,0.78,0.91,0.55,0.68,1.25,0.53,1.17,0.65,0.92,0.80,0.31,1.28,1.13,1.12,1.06,0.55,0.79,0.47,0.39,1.31,1.14,0.73,0.80,0.61,1.35,0.50,1.05,0.91,0.72,0.78,0.56,0.29,0.74,0.41,0.85,1.17,0.72,0.74,0.68,1.18,1.12,1.42,0.99,1.31,1.60,0.86,0.88,0.30,0.73,0.60,0.89,0.50,0.83,0.84,0.73,0.90,0.66,,0.63,0.79,0.56,0.54,0.53,1.12,0.52,0.41,1.05,0.69,1.03,0.90,0.48,0.06,0.92,0.53,0.71,0.61,0.48,0.28,0.75,0.42,0.75,0.42,0.35,0.89,0.41,0.38,1.08,0.83,0.63,1.07,0.95,0.54,2.95,0.42,0.57,0.52,0.86,0.41,,0.75,0.91,0.80,0.63,0.35,0.38,0.61,0.36,1.61,0.82,1.00,0.62,0.82,0.66,0.85,0.12,0.60,1.22,0.46,0.27,1.09,1.66,0.64,0.61,0.41,
20150811,16,AQI,134,81,123,104,29,121,140,49,48,128,65,131,99,41,54,35,49,30,21,45,25,44,25,27,55,28,35,29,32,28,24,30,33,35,34,55,44,37,41,42,27,24,17,32,32,52,33,26,133,42,85,25,26,63,36,47,64,36,26,33,25,64,59,43,94,60,52,27,48,81,44,38,70,30,35,44,59,60,70,29,42,46,18,48,116,134,68,76,51,75,91,94,109,32,83,71,30,36,34,27,25,24,23,22,63,27,38,85,26,73,39,88,39,45,20,41,38,58,49,34,29,27,30,28,30,29,111,73,88,70,95,85,46,36,51,49,43,30,33,50,16,47,59,37,70,78,46,73,40,78,59,50,55,80,71,60,48,46,33,44,60,74,61,25,44,53,69,88,34,61,63,70,58,34,33,31,46,44,29,39,37,27,25,21,32,18,24,,30,30,49,,67,69,30,93,68,76,52,39,55,58,42,49,40,69,53,39,27,25,35,17,24,25,23,49,35,53,62,25,50,27,28,30,17,16,46,40,81,49,31,16,30,36,70,40,50,23,30,26,21,25,23,24,24,39,33,20,30,25,46,15,37,65,126,99,88,59,80,48,36,42,50,45,32,50,29,34,44,35,32,44,39,39,49,51,55,41,28,54,54,54,93,79,61,25,78,46,51,50,55,40,50,40,57,75,36,31,41,,19,41,61,40,28,31,51,21,51,27,47,23,17,24,17,82,40,17,19,58,22,23,,38,47,57,10,29,30,41,31,49,58,25,45,42,47,50,44,44,,36,40,45,54,41,60,53,23,36,40,47,49,110,64,47,23,95,54,71,104,33,37,36,29,31,
20150811,16,PM2.5,59,60,93,78,6,92,107,30,6,97,47,100,74,17,17,9,21,12,13,24,4,16,10,16,27,12,14,9,9,7,9,8,22,14,21,36,19,18,16,29,16,10,9,7,14,27,15,9,101,21,63,17,16,45,25,15,43,25,18,23,15,44,32,25,70,37,29,19,19,60,20,15,51,19,18,19,37,43,13,12,9,20,11,23,88,102,49,56,22,55,68,43,63,20,61,52,15,13,15,17,17,13,13,12,45,19,22,33,18,53,17,65,27,25,8,20,6,18,14,14,14,13,19,11,20,9,84,53,65,37,71,63,23,22,21,27,21,21,17,35,7,33,42,24,51,57,22,53,18,57,42,33,39,59,52,11,22,27,20,31,42,54,44,13,20,26,35,56,16,34,45,51,23,18,13,15,6,13,2,16,13,14,15,9,12,10,17,,18,8,34,,47,43,14,69,49,56,35,11,30,41,21,25,6,45,15,15,9,8,4,11,12,10,5,34,6,21,28,11,35,5,13,16,12,10,32,7,27,25,22,11,17,25,51,24,22,12,11,16,8,16,12,11,12,23,9,7,16,15,32,9,26,30,96,74,65,42,59,21,13,26,35,29,13,20,20,12,22,22,16,21,27,19,18,36,30,13,15,32,29,38,69,58,41,11,57,32,32,35,39,28,35,28,39,55,17,18,20,,8,18,35,19,15,21,22,12,16,18,32,15,3,11,7,45,28,6,3,17,12,16,,7,33,20,4,10,20,29,21,24,15,6,10,7,33,35,11,4,,12,9,21,24,28,27,21,5,21,12,16,14,49,26,17,3,19,25,34,41,6,26,6,12,9,
20150811,16,PM2.5_24h,80,113,110,76,9,122,128,26,14,106,82,113,102,31,18,24,45,19,20,21,5,19,18,12,17,10,17,14,15,12,10,8,16,18,19,27,22,19,23,20,15,31,17,24,12,28,15,9,67,21,75,14,18,38,16,17,41,20,18,24,26,31,51,22,64,43,45,44,22,56,32,33,67,15,18,19,55,38,25,30,20,27,13,22,115,95,47,44,17,38,38,35,31,17,37,53,15,16,21,27,24,15,26,20,36,26,25,28,29,52,21,71,31,35,14,28,21,36,23,17,11,18,18,10,21,11,70,88,63,35,51,60,23,26,17,40,21,31,23,36,9,36,40,25,57,53,44,64,36,43,40,36,54,63,34,18,18,35,22,25,43,29,20,24,14,31,27,45,26,30,42,39,17,18,21,18,15,20,2,19,17,13,13,15,15,19,30,,33,16,31,,62,50,21,60,40,42,55,22,40,49,30,26,9,38,20,24,17,16,22,15,32,25,13,39,12,20,34,15,38,6,11,16,12,6,19,6,16,19,17,7,11,21,32,17,20,8,12,17,19,17,17,23,20,26,15,10,28,16,31,21,25,67,91,86,54,45,47,33,18,22,32,26,11,22,20,11,17,25,22,20,24,20,16,47,26,20,19,34,34,39,79,48,37,26,40,41,36,18,40,43,39,40,39,57,16,28,24,,21,20,50,37,15,29,20,30,49,19,58,14,8,11,25,32,41,9,6,14,13,14,,7,15,33,11,11,26,46,19,23,20,29,18,19,45,40,21,23,,19,19,39,24,34,39,41,15,29,25,17,27,41,24,18,16,20,28,50,91,26,20,11,33,15,
20150811,16,PM10,84,93,150,135,29,153,164,39,30,159,62,144,102,41,58,19,37,27,20,45,11,44,17,27,60,15,35,26,,28,17,30,33,23,34,59,23,37,29,42,27,24,15,32,32,53,33,26,141,42,106,24,23,61,36,47,78,28,19,32,22,78,67,43,108,70,53,24,48,98,44,30,,30,35,44,67,56,43,19,25,46,18,48,142,172,55,91,51,86,101,69,102,32,82,80,22,36,34,24,25,21,20,20,74,21,38,119,21,75,29,86,23,45,20,36,20,35,46,34,29,19,30,28,30,29,109,95,106,75,106,94,46,35,52,49,43,26,29,49,12,41,63,37,68,82,46,69,40,56,63,50,60,109,79,27,36,46,33,39,70,78,68,22,42,55,44,84,25,71,54,66,65,27,33,31,46,44,29,39,18,21,24,18,24,15,21,,30,25,43,,84,64,30,92,74,81,53,39,59,54,39,49,40,87,56,31,15,25,8,17,24,22,14,34,35,56,73,25,43,27,13,30,16,15,44,40,56,49,30,14,30,25,,40,50,23,30,26,11,25,23,23,24,39,33,14,28,25,41,15,32,80,135,117,123,65,97,46,36,42,48,45,32,50,26,21,42,35,31,44,37,39,49,46,59,41,25,57,58,54,98,43,72,25,89,,51,42,56,38,43,38,64,69,36,25,41,,19,23,71,40,23,31,52,21,52,27,47,,4,24,9,113,33,16,16,65,22,17,,25,42,63,,28,,41,29,42,66,13,27,18,41,48,44,44,,12,23,23,57,41,59,56,12,36,34,27,49,170,78,47,22,42,58,92,157,17,27,36,18,31,
20150811,16,PM10_24h,115,163,193,145,53,207,213,62,49,191,118,163,142,74,76,56,76,47,43,34,10,33,26,20,43,22,34,24,18,24,18,21,26,28,30,47,29,32,37,33,30,44,25,40,26,36,24,22,125,51,119,23,26,49,29,36,59,29,27,31,37,47,103,39,105,89,85,78,63,101,86,70,83,41,30,38,109,52,80,47,45,51,27,40,163,178,75,91,47,71,79,62,70,30,70,89,27,30,38,39,38,25,36,34,58,35,39,53,47,88,43,101,49,72,46,51,48,61,44,41,33,31,36,25,32,22,100,142,93,80,89,94,59,43,34,57,44,49,45,65,21,52,62,40,79,85,81,88,77,51,69,66,75,104,61,38,41,60,45,57,83,62,39,38,29,52,40,72,43,60,60,49,40,29,32,29,43,37,18,36,25,21,20,29,44,35,49,,42,34,54,,126,96,38,80,63,65,81,66,108,78,58,57,52,91,50,53,35,47,47,27,73,46,24,53,23,35,60,25,72,16,23,33,21,28,31,37,37,42,27,13,19,39,40,27,40,19,27,30,33,26,30,39,28,43,35,20,44,23,37,34,32,130,155,112,123,77,89,59,54,41,55,55,23,52,30,22,36,35,40,39,42,36,37,66,72,38,38,53,58,73,113,66,61,44,77,60,71,43,68,58,55,63,55,77,31,39,61,,46,29,82,78,32,44,64,43,98,37,75,14,18,27,37,63,57,27,12,60,26,26,,29,32,77,13,27,36,63,35,42,52,47,47,37,64,53,35,60,,35,48,42,59,51,60,127,29,48,41,34,49,119,88,53,34,44,82,105,480,47,33,34,34,40,
20150811,16,SO2,6,9,19,43,31,19,18,19,18,10,12,13,12,15,13,5,10,6,4,10,7,10,8,9,30,15,14,9,41,16,9,5,4,7,13,8,10,7,7,3,4,15,4,9,6,8,9,10,24,14,7,9,9,17,6,6,15,6,4,6,9,18,12,6,15,10,13,11,7,10,11,6,77,3,11,13,21,13,10,7,14,22,8,7,15,41,12,22,15,11,14,27,23,9,10,50,13,14,9,9,5,9,4,4,19,10,18,17,10,27,11,24,5,8,8,15,5,9,16,16,11,7,7,15,23,8,16,10,21,23,34,14,8,9,24,3,4,11,9,34,3,10,48,45,12,13,14,7,7,14,20,5,6,3,13,16,9,11,7,2,25,39,8,7,9,5,17,10,6,23,11,14,2,4,16,15,10,8,16,11,30,10,17,9,5,7,8,,4,13,10,,18,40,5,9,43,22,16,11,5,7,13,3,5,4,38,10,7,6,13,7,3,6,2,7,3,9,3,15,5,9,12,10,16,16,9,8,33,21,13,5,9,21,14,10,27,3,10,4,16,10,5,3,6,13,11,10,15,8,9,3,5,29,18,10,12,12,23,9,23,7,20,5,8,11,2,1,14,5,4,6,56,11,6,16,16,33,14,13,10,13,16,9,10,10,42,10,8,23,11,28,5,10,12,14,10,1,20,,12,28,7,23,7,7,21,5,14,12,19,5,12,8,8,33,5,14,7,75,11,14,,4,7,65,15,4,4,4,10,147,11,8,7,7,6,5,5,4,,8,5,5,12,7,16,24,1,18,13,8,12,4,2,6,14,2,3,9,13,5,6,9,4,2,
20150811,16,SO2_24h,6,9,14,60,25,29,15,20,7,11,31,16,16,20,10,15,13,7,4,9,7,14,13,8,35,12,14,10,11,15,9,6,6,9,9,6,8,7,7,2,4,27,13,10,6,7,8,21,31,16,6,10,11,10,8,5,17,7,9,8,8,19,13,10,14,15,15,20,8,8,14,19,9,5,12,41,36,10,15,10,20,25,12,9,19,27,20,33,28,14,12,40,19,9,14,28,15,10,9,15,5,9,7,5,20,11,12,16,14,33,17,35,10,25,14,18,9,10,19,14,11,7,10,17,29,33,25,18,17,23,48,17,10,10,18,12,9,28,10,34,3,11,31,19,16,22,34,12,7,23,16,3,14,3,9,13,10,10,8,5,30,60,7,10,12,6,14,9,35,18,11,25,2,21,18,10,7,9,16,12,8,10,13,9,8,9,38,,4,13,10,,47,44,6,16,46,20,54,14,4,12,17,4,6,4,31,11,11,12,64,7,21,19,5,8,3,9,3,12,5,9,14,13,13,14,7,7,27,22,14,8,14,30,19,54,39,5,13,5,11,12,7,6,5,26,14,11,19,10,17,8,23,25,27,11,30,12,32,11,28,4,26,10,11,14,2,2,13,8,6,11,29,11,8,59,29,25,14,21,7,18,40,9,11,17,92,11,16,22,18,30,11,22,23,14,13,2,25,,14,25,9,64,9,10,38,7,21,14,53,5,12,9,14,33,17,12,7,15,12,14,,4,7,26,15,4,5,4,15,39,18,11,8,14,8,8,5,6,,11,10,22,12,7,14,26,2,22,5,5,4,11,14,6,15,4,4,9,15,8,6,10,4,3,
20150811,16,NO2,21,19,11,41,23,24,21,14,14,22,18,17,14,15,14,19,18,19,24,25,16,23,8,15,20,14,19,15,7,7,3,9,7,11,27,29,17,15,7,8,16,18,14,13,21,20,53,12,21,14,20,13,8,52,29,13,56,23,17,37,15,16,18,5,25,32,20,12,7,22,20,19,15,24,16,19,14,14,7,9,12,10,13,11,16,21,13,20,13,18,9,10,19,3,4,6,6,10,17,7,6,4,12,6,25,12,19,15,8,16,9,12,16,7,11,12,6,13,17,48,11,15,9,33,19,5,11,9,15,18,25,16,12,10,19,4,8,8,6,18,7,20,12,18,12,12,12,12,15,10,12,10,21,11,14,9,16,7,10,13,9,17,9,8,14,8,17,38,13,8,5,10,5,11,14,11,18,14,15,16,11,9,14,7,14,16,22,,10,11,7,,19,13,17,5,8,19,11,9,23,13,7,5,6,8,21,8,8,5,7,28,26,13,7,9,17,18,4,17,13,8,16,11,9,4,12,9,21,11,16,6,18,20,21,4,33,20,16,17,13,8,13,7,7,8,17,7,7,5,14,5,9,14,13,11,24,7,9,8,15,9,12,9,12,11,3,3,11,8,5,11,4,10,16,22,6,7,6,17,13,13,14,10,9,3,11,6,8,13,3,15,4,4,12,23,17,13,7,,6,9,15,7,8,22,17,17,5,8,22,11,5,7,6,5,7,4,8,6,7,11,,5,9,50,2,4,3,11,4,10,22,10,8,6,23,15,7,10,,13,7,7,13,10,5,25,8,8,4,5,9,22,2,20,2,6,3,5,14,10,8,16,5,9,
20150811,16,NO2_24h,38,23,27,63,50,40,42,21,32,44,42,45,41,35,37,43,28,41,35,19,23,24,18,12,29,17,21,18,15,12,3,8,12,24,15,24,16,21,14,6,11,24,17,19,20,22,28,23,42,20,38,14,12,46,33,17,43,18,15,35,20,22,37,17,50,56,39,35,23,35,53,39,20,34,17,20,46,28,27,22,30,39,16,19,37,42,29,46,17,30,19,28,32,8,20,14,12,13,23,16,16,6,15,18,34,17,16,18,16,31,21,32,18,28,20,31,22,29,31,32,17,28,15,34,24,12,30,32,25,32,31,20,29,17,11,7,19,17,11,22,13,37,29,25,32,35,34,35,29,25,20,22,40,24,28,16,22,12,14,14,24,32,13,21,25,21,19,25,18,16,13,21,10,14,19,15,19,19,16,19,18,14,13,13,17,23,49,,18,18,11,,47,43,16,8,32,25,16,18,35,17,31,15,8,8,36,23,26,15,23,26,28,15,23,15,15,19,4,14,8,10,16,18,19,6,11,15,21,18,13,9,20,34,15,8,36,9,18,17,23,14,15,20,12,12,11,10,10,6,20,8,14,34,43,22,54,17,14,20,26,11,16,23,11,14,3,3,17,11,13,12,13,13,13,23,18,9,14,23,13,20,21,23,16,10,24,19,23,22,21,30,20,22,24,35,25,26,13,,25,20,24,28,15,30,31,32,21,13,23,15,9,8,19,16,19,12,12,10,8,13,,6,11,11,3,7,14,26,8,20,24,20,24,15,43,21,10,23,,23,19,29,17,8,11,41,14,8,12,11,11,38,10,31,8,20,7,13,14,21,12,13,24,17,
20150811,16,O3,268,140,117,187,91,135,208,156,155,206,169,89,171,55,157,112,157,97,67,110,81,98,79,74,127,91,80,94,103,83,76,82,104,111,100,106,141,113,130,106,86,56,55,65,58,89,46,68,185,65,158,79,84,20,75,69,55,50,41,74,80,113,110,104,88,127,95,87,119,132,138,123,71,64,84,70,155,128,176,94,135,141,58,141,174,241,96,148,139,147,168,195,218,70,125,124,95,73,88,86,65,78,74,69,139,59,67,46,63,161,126,174,101,85,63,130,121,166,156,55,57,87,82,40,68,73,112,152,146,176,150,120,101,116,87,147,122,89,104,120,51,121,136,94,95,108,118,113,82,103,77,74,68,107,104,168,153,101,100,85,146,169,123,79,142,125,175,190,109,142,128,142,86,109,96,83,67,52,36,60,119,86,81,68,103,57,50,,88,97,112,,87,175,41,140,87,92,99,99,119,141,134,91,63,118,85,125,86,55,111,42,67,81,73,71,85,45,60,32,35,63,90,68,46,52,64,70,185,55,47,36,28,78,43,46,93,55,80,55,51,48,46,78,41,56,20,65,95,53,53,49,75,124,144,199,154,134,138,154,110,97,83,122,96,64,59,108,141,109,101,88,100,113,89,88,105,70,89,87,104,119,145,135,116,77,166,107,119,97,94,109,97,122,151,139,96,98,115,,56,131,34,90,90,40,85,54,82,61,91,72,53,62,54,98,76,54,61,95,48,32,,120,107,81,33,94,96,110,99,89,73,80,144,133,76,97,72,72,,114,129,144,156,103,168,137,74,112,128,150,111,92,68,61,75,196,111,117,63,105,84,88,94,71,
20150811,16,O3_24h,293,173,134,191,97,145,224,190,155,236,202,123,172,73,158,130,173,103,72,130,91,111,92,74,128,96,96,105,106,86,77,122,104,112,100,108,141,113,130,107,86,102,104,83,89,89,67,73,215,102,170,83,95,83,87,83,104,73,59,123,87,147,156,137,154,188,98,90,132,138,155,137,77,120,85,75,158,141,195,112,138,146,68,141,180,241,109,167,139,154,177,195,219,78,133,136,115,90,96,114,83,96,112,100,145,123,103,78,88,161,128,184,107,96,72,139,155,166,157,102,62,94,85,56,74,76,121,157,146,176,151,133,112,120,88,147,125,98,146,136,69,137,136,95,114,111,166,144,99,103,85,75,78,108,104,208,154,107,127,105,151,193,128,108,142,151,210,202,211,154,135,156,130,284,128,108,87,81,40,68,125,88,89,90,105,61,101,,90,108,113,,105,175,65,143,93,132,112,101,121,141,134,97,65,125,99,140,92,64,112,51,111,81,96,77,100,72,69,46,45,65,97,78,51,57,74,70,185,79,49,48,29,78,54,51,97,58,97,82,71,53,66,78,43,56,38,65,105,62,65,60,75,159,175,199,157,134,201,154,110,103,93,132,129,66,59,108,155,142,101,98,104,116,101,94,123,70,94,125,150,145,181,178,146,84,179,140,126,128,134,123,111,138,161,162,123,118,133,,56,131,43,104,95,68,98,78,95,86,106,76,75,62,72,113,130,54,71,95,52,46,,142,123,93,47,100,97,115,99,94,92,85,144,137,119,125,74,124,,120,141,144,180,106,172,137,76,115,150,155,111,110,73,101,85,204,111,117,74,105,84,115,135,116,
20150811,16,O3_8h,200,121,89,136,77,105,142,143,108,175,170,86,129,41,125,105,143,87,47,83,67,90,81,66,82,86,78,92,95,81,69,92,79,76,67,79,67,85,87,80,59,68,69,60,54,56,48,45,143,80,133,69,59,18,58,64,42,54,45,41,66,92,109,95,73,107,66,57,101,74,107,90,56,55,59,44,111,117,162,93,120,116,48,101,153,173,94,136,97,117,128,138,149,67,105,118,85,62,67,78,55,75,63,76,86,72,56,42,46,113,109,129,84,72,56,122,125,95,119,78,52,62,70,38,55,52,87,122,113,111,122,119,84,101,72,121,106,71,84,113,51,87,64,55,55,75,95,93,60,57,57,53,34,65,78,114,128,80,81,92,126,129,101,88,95,120,162,148,116,129,121,131,97,118,88,87,75,55,35,59,106,79,73,72,87,47,59,,82,81,90,,68,134,30,125,68,56,92,92,74,121,107,82,51,107,83,123,72,54,92,35,72,58,86,64,90,53,53,37,35,47,87,63,45,41,57,52,109,46,38,31,26,55,38,36,79,38,75,49,48,41,41,53,32,27,21,48,82,47,43,41,63,112,119,158,118,114,126,116,88,63,66,109,85,52,49,90,82,96,75,69,82,91,78,72,99,63,72,91,104,106,124,119,82,67,103,99,96,68,66,87,83,94,125,94,70,74,99,,36,77,25,79,71,30,78,44,60,51,82,60,44,53,51,77,59,36,35,57,35,32,,100,92,71,33,62,67,92,74,63,55,67,110,106,63,93,62,79,,92,95,96,149,88,152,104,48,98,103,114,89,59,54,53,62,157,53,72,59,63,48,77,56,55,
20150811,16,O3_8h_24h,200,178,125,207,95,117,191,144,119,208,189,106,137,71,141,112,149,87,65,83,68,90,81,66,82,86,78,92,95,82,69,107,79,76,70,79,67,85,87,80,59,68,75,61,68,56,60,51,168,80,133,69,66,113,73,75,106,75,71,138,83,93,114,95,118,120,89,80,124,114,161,120,74,111,59,44,149,148,162,102,120,118,53,101,166,173,102,136,97,118,128,138,149,67,108,154,85,82,78,79,87,102,95,98,89,82,97,52,77,113,111,158,89,83,58,122,125,123,126,101,55,81,71,41,56,53,87,125,113,111,122,119,84,101,72,121,106,91,144,114,55,118,95,57,93,88,131,112,101,60,75,68,76,91,86,115,128,91,120,101,126,129,78,88,95,120,162,148,117,129,121,137,105,118,88,87,75,55,35,59,106,79,73,72,88,51,59,,87,81,91,,68,151,51,125,89,128,106,92,74,124,114,82,51,120,90,123,75,54,96,35,90,68,86,64,94,79,54,60,43,66,94,63,48,41,62,52,109,49,40,32,26,55,38,44,80,38,75,50,48,46,68,58,32,37,34,49,82,53,48,56,63,122,119,158,118,114,130,116,88,63,72,116,85,53,49,90,82,96,75,69,82,91,88,72,108,63,74,91,121,114,124,119,83,78,103,129,108,94,117,106,94,119,125,130,73,83,125,,36,85,28,87,85,62,96,62,91,58,104,78,44,55,60,94,88,44,43,57,51,43,,135,110,92,46,92,77,136,80,82,71,79,121,123,76,108,65,110,,98,134,133,174,105,152,128,68,113,105,121,97,110,61,98,80,198,86,84,69,75,58,109,122,108,
20150811,16,CO,1.15,0.98,0.34,2.74,0.42,0.39,1.07,0.36,0.38,1.55,0.81,1.11,0.37,0.51,0.43,0.36,0.67,0.46,0.82,0.61,0.43,0.49,0.35,0.40,0.96,0.19,0.71,0.48,0.42,0.50,0.33,0.28,0.44,0.54,0.73,0.87,0.64,0.37,0.63,0.66,0.56,0.58,0.62,0.60,0.47,0.41,0.39,0.83,1.08,0.31,1.16,0.39,0.39,0.94,0.89,0.71,0.96,0.92,0.84,0.75,0.68,0.67,0.66,0.49,0.96,0.73,0.52,0.61,0.36,0.89,0.74,0.69,1.34,0.63,0.60,0.49,0.91,0.71,0.56,0.92,0.48,0.58,0.54,0.66,1.93,1.69,1.46,1.35,0.33,0.82,1.05,0.72,1.64,0.47,0.76,0.92,0.79,0.72,0.82,0.82,0.52,0.60,0.88,0.77,0.76,0.85,1.08,0.74,0.88,1.32,0.46,1.01,1.55,0.41,1.51,1.03,0.65,0.77,0.63,0.92,0.34,0.40,0.33,0.29,1.49,0.33,1.24,0.77,0.66,1.44,1.04,1.08,0.76,0.53,0.73,0.94,0.99,0.86,0.68,0.84,0.49,0.98,0.52,1.40,0.56,0.39,0.78,0.48,0.50,0.67,1.14,0.64,1.06,0.88,0.66,0.90,0.38,0.30,1.35,2.04,0.93,2.17,0.43,0.51,0.47,0.34,0.39,1.01,0.46,0.67,0.36,0.79,0.74,0.42,0.38,0.43,0.21,0.80,0.28,0.78,0.59,0.30,0.50,0.35,0.32,0.70,0.73,,0.17,0.75,0.84,,1.24,1.27,0.53,2.23,0.77,1.53,0.59,0.37,0.28,0.20,0.36,0.40,0.55,0.72,0.47,0.71,0.32,1.35,0.75,0.94,0.45,0.57,1.61,0.21,0.49,0.57,0.94,0.45,0.46,0.77,,0.33,0.29,0.73,0.45,0.43,0.63,0.45,0.17,0.10,0.29,2.27,0.97,0.49,0.13,0.38,0.17,0.58,2.08,0.79,0.69,0.25,0.31,0.44,1.24,0.33,1.12,0.50,0.66,0.52,0.31,0.32,0.92,1.07,0.95,0.45,1.19,0.32,0.35,1.08,1.02,0.59,0.84,0.64,1.21,0.49,1.05,0.85,1.12,0.75,0.48,0.17,0.75,0.45,0.77,1.29,0.73,0.65,0.63,0.83,0.88,0.96,0.94,1.20,1.33,0.62,0.69,0.25,0.65,0.38,0.63,0.24,0.78,0.75,0.72,0.67,0.39,,0.24,0.90,0.29,0.26,0.42,0.89,0.27,0.36,2.75,0.45,0.69,0.85,0.28,0.17,0.56,0.46,0.48,0.35,0.57,0.02,0.84,0.39,,0.42,0.35,0.89,0.36,0.33,1.21,0.67,0.56,1.00,0.81,0.36,2.70,0.46,0.59,0.44,0.69,0.29,,0.58,1.55,0.38,0.59,0.44,0.39,0.59,0.27,2.03,0.82,0.93,0.55,0.75,0.44,0.80,0.19,0.58,0.61,0.35,0.56,0.84,1.60,0.71,0.43,0.44,
20150811,16,CO_24h,1.29,1.24,0.62,3.66,0.57,0.78,1.20,0.50,0.49,1.78,0.94,1.28,0.57,0.70,0.62,0.62,0.93,0.60,0.86,0.59,0.49,0.58,0.47,0.37,1.19,0.23,0.71,0.57,0.56,0.64,0.32,0.29,0.38,0.66,0.62,0.87,0.62,0.42,0.68,0.59,0.45,0.83,0.68,0.64,0.41,0.49,0.35,0.88,1.17,0.48,1.15,0.43,0.46,1.01,0.85,0.76,0.89,0.98,0.92,0.74,0.69,0.68,0.79,0.69,1.21,1.09,0.80,1.14,0.51,0.95,1.04,1.34,1.23,0.64,0.68,0.54,1.47,0.84,0.99,1.33,0.64,0.76,0.62,0.76,2.02,1.77,1.46,1.48,0.34,0.65,0.43,0.67,1.40,0.53,0.58,0.72,0.83,0.79,0.89,1.05,0.74,0.64,0.83,1.03,0.95,1.13,1.10,0.90,1.16,1.39,0.64,1.28,1.85,0.74,1.22,1.47,0.93,1.16,0.74,0.69,0.42,0.49,0.40,0.32,1.57,0.48,1.91,1.85,0.74,1.55,0.99,1.40,0.85,0.74,0.58,0.22,1.09,0.93,1.01,0.87,0.54,1.00,0.70,1.39,0.79,0.88,1.00,0.73,0.63,1.08,1.23,0.67,1.56,1.01,0.55,2.85,0.37,0.38,1.32,1.76,0.78,2.20,0.27,0.61,0.32,0.46,0.29,0.77,0.45,0.59,0.34,0.90,0.68,0.63,0.43,0.54,0.38,0.84,0.45,0.95,0.68,0.43,0.47,0.43,0.42,0.82,1.31,,0.34,0.83,0.91,,2.18,1.45,0.67,2.24,0.88,1.45,0.70,0.60,0.38,0.32,0.48,0.49,0.62,0.76,0.54,0.87,0.45,1.54,0.83,0.99,0.86,0.61,1.71,0.24,0.53,0.40,0.99,0.45,0.42,0.82,0.04,0.40,0.28,1.22,0.39,0.32,0.74,0.54,0.13,0.09,0.20,0.90,0.59,0.56,0.27,0.43,0.21,0.67,1.54,0.97,0.78,0.88,0.54,0.67,1.26,0.52,1.17,0.65,0.91,0.79,0.31,1.27,1.14,1.12,1.08,0.54,0.82,0.47,0.39,1.29,1.13,0.73,0.79,0.60,1.34,0.49,1.05,0.91,0.72,0.78,0.56,0.28,0.74,0.42,0.86,1.18,0.72,0.74,0.68,1.17,1.13,1.42,0.99,1.31,1.63,0.85,0.88,0.30,0.72,0.61,0.89,0.50,0.83,0.84,0.73,0.89,0.65,,0.61,0.83,0.56,0.53,0.51,1.12,0.52,0.41,1.15,0.68,1.04,0.90,0.48,0.07,0.91,0.53,0.71,0.61,0.48,0.27,0.76,0.42,,0.43,0.35,0.89,0.40,0.38,1.09,0.80,0.64,1.08,0.95,0.54,2.94,0.42,0.58,0.52,0.84,0.41,,0.74,0.94,0.80,0.63,0.35,0.38,0.60,0.36,1.58,0.82,0.99,0.61,0.83,0.65,0.84,0.12,0.61,1.20,0.46,0.27,1.09,1.66,0.64,0.60,0.41,
20150811,17,AQI,120,74,100,78,29,109,131,50,49,95,55,100,88,43,55,36,51,39,28,45,28,38,25,30,56,27,31,30,41,28,23,32,35,33,42,53,42,36,42,41,32,19,17,44,31,52,41,24,138,47,93,26,26,63,41,41,66,34,27,37,35,40,57,47,74,59,51,27,52,76,46,41,69,23,30,47,55,58,60,31,43,41,17,59,110,156,63,70,51,77,70,95,87,29,89,66,31,33,36,28,36,27,22,18,57,27,53,46,22,90,38,85,36,39,20,40,38,56,51,42,26,25,25,21,29,22,96,75,94,67,108,106,43,37,35,53,52,32,34,47,15,46,61,33,70,63,44,65,50,65,58,53,68,86,70,75,48,56,29,52,63,70,61,27,50,37,59,68,35,54,70,76,49,31,31,24,29,38,16,36,36,26,25,25,38,18,26,,54,28,50,,66,63,33,90,56,76,51,44,56,50,42,49,47,65,29,39,27,30,33,19,23,21,22,56,26,46,54,39,75,18,31,25,21,18,44,36,79,51,31,20,27,32,75,40,43,27,29,35,27,29,16,32,25,47,35,21,34,23,46,17,37,66,121,101,99,61,76,49,37,47,48,45,32,50,24,32,42,32,26,55,42,36,34,49,53,50,27,42,40,64,74,84,54,25,65,41,57,38,53,37,43,39,57,71,35,27,39,,24,38,63,37,25,30,38,31,59,35,51,23,21,21,17,66,40,28,15,58,24,23,,111,61,75,11,31,29,36,32,44,35,26,44,41,55,47,56,38,,36,37,45,56,44,57,55,23,43,43,49,45,134,51,44,26,95,48,59,87,33,30,38,27,23,
20150811,17,PM2.5,57,54,75,57,3,82,100,23,5,71,39,75,65,17,17,9,20,14,13,20,7,15,8,17,27,12,13,10,9,10,11,8,23,15,27,34,21,19,17,28,18,13,10,8,14,27,14,10,105,20,69,15,15,45,23,14,42,24,19,26,21,28,30,24,54,35,29,17,18,54,19,20,50,16,15,22,33,41,11,13,11,23,12,22,83,119,45,51,23,46,51,50,59,16,66,48,15,12,17,15,14,10,11,11,39,17,22,32,15,67,14,63,25,19,5,17,6,21,16,16,10,16,17,12,20,10,72,55,70,36,81,80,24,19,24,34,23,21,17,33,6,32,44,20,51,45,30,47,22,47,41,33,49,64,51,14,14,29,20,35,44,51,44,16,30,14,32,43,14,31,51,56,15,15,13,11,5,12,2,14,14,9,16,7,13,12,18,,19,11,35,,46,40,17,67,40,56,32,11,29,35,21,24,9,41,15,12,9,9,2,12,8,7,7,40,8,32,27,16,55,7,7,10,15,8,28,12,36,15,22,9,6,16,55,22,25,19,12,16,11,15,11,13,8,33,13,9,18,12,32,11,26,30,92,71,74,44,56,23,14,28,33,29,13,19,13,11,21,16,17,24,27,17,18,32,27,16,15,26,26,37,54,62,34,11,47,29,39,20,37,26,30,26,37,52,20,13,17,,10,16,43,21,17,21,19,16,25,17,33,14,3,11,7,39,28,4,3,27,16,16,,27,21,30,6,10,18,25,21,21,16,4,11,7,39,33,12,4,,9,9,21,25,20,31,20,5,30,14,22,10,23,22,20,12,19,20,25,29,6,21,7,5,7,
20150811,17,PM2.5_24h,82,108,109,75,9,123,127,27,14,108,82,114,101,31,18,24,44,19,21,22,5,19,18,12,18,10,17,14,14,12,10,8,17,18,19,28,22,19,23,20,15,30,17,23,12,28,15,10,69,22,76,14,18,38,17,17,41,20,19,24,26,31,51,22,64,44,45,43,23,56,32,33,67,14,18,19,54,38,25,29,20,28,13,23,114,97,47,45,18,39,39,37,33,17,38,53,15,16,21,27,24,13,25,20,37,21,24,28,28,53,22,72,31,35,14,28,20,36,24,17,11,18,18,10,22,11,71,88,65,35,53,62,24,26,17,40,21,31,22,36,9,37,41,26,58,54,45,64,35,43,40,37,54,62,35,17,18,36,22,26,44,31,21,24,15,30,27,46,26,31,42,41,17,18,21,17,15,19,2,19,17,13,13,15,15,18,30,,32,15,32,,63,50,21,61,40,43,54,21,41,50,30,26,10,39,20,24,17,16,21,14,32,25,13,39,12,20,33,15,39,6,11,16,12,6,20,7,17,19,17,8,11,21,33,18,20,8,12,17,19,17,17,23,20,27,15,10,27,16,31,20,25,67,92,86,56,46,47,33,18,23,32,26,11,22,20,11,18,24,23,21,24,19,16,47,27,20,19,34,32,39,80,49,38,25,39,39,36,18,40,43,39,41,39,57,16,27,24,,21,20,50,37,15,28,20,31,49,20,58,14,8,11,24,32,41,9,6,15,13,14,,8,15,33,8,11,26,44,19,24,19,28,18,19,44,39,20,23,,19,19,38,25,33,39,41,15,29,25,17,26,41,24,17,16,21,27,49,86,25,20,11,31,15,
20150811,17,PM10,89,95,129,90,28,150,141,44,37,125,59,116,84,43,59,22,36,39,28,45,12,38,19,30,61,16,31,23,11,28,22,32,35,28,42,55,26,36,34,41,32,15,14,44,31,53,41,24,144,47,121,26,24,60,41,41,82,28,25,37,35,35,64,47,83,67,51,25,54,102,46,41,73,17,30,47,59,56,38,21,31,40,14,68,134,185,54,88,51,103,77,78,123,29,94,75,22,33,36,27,36,21,15,16,64,27,55,39,21,93,29,84,27,39,20,30,24,49,52,42,26,23,24,21,22,19,92,95,106,84,117,109,43,33,35,56,53,32,34,47,12,43,68,33,63,65,44,61,50,43,56,55,80,114,76,28,39,61,29,54,76,75,65,27,50,37,46,63,20,57,60,65,49,26,31,23,29,38,16,36,26,18,24,18,38,16,22,,58,22,44,,81,64,33,91,59,76,52,44,62,40,38,49,47,80,29,22,20,30,12,19,17,21,21,46,26,37,58,39,47,14,25,25,15,18,44,36,56,51,27,20,27,32,56,40,43,,29,35,27,29,15,32,25,44,35,21,34,23,43,17,32,82,121,118,128,70,96,48,37,47,48,45,32,50,24,25,36,30,26,59,42,36,34,49,55,50,24,42,40,78,88,,58,22,68,41,63,38,53,34,37,37,64,65,35,18,36,,24,21,76,37,25,30,38,31,68,35,52,,21,21,12,82,27,28,15,65,24,22,,171,71,99,,31,29,35,32,44,35,8,25,20,46,42,62,38,,20,29,23,62,44,63,60,12,31,33,49,45,217,51,44,26,69,48,67,124,18,,38,9,19,
20150811,17,PM10_24h,115,161,192,144,54,208,207,63,49,193,117,163,140,74,78,56,75,47,43,34,10,33,26,21,44,22,34,24,18,24,18,21,27,28,30,48,29,33,36,33,30,43,24,40,28,37,25,22,124,52,122,24,26,50,29,37,59,28,27,30,37,47,103,40,106,91,84,76,69,102,86,70,84,41,31,39,109,52,79,46,45,50,26,42,162,179,75,93,47,73,79,63,73,30,72,89,27,30,38,39,38,24,34,32,59,31,38,52,47,89,43,102,49,72,46,51,49,60,45,42,34,31,36,25,33,22,101,141,95,81,93,96,59,43,34,57,44,49,43,66,21,52,63,40,80,87,80,88,77,51,69,65,74,104,62,38,41,60,44,57,84,64,41,38,31,51,39,73,42,60,61,50,40,30,32,29,43,37,18,36,25,20,20,27,44,33,49,,41,33,54,,127,97,38,82,64,66,79,66,109,77,59,57,53,90,50,52,35,48,46,26,72,46,24,53,23,34,60,25,72,16,23,33,21,27,32,37,38,42,27,14,19,39,41,28,40,19,28,31,34,26,29,39,28,44,35,20,43,23,37,34,32,131,156,113,126,78,90,59,53,42,55,54,24,52,30,22,36,34,39,40,42,36,36,66,73,39,39,52,56,74,114,65,62,43,76,73,72,42,68,59,55,63,57,77,31,38,60,,46,29,83,77,33,42,63,43,99,38,75,14,18,27,36,64,57,27,13,62,26,26,,35,34,77,12,26,36,60,35,43,51,27,47,36,64,52,36,60,,35,42,41,60,52,60,127,28,47,42,34,49,127,88,52,33,45,75,104,459,46,32,34,33,39,
20150811,17,SO2,4,11,8,27,19,13,17,19,22,9,13,13,11,17,12,5,10,6,4,9,10,11,8,9,29,15,16,10,6,16,33,5,6,7,14,7,9,7,8,4,4,12,5,3,6,8,9,8,23,14,6,9,9,15,8,4,12,5,11,6,9,7,11,7,11,9,11,9,6,9,11,6,4,3,11,28,19,14,10,8,12,14,8,8,12,32,12,21,15,12,15,29,24,8,11,18,13,9,9,9,4,9,4,3,15,10,18,16,9,25,11,24,6,8,9,9,6,10,18,20,9,8,7,13,29,8,17,9,22,23,30,15,10,9,14,3,4,14,8,19,3,10,34,24,11,12,13,28,6,12,19,11,6,3,13,13,10,11,6,2,25,39,7,7,10,4,17,11,96,23,10,14,2,4,16,10,9,9,16,11,22,10,19,6,5,5,8,,5,58,9,,20,26,7,12,30,15,15,8,3,6,13,5,7,4,24,8,5,6,4,7,7,8,3,9,3,7,3,10,5,8,15,10,16,16,9,11,28,15,14,5,22,22,18,13,25,4,10,5,17,10,4,3,6,10,10,12,12,10,6,2,4,25,14,10,15,12,20,9,19,7,20,9,5,11,1,1,16,4,3,7,23,9,13,12,11,29,14,13,6,11,11,9,9,11,55,8,7,25,10,63,3,10,9,30,57,2,38,,13,27,7,38,7,8,23,5,10,10,15,5,13,4,11,19,6,15,5,33,11,16,,3,10,34,15,4,3,5,8,42,45,7,6,6,5,6,7,2,,7,5,7,12,5,15,23,1,16,12,8,8,3,2,4,13,2,3,8,14,5,6,8,3,2,
20150811,17,SO2_24h,6,9,14,60,25,29,15,20,8,11,31,15,15,21,11,15,13,7,4,10,7,14,13,8,36,13,14,10,11,15,10,6,6,9,10,7,8,7,7,2,4,28,12,10,6,7,8,21,30,19,6,10,11,11,8,5,18,7,9,8,8,19,13,10,14,15,15,20,8,8,14,19,9,4,12,41,35,10,15,10,19,24,12,9,18,27,20,33,28,14,12,41,19,9,14,28,15,10,9,15,5,9,7,5,20,11,12,17,14,33,16,35,10,25,14,17,9,10,20,14,11,7,10,17,30,33,25,18,18,23,48,17,10,10,18,11,9,28,10,34,3,11,31,19,16,21,28,13,6,23,17,4,14,3,10,13,10,10,8,5,30,60,7,10,12,6,14,9,38,19,11,24,2,21,18,10,7,9,16,12,9,10,13,9,8,9,38,,4,15,10,,47,44,6,16,46,20,52,14,4,8,17,4,4,4,32,11,10,12,64,7,21,20,5,8,3,9,3,12,5,9,14,12,13,13,7,8,27,21,14,7,15,30,20,53,39,5,13,5,11,12,7,6,5,25,14,11,19,10,17,8,22,24,27,11,30,12,31,11,27,4,26,10,11,14,2,2,13,8,6,11,29,11,8,58,28,25,15,21,7,18,39,9,11,17,143,12,16,22,19,33,11,22,23,14,15,2,26,,14,28,9,63,9,10,38,7,21,14,53,5,12,9,14,34,17,12,7,14,12,14,,4,7,27,15,4,4,4,16,41,19,11,8,14,8,7,5,6,,11,10,22,12,7,14,26,2,21,6,5,4,11,14,6,15,4,4,9,16,7,6,10,4,3,
20150811,17,NO2,19,18,13,41,20,27,19,14,20,21,25,24,19,19,14,20,19,21,25,24,20,29,10,15,22,15,22,15,9,9,3,8,10,16,28,23,19,17,9,11,17,20,14,13,26,25,49,12,22,15,24,12,9,54,42,21,56,31,30,32,19,14,31,7,26,24,17,13,7,24,22,23,19,20,13,25,13,16,7,11,15,12,24,14,19,21,13,21,15,21,10,14,28,4,5,6,6,9,20,8,7,3,11,6,26,17,24,17,7,20,7,13,16,11,12,9,9,16,20,51,13,20,11,36,16,6,12,10,14,17,29,22,15,11,13,3,9,10,7,10,5,17,10,15,12,15,15,12,17,10,12,13,25,12,14,8,14,10,14,20,11,18,12,9,23,9,20,38,14,10,6,10,8,13,14,13,19,14,13,9,13,10,14,6,11,15,22,,13,11,7,,20,12,23,6,7,18,12,9,31,11,7,10,6,7,19,9,8,6,9,26,32,17,10,14,24,28,6,18,18,9,16,12,10,4,14,11,21,13,14,9,23,20,16,5,32,19,14,18,25,13,14,10,9,15,16,9,6,5,15,7,10,15,12,13,29,9,11,11,17,9,14,11,11,11,2,3,11,8,6,13,7,12,28,23,6,8,6,16,11,13,13,11,12,3,13,4,14,12,4,14,5,4,10,33,18,14,8,,9,10,15,6,9,23,27,31,5,13,15,9,7,7,8,5,8,5,14,8,7,11,,5,9,15,2,4,4,13,7,12,24,10,8,7,25,15,7,8,,10,14,10,13,10,5,22,9,8,4,8,20,8,4,14,3,8,2,5,17,9,7,16,7,7,
20150811,17,NO2_24h,38,24,27,64,50,41,42,21,32,44,42,45,42,35,37,43,28,41,35,19,22,24,17,12,29,17,21,18,15,11,3,8,12,24,16,24,16,21,14,6,12,24,17,19,20,22,29,22,42,19,38,14,12,47,34,17,44,19,16,36,19,21,38,16,51,56,39,34,21,36,52,39,20,34,17,20,45,28,27,22,31,39,16,19,37,42,29,46,18,30,19,28,32,8,19,14,12,13,23,15,15,6,14,18,34,12,16,18,16,32,21,32,18,28,20,31,22,29,31,33,17,28,15,35,23,12,29,32,25,32,31,20,28,17,10,7,18,17,11,22,12,37,29,25,32,35,34,35,29,25,19,22,40,24,28,16,22,11,14,14,24,32,13,21,25,21,19,25,18,16,13,20,10,14,18,15,19,18,16,19,17,14,13,13,17,23,46,,18,18,11,,47,43,16,8,32,26,16,18,35,15,31,15,9,8,37,24,26,15,23,26,28,16,23,15,15,19,4,15,9,10,16,17,18,6,11,15,21,17,12,10,20,34,15,8,36,9,18,18,23,14,15,19,12,12,12,10,10,6,20,8,14,34,43,22,55,17,14,20,26,11,17,23,11,14,3,3,17,10,13,12,13,12,14,22,18,9,14,23,13,20,21,23,16,10,30,20,23,22,21,30,20,22,23,35,25,26,13,,24,21,24,28,15,30,31,32,21,13,23,14,9,8,18,16,20,12,13,10,8,13,,6,11,12,3,7,14,25,8,20,25,20,23,15,43,21,10,23,,23,20,29,17,8,11,40,14,8,12,11,12,38,10,31,8,20,7,13,14,20,12,14,24,17,
20150811,17,O3,239,131,107,162,93,125,199,159,157,181,152,89,162,54,157,114,161,95,67,87,90,83,81,71,126,86,71,96,132,77,74,83,101,107,123,90,135,106,133,108,96,53,55,50,58,79,40,69,179,61,156,79,84,24,72,62,42,48,32,81,91,74,94,101,77,140,92,86,133,130,142,130,66,70,88,88,160,130,168,98,137,130,46,119,160,226,91,140,143,138,130,196,179,71,129,99,98,63,96,88,61,87,69,59,120,53,62,52,69,167,121,164,113,88,61,129,122,165,161,56,58,79,79,39,70,71,121,151,155,166,130,135,108,119,100,160,128,88,108,120,47,117,121,78,106,104,120,117,86,106,75,79,73,114,108,180,152,90,91,82,128,145,109,83,125,119,167,174,111,156,125,142,90,99,89,78,65,56,36,68,116,83,80,79,109,59,52,,90,91,116,,93,170,36,147,86,83,97,105,94,144,134,84,59,122,94,126,85,50,107,45,75,66,70,62,74,39,58,26,20,59,100,73,43,48,65,74,183,57,47,33,30,81,22,44,97,60,67,53,45,40,45,84,33,46,20,65,63,52,47,49,73,122,129,201,153,133,150,158,107,89,84,124,93,57,60,103,133,102,83,107,111,107,82,89,103,70,85,79,93,111,119,130,79,80,143,121,112,99,95,112,91,125,152,85,83,86,126,,58,122,29,88,45,33,84,48,84,45,90,74,43,58,53,96,77,56,47,64,50,34,,123,102,78,34,92,78,112,97,81,67,82,141,132,72,109,76,104,,114,118,145,158,106,159,151,74,112,136,139,95,98,61,64,74,196,122,120,54,105,87,95,86,73,
20150811,17,O3_24h,300,168,131,191,98,145,219,190,159,234,200,123,172,71,160,130,177,106,71,130,95,111,92,74,129,96,96,105,137,86,78,122,106,112,123,108,141,113,133,108,96,102,100,83,85,89,67,75,201,102,171,84,95,63,88,82,85,72,59,95,95,147,156,137,153,184,97,91,133,134,154,138,75,117,89,88,160,134,196,112,140,146,68,141,180,241,108,167,143,154,177,199,219,78,136,133,117,84,99,114,66,90,86,96,145,106,83,78,88,167,128,184,113,96,71,139,155,170,162,102,62,94,85,56,75,76,127,157,155,176,152,136,113,120,100,160,130,93,140,136,69,127,136,95,109,112,166,148,90,106,77,79,80,114,108,217,154,107,127,105,151,193,128,108,142,151,180,202,211,156,135,156,130,284,128,108,87,81,40,70,125,88,89,90,110,62,101,,91,108,117,,109,175,61,147,93,120,112,106,121,144,135,97,65,123,100,140,92,64,112,51,111,81,96,77,100,72,69,46,45,65,100,80,51,57,74,74,188,80,49,48,30,81,54,51,103,60,97,82,71,53,63,84,43,56,33,65,105,62,65,58,75,159,175,201,158,134,184,158,110,103,93,131,129,66,60,108,155,142,101,112,107,116,100,94,123,71,94,125,147,145,181,178,146,82,148,141,130,120,128,123,111,132,161,160,125,118,131,,60,131,43,104,93,64,98,78,84,86,103,76,75,62,68,113,125,57,61,95,53,46,,142,116,93,47,100,97,118,99,94,92,87,144,137,119,125,76,124,,120,138,145,178,106,172,151,76,115,150,155,111,106,73,101,85,203,122,120,74,106,87,115,135,116,
20150811,17,O3_8h,222,130,98,152,82,116,162,154,123,191,175,92,140,45,138,111,149,92,53,91,71,95,83,68,94,87,81,95,102,81,71,89,84,85,78,87,81,92,100,88,67,72,70,63,57,62,48,49,159,82,146,74,67,19,62,65,46,56,45,49,72,98,114,102,81,123,75,66,107,84,121,104,61,58,66,53,127,122,172,98,125,124,51,110,164,193,98,145,110,127,137,157,167,70,114,117,93,65,73,83,59,82,65,75,97,66,60,47,54,127,118,144,93,81,60,128,131,113,130,77,55,70,74,39,60,57,98,136,126,129,132,124,93,108,79,130,116,78,90,118,54,99,76,64,67,84,107,102,68,69,61,60,42,77,86,127,140,86,84,91,135,144,110,90,107,127,167,157,120,140,128,141,103,125,96,90,76,59,36,62,112,82,78,77,93,49,63,,87,87,98,,78,146,32,131,76,63,95,96,83,126,116,87,55,111,90,127,77,56,100,36,80,64,85,66,90,53,56,37,36,51,91,67,46,46,60,59,127,49,40,30,27,62,39,38,84,44,78,53,52,43,44,61,34,32,22,52,84,50,46,43,67,122,131,174,133,122,135,127,96,72,74,118,91,56,52,96,96,102,83,80,89,98,80,81,102,66,81,95,106,114,134,129,89,73,100,110,107,78,75,97,93,108,138,102,75,83,110,,40,89,26,87,72,34,80,49,68,56,87,66,49,57,55,86,67,42,39,64,40,33,,106,97,74,34,72,72,94,83,72,60,73,122,116,69,100,66,84,,102,104,111,158,94,160,117,57,102,115,123,94,68,59,53,65,162,66,84,58,72,59,79,61,58,
20150811,17,O3_8h_24h,222,177,125,202,93,119,191,154,125,208,189,106,141,71,144,114,154,92,66,91,72,95,83,68,94,87,81,95,102,82,71,107,84,85,78,87,81,92,100,88,67,72,75,63,66,62,60,53,175,83,146,74,73,113,73,75,93,74,68,138,83,98,116,102,118,127,90,80,124,115,159,120,74,112,66,53,149,148,172,102,125,124,53,110,166,193,102,145,110,127,137,157,167,70,114,151,93,82,80,83,86,102,95,97,97,78,97,52,77,127,118,158,93,84,62,128,131,123,130,100,56,77,74,41,61,57,98,136,126,129,132,124,93,108,79,130,116,91,142,118,55,109,95,64,93,90,131,113,101,69,75,69,76,91,90,127,140,93,120,101,135,144,110,90,107,127,167,157,120,140,128,141,111,125,96,90,76,59,36,62,112,82,78,77,93,51,63,,87,87,98,,78,151,51,131,89,128,106,96,83,129,116,87,55,120,92,127,78,56,100,36,90,68,86,66,92,76,56,56,40,61,94,67,48,46,65,59,127,51,41,33,27,62,39,46,85,44,78,53,52,46,68,61,34,37,34,52,84,53,48,56,67,126,131,174,133,122,136,127,96,72,75,124,91,56,52,96,96,102,83,80,89,98,89,81,112,66,81,95,121,118,134,129,89,78,100,126,108,100,116,106,95,119,138,130,76,85,125,,40,90,30,88,88,62,96,62,91,58,104,78,49,58,60,94,88,44,45,64,51,43,,135,110,92,46,92,77,135,83,82,71,79,122,123,76,109,67,111,,102,134,133,174,105,160,128,68,113,115,123,97,110,61,98,80,198,86,85,69,75,59,109,122,108,
20150811,17,CO,1.05,1.09,0.25,2.30,0.37,2.04,0.97,0.36,0.48,1.23,0.91,1.24,0.36,0.57,0.42,0.36,0.67,0.48,0.86,0.58,0.44,0.54,0.36,0.41,0.98,0.17,0.73,0.50,1.91,0.49,0.32,0.28,0.46,0.55,0.72,0.75,0.65,0.40,0.67,0.69,0.59,0.63,0.95,0.55,0.47,0.41,0.41,0.80,1.04,0.31,1.19,0.39,0.39,0.95,0.93,0.74,0.97,0.99,1.00,0.72,0.73,0.56,0.67,0.48,0.87,0.66,0.49,0.77,0.28,0.90,0.75,0.72,0.62,0.58,0.56,0.58,0.90,0.69,0.50,0.96,0.52,0.55,0.58,0.75,1.88,1.57,1.43,1.32,0.37,0.79,0.47,0.79,1.32,0.48,0.80,0.67,0.80,0.71,0.84,0.87,0.60,0.55,0.79,0.77,0.71,0.87,1.17,0.89,0.80,1.38,0.44,0.97,1.63,0.48,1.07,1.00,0.66,0.80,0.67,1.02,0.31,0.41,0.34,0.30,1.31,0.33,1.10,0.80,0.66,1.46,1.12,1.30,0.79,0.53,0.65,0.99,1.03,0.89,0.68,0.66,0.49,1.01,0.49,0.98,0.55,0.36,0.79,0.47,0.50,0.69,1.09,0.67,1.17,0.94,0.54,0.92,0.37,0.30,1.38,2.10,1.11,1.77,0.43,0.50,0.48,0.35,0.40,0.96,0.45,0.72,0.37,0.76,0.79,0.43,0.40,0.45,0.22,0.82,0.27,0.72,0.66,0.31,0.49,0.32,0.29,0.72,0.73,,0.20,0.75,0.87,,1.17,1.20,0.67,2.33,0.72,1.42,0.59,0.38,0.23,0.19,0.38,0.50,0.51,0.78,0.50,0.68,0.32,1.36,0.83,0.93,0.58,0.62,1.61,0.29,0.56,0.61,1.09,0.51,0.61,0.82,0.02,0.31,0.27,0.74,0.44,0.45,0.62,0.49,0.18,0.09,0.30,2.34,1.01,0.50,0.13,0.38,0.16,0.59,2.08,0.87,0.66,0.38,0.38,0.48,1.30,0.42,1.16,0.47,0.63,0.55,0.30,0.31,0.70,1.08,0.95,1.63,0.54,0.37,0.31,1.11,1.01,0.64,0.71,0.63,1.20,0.48,1.03,0.77,1.16,0.79,0.65,0.18,0.82,0.49,0.74,1.43,0.69,0.68,0.60,0.85,0.73,1.02,0.93,1.24,1.44,0.60,0.68,0.32,0.67,0.37,0.61,0.25,0.77,0.71,0.80,0.62,0.52,,0.16,0.87,0.32,0.29,0.49,0.96,0.45,0.48,0.78,0.48,0.59,0.75,0.29,0.18,0.58,0.40,0.51,0.40,0.50,0.03,0.78,0.43,,0.40,0.35,0.87,0.35,0.33,1.27,0.68,0.58,0.94,0.80,0.36,2.70,0.54,0.64,0.51,0.73,0.32,,0.54,0.67,0.40,0.59,0.46,0.37,0.58,0.28,1.48,0.81,0.97,0.57,0.53,0.49,0.82,0.31,0.64,0.56,0.29,0.34,0.85,1.58,0.62,0.44,0.37,
20150811,17,CO_24h,1.32,1.25,0.61,3.69,0.57,0.85,1.20,0.50,0.48,1.80,0.95,1.29,0.58,0.71,0.62,0.62,0.92,0.60,0.86,0.59,0.49,0.58,0.47,0.37,1.21,0.23,0.71,0.57,0.62,0.63,0.32,0.29,0.39,0.66,0.63,0.87,0.63,0.42,0.68,0.59,0.46,0.82,0.69,0.64,0.41,0.49,0.35,0.88,1.15,0.47,1.16,0.44,0.46,1.01,0.86,0.76,0.91,0.98,0.93,0.74,0.69,0.67,0.79,0.69,1.21,1.09,0.79,1.13,0.46,0.96,1.03,1.34,1.21,0.64,0.67,0.54,1.44,0.84,1.00,1.32,0.64,0.76,0.62,0.76,2.02,1.78,1.46,1.51,0.34,0.66,0.43,0.68,1.36,0.49,0.59,0.73,0.83,0.78,0.89,1.05,0.74,0.59,0.83,1.02,0.95,1.14,1.10,0.90,1.15,1.40,0.65,1.28,1.86,0.72,1.23,1.47,0.93,1.16,0.74,0.70,0.42,0.49,0.40,0.32,1.56,0.47,1.90,1.84,0.75,1.56,1.00,1.41,0.85,0.73,0.59,0.26,1.10,0.93,0.99,0.86,0.54,1.01,0.70,1.38,0.80,0.88,1.01,0.72,0.63,1.07,1.23,0.67,1.54,1.01,0.55,2.75,0.37,0.38,1.33,1.78,0.81,2.23,0.28,0.61,0.33,0.47,0.30,0.79,0.45,0.60,0.34,0.90,0.69,0.63,0.43,0.53,0.38,0.84,0.44,0.94,0.68,0.42,0.47,0.43,0.41,0.82,1.29,,0.33,0.83,0.91,,2.18,1.46,0.68,2.25,0.89,1.47,0.70,0.60,0.39,0.30,0.48,0.49,0.62,0.76,0.54,0.87,0.44,1.54,0.87,0.98,0.87,0.62,1.71,0.24,0.53,0.41,1.00,0.45,0.42,0.82,0.03,0.39,0.28,1.15,0.40,0.33,0.74,0.53,0.13,0.09,0.20,0.99,0.62,0.57,0.26,0.43,0.21,0.67,1.58,0.98,0.78,0.85,0.53,0.66,1.28,0.52,1.17,0.66,0.91,0.78,0.31,1.26,1.14,1.12,1.10,0.60,0.83,0.47,0.39,1.29,1.13,0.74,0.79,0.59,1.34,0.49,1.05,0.90,0.72,0.78,0.57,0.28,0.74,0.43,0.86,1.20,0.71,0.74,0.68,1.16,1.13,1.41,0.99,1.31,2.15,0.80,0.87,0.30,0.72,0.61,0.89,0.49,0.84,0.82,0.74,0.88,0.66,,0.58,0.81,0.55,0.52,0.50,1.12,0.52,0.42,1.16,0.68,1.04,0.90,0.48,0.07,0.89,0.53,0.71,0.61,0.49,0.27,0.76,0.42,,0.43,0.36,0.89,0.40,0.38,1.10,0.77,0.64,1.09,0.95,0.54,2.94,0.42,0.59,0.53,0.83,0.41,,0.74,0.95,0.79,0.63,0.36,0.38,0.60,0.37,1.53,0.83,0.99,0.61,0.83,0.63,0.84,0.14,0.62,1.17,0.46,0.27,1.09,1.66,0.64,0.60,0.42,
20150811,18,AQI,103,79,93,69,27,121,126,49,53,74,64,128,88,48,54,37,47,48,25,41,20,40,23,,55,27,40,28,28,28,31,32,37,32,40,51,33,40,37,43,36,31,16,23,34,46,31,26,138,43,101,29,27,61,41,38,56,33,40,43,51,40,65,51,68,59,43,30,45,76,47,40,60,24,29,53,54,59,63,30,50,40,41,55,101,160,58,74,51,59,57,73,94,33,83,58,31,30,51,31,20,31,21,22,51,51,20,44,21,113,39,79,42,51,18,39,35,43,51,51,31,33,31,32,31,23,93,75,96,65,106,134,51,39,37,53,48,37,35,41,14,49,61,29,66,55,51,59,54,58,53,62,74,94,69,84,47,52,35,49,61,64,51,27,51,47,59,54,35,58,68,86,40,28,36,23,38,27,16,33,37,24,29,22,33,23,26,,38,44,50,,74,50,38,98,48,88,62,45,49,46,40,60,26,73,35,37,25,23,29,19,19,25,23,60,44,34,66,27,55,21,25,23,18,21,44,39,57,53,31,17,22,46,79,41,46,20,33,30,42,23,14,39,29,49,44,29,42,25,41,20,30,69,108,104,103,61,94,49,42,51,53,55,30,45,27,30,69,32,33,58,44,34,43,56,51,45,30,52,40,49,63,78,56,25,70,44,65,37,54,43,43,47,55,51,48,27,45,46,41,34,67,33,28,36,38,29,52,26,37,21,11,18,29,53,43,23,38,57,23,24,,52,61,127,12,38,26,40,43,36,73,27,42,42,59,49,28,65,,35,42,43,51,44,56,45,23,53,48,46,26,74,50,49,23,96,38,60,110,33,28,33,27,23,
20150811,18,PM2.5,53,55,69,50,6,92,96,23,7,54,41,97,65,19,17,10,17,13,15,16,9,14,8,,25,15,17,11,10,13,12,9,23,16,26,31,23,19,18,29,19,19,10,8,15,28,14,9,105,14,76,14,16,44,22,14,40,23,24,30,27,28,32,22,49,36,22,17,14,54,18,16,43,11,16,24,30,42,11,15,13,24,15,21,76,122,41,54,26,39,35,53,62,21,61,41,15,13,22,22,14,11,13,12,36,25,14,31,15,85,19,58,24,25,5,15,6,21,18,19,5,23,16,13,22,12,69,55,72,40,80,102,29,24,26,31,29,21,15,25,6,34,44,15,48,36,34,42,24,41,37,37,54,70,50,10,14,26,23,34,36,46,34,18,30,18,31,38,11,38,49,64,16,11,15,10,8,14,2,12,13,7,11,5,13,16,18,,23,11,35,,52,33,17,73,32,65,37,10,30,32,24,28,8,44,15,12,9,10,4,9,11,8,9,41,13,19,33,14,28,9,11,9,11,8,31,11,38,26,22,12,13,32,58,26,26,8,16,15,15,16,10,18,9,34,12,11,24,16,29,14,21,35,81,78,77,40,70,25,21,25,37,32,15,17,14,13,24,16,20,24,29,16,26,36,27,20,17,25,28,32,39,57,40,15,51,30,46,21,37,30,30,33,35,36,25,10,18,,18,16,43,20,17,25,13,15,21,18,26,15,2,11,8,28,30,4,10,12,14,13,,9,26,36,4,13,18,21,24,25,30,5,10,9,42,34,14,47,,11,10,25,21,12,37,14,6,37,16,26,11,16,20,17,4,22,11,25,32,9,15,19,5,8,
20150811,18,PM2.5_24h,83,105,109,75,9,124,126,27,14,108,81,116,100,31,19,24,43,19,20,21,5,19,18,,19,11,17,14,14,12,10,8,17,18,19,28,22,19,23,20,15,29,16,23,13,28,15,10,71,21,78,15,18,39,17,16,41,20,19,24,26,31,51,22,64,45,44,42,23,57,31,33,68,14,18,20,54,38,25,29,20,28,13,23,112,99,47,46,18,39,38,38,35,18,39,52,16,16,21,27,24,13,24,19,38,21,23,27,27,55,24,72,31,35,14,28,20,35,24,17,11,19,18,10,22,11,73,87,67,36,55,65,25,26,18,40,22,31,22,36,9,37,41,26,59,55,46,63,35,44,40,37,54,63,36,17,18,36,21,27,45,32,22,23,15,31,27,46,25,31,43,43,17,18,20,17,15,19,2,19,17,13,13,15,15,17,29,,27,15,32,,63,51,21,63,41,45,53,21,41,49,30,26,10,39,20,24,17,16,21,14,31,25,13,39,12,19,33,15,30,6,11,15,12,6,21,7,18,20,17,8,11,22,34,18,20,8,13,17,19,17,17,23,20,28,15,10,27,16,32,20,25,66,93,86,58,46,49,32,18,23,33,27,11,22,20,11,18,24,23,21,25,19,17,47,27,20,19,34,31,39,80,50,38,25,40,39,38,19,41,43,40,41,40,56,17,27,24,24,20,20,50,36,15,28,20,31,49,20,57,14,8,11,23,32,40,9,6,14,13,14,,8,16,33,8,11,26,42,19,24,20,28,18,19,44,39,20,23,,19,19,38,25,33,39,40,15,29,24,17,26,41,24,18,16,22,27,48,75,24,20,11,30,15,
20150811,18,PM10,89,107,117,76,27,136,147,45,46,90,78,127,99,48,57,22,34,48,25,41,13,40,20,,60,22,40,23,9,28,24,32,37,28,40,51,31,40,36,43,36,31,15,23,34,46,31,26,141,43,128,29,27,62,41,38,55,31,40,38,51,32,79,51,75,67,43,30,30,101,47,39,,15,29,55,57,55,40,25,50,40,41,60,124,188,61,76,52,67,64,94,137,33,89,60,22,30,52,30,19,24,16,22,41,52,20,42,20,121,39,77,41,52,18,30,25,43,52,51,31,32,31,32,20,18,98,88,106,79,96,129,52,38,34,55,48,37,35,41,14,46,70,29,67,59,52,54,58,,54,74,82,133,84,20,27,54,35,46,71,67,52,27,51,47,42,55,20,66,62,72,27,25,36,22,38,27,16,33,24,16,29,17,30,19,22,,38,24,43,,97,47,38,97,48,70,73,45,49,46,38,70,26,96,35,28,20,23,15,19,19,25,11,69,44,34,81,27,59,21,17,23,18,21,42,39,63,56,29,16,22,36,83,41,46,20,33,30,42,19,12,39,29,41,44,29,42,25,36,20,29,87,108,120,138,71,111,37,42,52,52,59,30,45,27,27,88,28,33,66,44,34,43,61,51,45,30,53,29,49,75,50,50,23,80,44,79,37,57,38,37,43,59,38,48,15,45,46,41,21,83,33,28,36,38,29,54,26,37,18,4,14,29,56,31,23,38,64,23,24,,53,72,204,6,38,26,40,43,34,96,15,31,20,49,40,28,,,21,42,30,51,44,61,43,13,,48,46,26,98,50,49,19,118,35,70,170,22,,23,12,21,
20150811,18,PM10_24h,118,160,190,145,54,206,207,63,50,195,117,164,140,74,79,57,75,48,43,34,10,33,26,,45,21,35,24,18,25,18,22,28,28,31,48,29,33,36,33,30,42,23,39,29,37,26,23,125,51,125,25,27,50,30,37,58,28,28,30,38,47,104,41,105,92,81,75,68,103,85,69,86,39,31,40,108,52,79,46,46,50,27,43,161,183,75,94,47,73,80,66,77,31,73,89,27,30,39,39,37,24,34,31,59,31,36,51,46,92,58,103,50,73,46,51,49,60,46,42,34,31,36,25,32,21,103,141,98,81,95,100,59,42,35,57,45,49,42,65,21,52,64,40,80,87,81,87,77,52,68,66,74,106,63,38,41,61,44,58,85,65,41,37,32,52,39,73,41,61,62,51,40,29,32,29,43,37,18,36,26,19,21,28,44,32,48,,41,32,54,,127,98,38,84,64,67,78,66,110,77,59,58,53,91,50,52,35,47,45,25,72,46,24,53,24,33,61,25,46,16,23,33,22,27,33,37,40,43,28,13,19,40,42,30,41,20,28,30,35,26,29,40,28,44,36,20,44,24,37,33,32,131,156,113,129,79,92,59,53,42,56,54,24,52,30,23,37,33,39,41,42,36,36,66,72,40,39,52,53,73,115,65,62,42,78,72,74,42,68,59,55,63,57,76,32,38,60,29,46,28,83,75,33,42,63,43,99,37,74,14,18,27,36,64,57,28,13,63,27,26,,36,36,82,12,26,36,57,36,43,53,29,47,36,63,52,35,60,,34,42,40,61,52,60,125,28,47,42,35,47,128,88,53,32,49,69,103,433,44,33,34,31,38,
20150811,18,SO2,3,12,5,35,18,14,16,18,27,9,11,14,12,14,13,6,9,6,4,10,8,14,7,,26,16,16,9,6,15,11,6,7,7,14,28,10,6,8,4,4,15,6,3,7,8,9,8,22,13,6,9,10,11,8,5,14,5,14,6,9,7,12,5,9,8,10,8,7,9,10,6,3,3,11,29,17,14,10,8,11,13,13,10,11,23,12,28,19,12,18,37,24,8,10,18,12,8,11,10,4,10,5,3,15,16,9,11,11,20,44,22,21,10,12,9,7,9,23,22,9,9,7,19,34,9,18,8,22,25,35,16,12,10,15,1,4,12,8,12,3,10,25,9,10,12,17,5,5,12,17,6,6,3,16,17,10,10,12,3,23,44,7,8,11,4,18,6,85,22,11,12,2,5,16,11,5,9,16,10,8,9,14,6,3,4,8,,4,13,9,,21,24,6,13,33,11,11,8,1,10,14,8,6,4,23,9,4,7,6,7,5,13,4,42,3,6,3,11,6,5,15,12,16,17,9,8,27,19,14,5,21,21,16,10,22,3,9,6,13,10,5,3,5,9,10,13,15,12,7,2,6,24,13,9,18,13,67,8,18,6,20,5,3,10,2,1,18,6,3,6,10,11,15,10,14,31,16,13,4,10,54,9,10,12,96,8,9,22,12,27,3,12,12,7,35,2,43,7,21,24,23,36,8,8,24,5,5,13,18,5,13,5,17,7,6,15,3,21,12,17,,4,6,23,15,4,3,5,10,34,81,8,7,6,7,2,7,3,,7,5,7,13,4,14,24,1,12,11,8,4,3,2,3,16,2,3,8,14,5,5,7,4,1,
20150811,18,SO2_24h,6,9,14,61,25,29,15,20,9,11,30,15,15,21,11,15,13,7,4,10,7,15,13,,37,13,14,11,11,15,10,6,6,9,10,8,9,7,7,2,4,28,12,10,6,7,8,21,29,16,6,10,11,11,8,5,18,7,10,8,8,19,13,10,15,15,14,20,8,8,14,19,9,4,12,42,35,10,16,9,19,24,13,9,18,28,19,34,28,14,12,42,19,9,14,28,15,10,9,15,5,9,7,5,20,11,12,17,14,33,19,34,11,25,14,17,9,10,20,14,11,7,10,17,29,33,26,18,18,23,49,17,10,11,18,11,9,27,10,34,3,11,30,18,15,22,28,12,6,23,17,4,14,3,10,13,10,11,8,5,30,60,7,10,11,6,14,9,41,19,11,24,2,21,18,10,7,9,16,12,9,10,13,10,8,8,37,,4,15,10,,48,45,6,16,46,20,51,14,4,12,17,4,4,4,32,11,10,11,65,7,21,20,5,8,3,9,3,12,5,9,14,12,13,13,7,7,28,21,14,7,15,30,20,50,39,5,12,5,11,12,7,5,5,24,14,11,18,11,17,8,22,25,27,11,30,13,28,11,27,4,26,10,10,13,2,2,13,8,6,11,29,11,8,57,28,25,15,21,7,18,41,9,11,17,144,11,16,22,19,34,11,22,24,14,17,2,27,5,14,27,9,59,9,10,38,7,21,14,53,5,12,9,14,34,17,12,7,13,12,14,,4,7,26,15,4,4,4,16,42,22,11,8,14,8,7,6,6,,11,10,22,13,7,14,26,2,21,6,6,4,11,14,6,15,4,4,9,15,7,6,10,4,3,
20150811,18,NO2,22,22,11,64,22,28,23,16,24,25,40,98,18,22,18,21,21,25,32,29,23,35,8,,25,15,20,18,12,10,4,10,12,17,36,34,27,48,13,13,21,24,22,18,24,32,46,16,29,16,28,16,11,59,45,21,63,32,38,37,23,25,32,11,26,27,23,16,9,27,22,21,18,16,15,30,14,22,11,18,16,19,48,23,20,20,14,29,19,23,12,23,36,6,7,9,8,13,23,12,8,4,12,8,29,23,20,10,8,21,9,22,19,10,15,14,13,17,26,50,13,25,12,40,16,5,18,11,16,18,34,35,17,13,11,1,10,12,8,10,6,22,10,13,16,18,17,17,16,11,14,15,33,14,15,9,17,11,15,28,11,21,17,8,44,14,23,17,17,15,9,11,11,16,18,18,6,18,13,12,14,10,11,6,15,21,27,,15,13,9,,22,15,15,8,9,18,12,9,26,45,7,15,5,9,29,12,11,7,16,29,28,20,11,21,19,22,7,28,21,22,12,14,11,7,17,16,27,14,13,10,27,28,18,8,32,19,13,21,24,15,18,13,9,15,20,12,9,6,18,10,12,19,15,14,38,21,12,15,18,11,13,14,13,12,2,3,12,10,7,14,7,13,27,23,8,9,11,17,10,14,30,18,16,4,14,4,31,17,6,17,8,6,12,30,22,17,9,7,13,13,24,12,14,29,31,22,6,15,15,24,21,8,14,10,8,6,12,6,8,11,,7,12,14,3,4,4,16,14,19,32,11,11,6,29,17,9,4,,11,11,22,13,12,4,22,9,9,7,11,24,14,6,17,3,8,2,6,13,11,7,15,9,9,
20150811,18,NO2_24h,39,24,26,65,50,41,42,21,32,44,43,47,42,35,37,43,28,40,36,19,22,24,17,,30,17,20,18,14,11,3,8,12,23,17,24,16,21,14,6,12,23,17,19,21,23,30,22,42,20,38,14,12,47,34,17,45,19,17,37,20,21,38,16,51,56,38,33,21,36,52,39,21,34,17,21,44,28,27,22,31,39,18,19,37,42,29,46,18,30,19,28,33,8,19,13,12,13,23,15,15,6,14,18,34,13,16,18,15,31,21,32,18,28,20,31,22,29,32,34,17,27,15,35,22,11,30,32,25,32,32,21,27,16,10,7,18,16,11,22,12,37,29,24,32,35,34,35,29,24,19,22,40,24,28,16,22,11,14,15,24,32,13,20,26,21,19,25,18,16,12,19,10,14,17,14,18,17,16,18,17,13,13,13,16,22,42,,18,18,11,,47,43,16,9,32,26,15,18,35,17,31,15,8,8,37,24,26,15,23,26,29,17,23,15,16,19,4,15,7,10,16,18,19,6,12,15,21,16,12,9,20,33,15,8,36,9,17,18,23,14,15,19,11,12,12,10,10,7,20,9,14,35,44,22,55,17,14,20,26,12,16,23,10,14,3,3,17,10,13,12,12,12,14,22,17,9,14,23,13,20,21,23,16,10,30,19,24,22,21,30,20,22,23,36,25,26,13,12,23,21,24,27,15,30,31,32,20,13,23,15,10,8,18,16,20,12,13,9,8,13,,6,10,12,3,7,13,25,8,20,26,20,23,15,43,21,10,23,,23,20,28,17,8,11,40,14,8,12,11,12,38,10,31,8,20,7,13,14,20,11,14,24,17,
20150811,18,O3,206,119,104,137,87,108,181,157,162,170,126,71,139,56,156,118,150,88,61,73,64,74,72,,119,85,77,89,88,72,99,79,94,102,111,61,106,60,117,103,97,46,50,39,55,58,42,65,157,49,148,76,81,26,68,58,38,47,26,74,91,56,98,84,71,145,81,78,145,126,132,129,64,77,88,82,160,125,170,97,129,116,22,103,163,198,89,122,137,135,120,160,164,71,127,102,100,54,100,84,58,98,66,55,113,47,55,46,62,168,99,136,135,100,57,126,113,132,158,60,59,66,75,40,71,72,119,141,156,161,124,129,109,124,89,160,129,88,103,105,40,111,107,57,95,104,133,89,74,103,73,83,61,118,111,187,150,87,93,74,118,133,92,81,63,118,167,152,111,156,124,128,129,88,80,72,70,54,34,64,118,76,80,69,105,52,50,,97,142,111,,99,160,36,154,85,81,94,98,88,104,129,78,58,120,83,119,81,50,94,37,62,54,75,48,79,39,48,18,4,42,80,64,42,40,64,71,164,58,48,30,30,81,19,45,98,62,77,49,40,28,41,80,35,43,15,59,60,52,39,47,73,116,120,197,159,127,144,157,101,66,87,129,82,54,59,97,129,102,47,85,102,94,78,89,99,70,73,79,96,90,74,90,74,80,151,134,86,92,96,117,89,133,163,68,93,87,125,96,53,109,29,90,79,27,80,54,76,50,90,55,32,59,52,70,75,48,36,63,52,40,,128,96,77,37,87,66,108,84,76,70,85,134,135,72,92,74,69,,113,123,139,159,102,143,143,75,108,133,120,70,81,58,67,73,197,123,124,58,104,90,107,86,73,
20150811,18,O3_24h,300,167,131,191,97,145,219,190,163,234,200,121,172,68,161,131,177,107,72,130,93,111,92,,129,96,96,105,137,86,101,122,106,112,125,108,141,113,133,108,99,102,100,83,85,89,66,75,199,102,171,84,95,57,90,79,81,70,59,86,97,147,156,137,143,185,95,91,148,136,154,138,75,114,89,88,161,135,196,113,141,146,68,141,178,241,108,167,144,154,177,199,219,78,136,129,117,78,102,114,66,98,81,96,145,106,80,78,85,170,125,178,135,100,69,139,155,170,162,102,64,94,85,57,79,77,129,157,156,176,152,136,115,124,101,160,130,93,140,136,69,127,136,95,106,112,166,148,88,106,77,84,79,118,111,224,154,107,125,105,151,193,128,108,142,151,180,202,211,157,135,156,130,284,128,108,87,81,40,70,125,88,89,90,110,62,101,,97,155,117,,113,175,51,154,93,107,112,106,121,143,135,97,65,122,100,140,92,64,112,51,111,81,96,77,100,70,69,46,48,65,100,80,51,57,75,74,188,80,49,48,31,82,54,52,104,62,102,82,71,53,61,84,43,56,31,65,105,62,65,54,75,159,175,201,160,134,184,159,110,103,93,134,129,66,60,108,155,142,101,112,107,116,100,96,123,72,94,125,136,143,181,178,146,82,151,141,130,120,115,123,111,134,165,160,130,118,127,96,60,131,44,104,93,61,98,78,84,86,103,76,75,62,66,113,121,57,61,95,54,45,,134,111,90,46,94,96,113,99,94,92,88,144,137,119,125,76,129,,120,138,145,174,106,172,151,76,114,150,155,111,106,73,100,85,199,123,124,74,106,90,108,135,116,
20150811,18,O3_8h,235,134,105,161,86,123,176,164,135,197,172,93,147,49,147,116,152,94,57,96,72,96,82,,103,89,83,96,102,79,76,87,89,93,85,90,90,93,110,95,74,73,69,64,59,65,49,52,169,76,153,77,73,19,66,66,48,56,43,53,78,100,118,104,86,135,82,73,116,100,129,115,64,61,74,61,139,124,176,101,126,128,49,117,169,204,99,148,120,134,142,167,177,72,120,115,99,65,79,87,62,85,66,75,107,62,62,50,59,137,116,152,102,89,62,132,130,124,139,74,56,75,76,40,62,62,107,145,136,142,136,127,101,114,83,138,122,83,94,119,53,109,86,67,78,90,116,107,72,80,65,65,49,89,93,142,147,88,89,89,139,154,113,89,108,131,170,162,120,146,129,143,102,103,100,91,77,62,36,63,118,82,82,78,97,50,64,,90,94,103,,82,154,35,137,79,69,96,98,89,122,122,88,58,114,91,127,81,56,104,39,85,67,84,65,89,51,57,35,35,51,89,68,47,49,62,64,140,51,41,31,28,68,37,40,87,50,81,57,53,43,45,68,36,36,21,55,83,53,49,46,69,128,138,185,143,126,140,137,101,76,82,122,94,58,54,99,108,105,85,85,93,101,82,86,104,68,85,96,108,117,135,132,95,77,117,121,107,86,83,106,99,120,146,107,81,92,118,61,46,100,28,92,74,36,82,54,74,60,90,68,52,59,56,90,74,46,42,70,45,35,,113,99,77,35,79,75,97,90,80,65,77,130,125,72,102,70,84,,109,113,123,162,99,160,128,64,105,124,128,94,75,62,56,69,169,80,98,58,83,70,86,69,62,
20150811,18,O3_8h_24h,235,171,125,191,95,123,191,164,135,210,188,105,147,71,150,117,156,94,67,96,73,96,83,,103,89,83,96,102,82,76,107,89,93,85,90,90,93,110,95,74,73,75,64,67,65,60,56,180,81,153,77,79,112,74,74,92,73,64,135,83,100,118,104,118,135,94,80,124,115,154,122,74,113,74,61,148,145,176,101,127,128,53,117,169,204,102,148,120,134,142,167,177,72,120,147,99,81,81,87,83,102,95,94,107,76,95,52,77,137,116,158,102,89,63,132,131,125,139,94,57,76,76,41,64,62,107,145,136,142,136,127,101,114,83,138,122,91,137,119,55,113,95,68,93,92,131,116,101,80,75,70,76,91,94,142,147,94,120,101,139,154,113,90,108,131,170,162,120,146,129,143,111,126,100,91,77,62,36,63,118,82,82,78,97,51,64,,90,96,103,,84,155,51,137,89,127,106,98,89,125,122,88,58,120,92,127,81,56,104,39,89,67,86,66,90,72,57,50,39,55,94,68,48,49,67,64,140,53,41,33,28,68,39,48,88,50,81,57,53,44,66,68,36,37,33,55,84,53,49,56,69,129,138,185,143,126,141,137,101,77,82,127,94,58,54,99,108,105,85,85,93,101,89,86,114,68,85,96,122,120,136,132,95,78,117,128,108,108,116,106,99,120,146,130,82,92,125,89,46,100,32,92,89,62,96,62,90,60,104,77,52,60,60,95,88,46,46,70,51,40,,135,110,92,46,92,78,130,90,80,72,79,130,125,77,109,70,111,,109,134,133,174,105,160,128,68,113,124,128,97,110,62,98,80,198,86,98,69,83,70,109,122,108,
20150811,18,CO,0.96,1.04,0.25,3.30,0.38,0.38,0.96,0.38,0.62,1.10,0.97,1.14,0.36,0.56,0.42,0.37,0.62,0.52,1.10,0.64,0.43,0.59,0.37,,0.93,0.18,0.71,0.53,0.39,0.52,0.51,0.30,0.42,0.56,0.76,0.80,0.67,0.60,0.70,0.77,0.63,0.73,0.70,0.58,0.69,0.48,0.42,0.87,1.07,0.32,1.16,0.40,0.40,0.99,0.93,0.74,0.99,1.04,1.13,0.75,0.78,0.78,0.70,0.47,0.87,0.65,0.54,0.61,0.32,0.91,0.78,0.83,0.60,0.54,0.57,0.68,0.89,0.70,0.51,1.07,0.52,0.57,0.81,1.17,1.91,1.56,1.41,1.27,0.41,0.73,0.46,0.86,1.31,0.51,0.82,0.68,0.82,0.84,0.89,1.00,0.58,0.59,0.85,0.86,0.72,1.40,1.12,0.82,0.79,1.43,0.51,0.90,2.38,0.60,1.08,1.02,0.68,0.81,0.68,1.01,0.35,0.53,0.36,0.34,1.21,0.32,1.23,0.83,0.68,1.63,1.10,1.55,0.82,0.56,0.64,0.99,1.08,0.92,0.67,0.61,0.50,1.01,0.47,0.87,0.58,0.38,0.86,0.48,0.53,0.70,1.20,0.70,1.28,1.00,0.74,0.76,0.37,0.27,1.44,2.09,0.78,1.55,0.42,0.52,0.40,0.41,0.48,0.83,0.50,0.76,0.42,0.80,0.88,0.47,0.42,0.48,0.18,0.87,0.27,0.73,0.65,0.33,0.47,0.33,0.31,0.73,0.81,,0.23,0.62,0.88,,1.19,1.24,0.51,2.40,0.75,1.38,0.57,0.45,0.26,0.78,0.33,0.89,0.56,0.80,0.56,0.69,0.31,1.36,0.80,1.03,0.58,0.70,1.56,0.33,0.54,0.67,0.89,0.60,0.53,0.91,0.16,0.38,0.27,0.82,0.48,0.48,0.66,0.57,0.20,0.08,0.32,2.34,0.93,0.50,0.14,0.39,0.16,0.62,1.25,0.93,0.68,0.80,0.38,0.52,1.37,0.48,1.25,0.50,0.61,0.59,0.31,0.27,0.67,1.13,1.32,0.47,0.69,0.40,0.26,1.13,1.04,0.67,0.74,0.69,1.23,0.49,1.02,0.82,0.69,0.81,0.54,0.22,0.88,0.49,0.80,1.47,0.66,0.69,0.63,0.93,0.71,1.08,1.01,1.29,1.46,0.63,0.72,0.25,0.61,0.40,0.62,0.30,0.80,0.56,0.94,0.63,0.44,0.07,0.43,0.88,0.35,0.31,0.44,1.04,0.56,0.44,0.70,0.62,0.67,1.17,0.47,0.19,0.66,0.42,0.55,0.45,0.35,0.20,0.82,0.55,,0.42,0.36,0.87,0.33,0.33,1.12,0.67,0.65,1.05,0.81,0.38,2.75,0.52,0.67,0.35,0.74,0.16,,0.57,0.53,0.48,0.61,0.47,0.33,0.65,0.29,0.18,0.89,1.02,0.60,0.65,0.61,0.81,2.02,0.68,0.53,0.29,0.31,0.84,1.53,0.56,0.45,0.40,
20150811,18,CO_24h,1.34,1.25,0.61,3.81,0.57,0.85,1.20,0.51,0.49,1.83,0.97,1.29,0.58,0.71,0.63,0.61,0.91,0.60,0.88,0.59,0.49,0.58,0.47,,1.23,0.22,0.71,0.56,0.60,0.62,0.33,0.29,0.39,0.65,0.63,0.87,0.63,0.42,0.68,0.59,0.47,0.82,0.68,0.64,0.43,0.49,0.35,0.88,1.14,0.44,1.18,0.44,0.45,1.01,0.86,0.76,0.91,0.98,0.94,0.74,0.70,0.68,0.80,0.68,1.20,1.09,0.76,1.11,0.47,0.96,1.03,1.34,1.20,0.63,0.67,0.55,1.43,0.84,1.00,1.31,0.64,0.76,0.62,0.78,2.02,1.79,1.47,1.53,0.35,0.67,0.44,0.70,1.36,0.49,0.60,0.74,0.84,0.78,0.89,1.04,0.72,0.59,0.83,1.02,0.94,1.15,1.08,0.90,1.15,1.41,0.66,1.27,1.90,0.70,1.23,1.46,0.93,1.16,0.75,0.72,0.41,0.49,0.40,0.32,1.54,0.45,1.90,1.84,0.76,1.58,1.02,1.42,0.85,0.72,0.59,0.30,1.10,0.94,0.98,0.85,0.54,1.02,0.70,1.35,0.80,0.88,1.01,0.72,0.63,1.07,1.23,0.68,1.53,1.01,0.57,2.65,0.37,0.38,1.34,1.80,0.82,2.26,0.28,0.61,0.34,0.47,0.30,0.79,0.46,0.62,0.35,0.89,0.71,0.63,0.43,0.52,0.37,0.84,0.43,0.93,0.68,0.42,0.46,0.43,0.41,0.82,1.25,,0.32,0.82,0.91,,2.19,1.47,0.68,2.26,0.89,1.48,0.70,0.60,0.40,0.34,0.48,0.51,0.62,0.76,0.55,0.87,0.44,1.54,0.89,0.99,0.88,0.63,1.70,0.24,0.52,0.42,1.01,0.46,0.26,0.82,0.03,0.39,0.28,1.09,0.40,0.34,0.75,0.52,0.13,0.09,0.21,1.07,0.65,0.56,0.26,0.37,0.20,0.67,1.58,0.98,0.78,0.85,0.52,0.63,1.30,0.52,1.17,0.66,0.90,0.77,0.31,1.25,1.14,1.12,1.13,0.60,0.84,0.47,0.38,1.28,1.13,0.74,0.78,0.58,1.33,0.49,1.05,0.90,0.72,0.78,0.57,0.28,0.74,0.44,0.87,1.22,0.71,0.74,0.68,1.16,1.13,1.42,1.00,1.31,2.17,0.79,0.87,0.30,0.72,0.61,0.89,0.49,0.85,0.81,0.75,0.87,0.66,0.21,0.55,0.80,0.54,0.51,0.49,1.13,0.53,0.43,1.17,0.69,1.04,0.91,0.48,0.08,0.88,0.54,0.71,0.61,0.49,0.28,0.77,0.41,,0.43,0.36,0.89,0.40,0.38,1.10,0.75,0.65,1.09,0.95,0.54,2.95,0.42,0.60,0.53,0.81,0.40,,0.74,0.95,0.80,0.63,0.36,0.38,0.61,0.37,1.49,0.84,0.99,0.61,0.84,0.62,0.85,0.22,0.62,1.14,0.46,0.27,1.09,1.65,0.64,0.60,0.42,
20150811,19,AQI,93,77,98,78,33,120,121,49,53,71,57,106,108,53,54,34,43,46,37,41,18,42,23,,54,26,38,50,27,27,27,35,36,31,43,55,36,28,42,36,42,33,20,19,39,50,44,39,135,49,100,38,30,59,39,35,55,32,51,40,51,40,79,46,62,60,55,35,40,81,46,42,58,24,34,55,51,53,53,31,53,42,53,57,106,160,57,76,54,51,53,86,92,30,79,52,30,36,53,36,31,28,25,17,56,40,40,39,23,119,40,69,68,62,20,36,29,50,55,48,32,29,32,29,34,23,108,85,101,68,95,116,55,40,41,53,47,36,39,46,15,51,63,22,71,52,53,60,61,54,54,65,78,103,80,81,45,52,30,43,51,58,50,36,52,61,53,53,34,60,79,88,37,29,37,32,40,31,34,33,30,21,23,22,33,23,24,,52,33,54,,93,59,43,109,40,64,68,48,54,49,40,57,40,76,43,37,22,37,25,19,27,30,22,66,43,40,70,31,63,24,28,32,16,35,46,41,59,56,27,24,21,49,74,39,48,27,35,31,37,26,27,40,27,51,45,37,46,26,39,26,30,69,113,114,115,61,91,46,52,52,58,58,26,45,39,30,59,31,37,62,46,33,40,55,56,50,40,51,46,39,60,80,79,30,81,53,77,40,56,49,46,49,67,27,62,26,49,75,39,27,67,34,30,58,40,32,37,34,45,21,24,18,22,54,49,27,20,36,25,42,,45,34,83,11,41,27,42,49,48,71,26,42,42,59,39,39,63,,34,41,39,61,51,52,47,20,76,51,37,32,36,51,50,24,159,38,64,72,32,58,35,25,23,
20150811,19,PM2.5,64,56,73,54,7,91,92,24,13,47,40,80,81,23,20,11,17,15,20,17,6,18,8,,26,18,17,12,10,13,14,6,25,18,27,36,25,18,19,21,20,22,13,12,12,28,16,11,103,12,75,16,16,42,24,16,39,22,25,28,27,28,42,21,44,36,26,17,16,59,16,19,41,8,16,28,31,34,12,19,13,23,17,25,80,122,33,56,35,26,27,64,65,19,58,28,18,14,23,25,14,12,17,12,40,21,28,27,15,90,16,50,35,37,6,19,8,22,20,18,7,18,21,15,24,13,81,63,76,40,71,88,32,28,26,19,33,23,19,25,6,36,45,12,52,36,33,43,29,38,36,38,57,77,59,8,17,31,20,30,22,41,35,19,26,29,37,35,12,43,58,65,17,16,17,14,7,10,2,12,13,7,9,3,13,16,17,,24,15,30,,66,36,20,82,28,46,37,10,38,26,22,26,11,42,17,15,11,13,9,11,7,16,8,48,29,28,35,18,33,15,12,14,11,15,32,11,42,28,19,9,13,30,54,24,31,19,8,17,18,17,12,16,11,35,14,13,30,15,27,18,21,42,85,86,87,42,68,32,23,27,41,35,15,18,27,13,13,20,22,27,32,18,24,39,30,30,23,25,32,27,43,59,58,17,60,34,43,11,38,34,32,34,40,19,38,12,22,55,17,19,47,23,16,41,11,18,16,14,25,15,6,11,6,24,34,6,14,14,12,12,,7,15,26,1,15,19,21,29,25,40,10,11,10,42,27,21,45,,15,9,27,20,19,35,21,6,56,16,24,13,15,17,14,15,23,10,23,25,14,11,6,10,10,
20150811,19,PM2.5_24h,85,114,109,76,9,124,126,27,14,109,81,117,100,31,19,24,42,19,21,21,5,19,17,,19,11,17,14,14,12,10,8,18,18,19,28,22,19,22,21,15,29,15,22,13,28,14,9,72,21,80,15,18,39,17,16,41,20,19,25,26,31,50,23,64,45,44,41,23,58,30,33,67,14,18,20,53,38,25,29,20,28,13,23,111,102,47,47,19,39,38,40,36,18,40,51,16,15,22,27,23,13,24,19,38,25,23,27,27,57,24,72,31,36,14,28,20,35,24,17,11,18,18,11,21,10,74,88,70,36,57,67,25,25,18,39,23,31,22,36,9,38,42,25,60,55,46,63,35,44,40,38,54,63,37,16,18,36,21,27,45,33,23,23,16,31,27,46,25,32,44,44,17,18,20,17,14,18,2,19,16,12,13,14,14,17,29,,26,15,32,,64,53,21,65,41,45,53,21,41,47,30,26,10,40,21,24,17,16,20,14,31,24,13,39,13,19,33,15,30,7,11,15,12,6,21,7,20,21,18,8,11,22,35,19,20,8,13,17,19,17,17,23,19,28,15,10,27,16,32,20,25,66,94,87,61,47,50,32,18,23,33,27,12,21,20,12,18,24,23,21,25,19,17,47,28,20,19,34,31,39,80,51,39,24,42,39,38,19,41,43,40,42,41,55,17,26,24,26,20,20,50,35,15,29,20,31,48,20,57,14,8,11,21,32,40,9,6,14,13,14,,8,15,32,8,10,26,41,20,24,21,27,18,18,44,39,20,23,,19,18,38,25,33,40,39,14,30,24,18,25,41,24,17,16,22,26,47,71,23,20,11,29,15,
20150811,19,PM10,136,104,117,106,33,165,140,49,56,84,63,121,128,56,57,29,35,46,37,41,14,42,12,,57,26,38,50,9,27,27,35,36,31,43,59,32,28,42,36,42,33,20,19,39,50,44,39,149,49,129,38,30,61,39,35,52,32,51,36,51,33,107,46,74,69,59,35,33,111,46,42,,12,34,59,51,56,48,31,55,42,55,63,120,177,64,92,58,52,55,105,133,30,81,54,30,36,56,34,31,27,25,13,46,40,20,37,23,127,40,74,86,74,20,36,25,50,60,48,32,29,32,29,27,23,122,89,105,85,84,122,60,40,41,56,46,36,39,46,15,49,66,22,69,53,55,57,71,41,58,79,74,147,90,23,44,53,29,40,51,60,49,36,54,72,55,55,19,62,75,75,24,29,37,32,40,31,34,33,27,16,21,19,28,21,22,,54,33,58,,136,67,43,111,38,59,85,48,58,49,38,64,40,101,43,37,22,37,24,19,27,30,10,72,43,39,90,31,76,24,23,32,16,35,45,41,65,62,23,24,21,49,93,39,48,20,35,31,37,26,27,40,27,51,45,37,46,26,34,24,26,88,112,135,151,71,107,44,54,54,58,65,26,45,31,29,68,29,37,74,43,33,40,56,62,50,40,52,37,37,66,48,84,30,107,55,104,40,62,48,39,40,84,19,73,16,49,,39,26,84,34,30,56,40,32,37,34,45,19,24,18,22,58,42,27,5,36,25,42,,45,34,116,8,41,24,42,49,48,92,19,30,20,51,34,39,,,22,41,35,59,51,54,47,14,,52,37,32,36,52,50,18,267,18,77,94,29,66,29,8,17,
20150811,19,PM10_24h,123,159,189,146,54,206,206,63,51,195,117,164,141,73,79,56,74,48,42,34,11,34,26,,46,22,35,25,18,25,19,23,29,28,31,49,29,33,37,33,30,42,23,39,30,37,26,23,126,52,128,25,27,51,30,37,58,29,29,31,39,47,106,41,105,93,81,73,66,103,84,69,87,38,32,42,107,53,80,46,47,50,27,44,158,187,75,96,48,74,79,68,81,31,74,87,28,30,40,39,36,24,33,31,60,32,34,51,45,95,58,103,53,74,46,52,48,60,47,43,35,31,36,25,31,20,105,141,100,82,95,102,60,42,35,57,45,49,42,65,21,53,65,39,82,88,82,87,78,52,68,67,74,108,66,37,42,61,43,58,85,67,42,37,33,53,40,72,41,62,63,53,40,29,32,29,43,36,19,37,26,19,21,28,44,30,46,,40,32,53,,129,110,39,87,64,68,78,66,108,74,59,58,53,92,51,53,35,48,44,24,72,46,23,53,24,33,62,24,47,16,22,32,22,28,34,38,42,43,27,13,19,40,44,30,41,19,28,29,34,26,28,39,28,44,37,20,44,24,37,33,32,131,157,114,133,80,93,59,52,43,56,55,24,51,30,23,39,32,39,43,43,36,36,66,72,40,39,53,51,72,115,65,64,42,81,72,77,43,69,60,55,63,59,75,34,37,61,29,46,28,83,74,33,43,62,43,94,37,73,15,19,27,35,65,56,28,13,64,26,27,,36,34,84,11,26,35,56,36,43,55,31,47,36,63,50,35,59,,34,43,40,61,53,60,124,27,48,43,35,46,127,88,53,32,59,63,102,418,44,35,33,31,36,
20150811,19,SO2,3,11,5,31,17,15,15,20,20,11,11,14,11,18,14,7,7,7,4,9,9,13,7,,24,16,17,10,9,16,11,10,5,7,13,7,12,6,9,3,4,16,16,3,7,9,15,10,21,13,6,9,10,11,8,4,13,5,14,5,8,8,13,4,9,8,9,8,9,9,10,7,3,3,12,21,19,15,10,8,7,11,17,12,10,15,12,36,26,9,31,49,18,8,10,17,13,7,12,8,4,10,6,3,15,17,10,9,11,17,19,23,13,10,10,9,6,8,40,20,9,9,7,20,15,8,16,8,22,24,33,17,11,13,14,1,4,13,8,11,3,12,33,20,10,13,17,16,4,12,16,6,6,3,14,43,10,8,17,3,23,43,7,6,10,5,18,7,73,21,11,12,2,6,17,11,9,8,16,10,7,9,32,7,4,4,8,,4,12,9,,22,22,6,18,34,14,15,6,1,19,13,5,4,4,49,9,4,11,48,5,4,10,3,9,5,5,2,9,5,5,13,16,15,15,9,9,27,30,14,7,5,19,14,11,30,3,13,5,13,10,5,4,4,14,10,14,17,11,14,3,22,23,16,9,22,11,21,8,17,4,21,5,3,10,2,1,15,6,3,6,12,8,22,11,14,27,19,10,4,10,123,9,17,11,82,9,9,24,15,24,3,17,19,6,76,3,14,6,21,19,14,33,8,14,26,6,5,16,21,4,12,4,12,6,6,15,4,22,12,17,,3,7,18,15,6,3,10,16,21,141,9,7,8,5,3,7,1,,7,5,10,14,7,14,24,1,11,10,7,6,3,2,5,14,2,3,8,34,4,5,7,3,1,
20150811,19,SO2_24h,6,10,14,61,25,29,15,20,9,11,30,14,15,21,11,16,12,7,4,9,7,15,13,,37,14,14,11,11,15,10,6,6,9,10,8,9,7,7,2,4,28,13,9,6,7,7,21,28,16,6,10,12,11,8,5,18,7,10,8,8,18,13,10,14,15,14,19,8,8,14,18,9,4,12,42,34,10,16,10,19,24,13,9,18,27,19,35,29,14,13,43,19,9,14,27,15,10,9,14,5,9,7,5,20,12,11,17,14,32,19,34,11,25,14,17,9,10,21,15,11,7,9,17,27,33,25,18,18,23,49,17,11,11,18,11,9,27,10,34,3,11,30,18,15,22,28,13,6,23,17,4,14,3,10,14,10,10,8,5,30,59,7,10,11,6,14,8,43,19,11,24,2,21,18,10,7,9,16,12,9,10,14,10,8,8,36,,4,15,10,,48,47,6,16,46,21,50,13,3,13,17,4,4,4,34,11,10,12,67,7,21,20,5,8,3,9,3,12,5,8,14,13,13,13,7,8,28,20,14,7,14,30,20,48,39,5,13,5,11,12,7,5,5,23,14,11,17,11,17,8,23,25,27,11,31,13,28,11,28,4,26,10,10,13,2,2,14,8,6,11,28,11,9,57,27,26,15,20,7,17,45,10,12,16,146,11,16,22,19,34,11,22,23,13,19,2,26,5,14,26,10,57,9,10,38,7,21,14,52,5,12,8,14,34,17,12,7,13,12,15,,4,7,26,15,4,4,4,17,42,28,11,8,14,8,7,6,5,,11,10,22,13,7,15,26,2,21,6,6,4,10,14,6,15,4,4,9,17,7,6,10,4,3,
20150811,19,NO2,28,26,13,75,30,39,29,28,46,36,47,29,22,30,24,30,23,38,39,31,27,39,9,,31,18,19,17,16,12,7,12,20,20,38,39,28,37,17,11,36,26,31,29,26,36,65,22,38,20,33,21,15,60,49,16,60,36,38,35,28,33,32,10,30,33,27,23,16,35,23,28,17,18,19,35,17,26,11,32,16,19,54,28,29,20,18,44,27,24,16,35,39,13,13,12,11,21,19,14,10,6,19,9,43,34,42,7,9,23,19,51,18,14,27,22,16,19,31,59,19,29,17,38,19,6,25,14,19,22,42,35,24,25,14,4,13,14,9,13,9,31,16,18,21,21,24,28,19,14,15,17,42,16,15,12,20,13,16,21,13,24,22,10,32,22,28,19,24,17,8,13,12,18,21,20,7,17,15,14,26,12,14,7,13,12,36,,19,15,10,,25,15,16,10,20,24,14,14,33,23,13,16,7,10,33,22,20,10,14,35,37,21,12,21,26,27,10,32,16,20,12,16,15,11,24,22,26,19,10,9,22,46,12,9,35,20,21,21,36,18,28,20,11,14,19,15,13,8,22,12,16,27,20,17,26,14,14,18,23,15,22,18,21,20,3,2,10,17,7,17,10,14,44,25,11,8,19,18,10,22,58,30,16,7,24,6,38,18,8,19,7,11,17,28,37,18,14,9,29,18,32,9,16,41,33,26,7,23,29,32,14,7,16,10,11,11,12,4,9,14,,7,11,13,3,5,7,21,11,20,33,14,10,7,32,21,10,6,,13,8,46,15,13,3,22,14,12,8,13,40,14,10,14,5,9,4,6,18,13,12,12,11,11,
20150811,19,NO2_24h,39,23,27,67,50,42,42,21,33,43,43,46,42,36,37,43,27,40,36,20,22,25,17,,30,16,20,17,14,11,3,8,13,23,17,25,17,22,13,6,13,23,18,20,21,23,27,22,42,20,38,14,12,47,35,17,46,20,17,37,20,22,40,16,51,56,38,32,21,36,52,39,21,34,17,21,43,28,27,22,30,39,19,20,37,42,28,47,18,30,18,29,32,8,18,13,12,13,23,14,15,5,14,17,34,17,17,19,15,31,21,34,18,28,20,31,22,29,32,35,17,27,15,35,21,10,30,33,25,31,32,22,26,16,10,7,18,16,11,21,12,37,29,24,32,35,34,35,29,24,19,22,40,24,29,16,22,11,15,15,24,32,14,20,27,21,19,25,18,16,12,18,10,14,17,14,18,17,16,18,18,13,13,13,16,22,40,,18,18,11,,47,43,17,9,32,26,15,18,35,18,31,15,9,8,37,24,26,15,22,27,30,17,21,15,16,19,5,15,8,10,16,17,18,6,12,15,22,16,12,9,20,34,14,8,36,10,17,18,23,14,16,19,10,12,12,11,10,7,20,8,14,34,44,21,55,17,14,21,26,12,17,23,11,14,3,3,16,10,13,12,12,13,15,22,17,9,14,23,13,19,23,23,16,10,31,19,25,22,21,30,19,22,23,36,26,26,13,12,22,20,24,26,15,31,31,32,19,13,24,16,10,7,18,16,19,11,12,9,8,13,,6,10,12,3,7,13,25,9,20,26,20,23,15,43,22,9,23,,23,20,30,17,8,11,39,14,8,12,11,13,38,10,31,8,20,7,13,14,20,11,14,24,18,
20150811,19,O3,189,92,95,118,77,91,159,132,117,177,114,63,130,53,148,109,139,65,52,66,56,65,72,,108,75,69,79,86,68,68,74,83,95,102,52,93,59,99,82,83,43,38,27,65,46,36,56,141,43,136,67,76,25,56,62,31,43,23,65,81,41,87,74,63,136,64,68,127,107,104,123,64,76,81,70,150,125,162,68,99,104,16,98,159,186,82,91,115,117,112,156,160,63,125,98,93,48,95,66,60,88,56,47,96,47,35,42,57,150,98,122,82,102,45,116,94,102,141,40,53,56,67,40,66,66,100,134,152,143,104,105,97,102,86,147,119,93,107,94,39,101,97,44,83,100,127,79,52,93,71,78,47,115,84,185,145,80,97,77,109,122,87,75,61,120,156,151,109,144,129,119,118,83,65,57,57,44,31,64,95,68,72,69,104,58,43,,97,94,97,,102,138,37,168,70,65,91,87,80,132,128,73,57,117,72,99,69,47,79,20,54,36,69,46,66,32,32,10,12,39,88,58,37,27,58,65,150,55,49,34,26,75,23,45,100,52,57,43,27,17,24,60,33,36,16,50,60,48,31,46,64,108,109,185,149,121,136,143,96,54,79,119,70,45,53,95,116,99,36,70,96,89,61,84,92,71,59,74,88,70,43,63,108,70,135,148,82,82,92,109,85,130,124,72,101,84,139,77,38,84,26,82,77,20,82,44,65,47,75,42,36,59,66,61,69,39,38,68,51,52,,114,98,77,35,82,62,98,79,71,63,82,135,135,76,108,70,94,,110,115,119,169,102,140,140,63,103,116,116,59,87,49,72,71,201,120,128,78,102,101,111,81,73,
20150811,19,O3_24h,300,166,128,191,95,145,219,190,163,234,200,120,172,63,161,131,177,107,72,130,93,111,92,,129,96,96,105,137,86,101,122,106,112,125,108,141,113,133,108,99,102,100,83,87,89,62,75,199,102,171,84,95,48,89,79,80,70,59,86,97,147,147,137,123,185,95,91,153,131,154,138,75,109,89,88,161,135,196,113,141,146,68,141,176,241,108,167,144,154,177,199,219,78,136,129,117,78,104,114,66,98,75,96,145,123,80,78,71,170,125,176,135,103,69,139,155,170,162,102,64,94,85,57,79,78,129,157,156,176,152,136,115,124,101,160,130,95,141,136,69,127,136,95,106,112,155,146,86,106,77,84,73,119,111,225,154,107,122,105,151,193,128,108,142,151,180,202,211,157,135,156,130,284,128,108,87,81,40,70,125,88,89,90,110,64,101,,99,155,117,,114,175,46,168,93,96,112,106,121,143,135,97,65,122,100,140,92,64,112,51,111,81,96,77,100,68,69,46,48,65,100,80,51,57,74,74,188,80,51,48,31,82,54,52,104,62,102,82,71,53,61,84,43,56,30,65,105,62,65,52,75,159,175,201,160,134,157,159,110,103,93,134,129,66,60,108,155,142,101,112,107,116,100,96,123,73,94,125,133,143,181,178,146,82,151,148,130,117,113,123,111,135,165,160,130,118,140,96,60,131,48,104,93,61,98,78,84,86,103,76,75,62,68,113,121,57,61,95,53,52,,133,110,84,46,94,96,113,99,94,92,88,144,137,119,120,76,129,,120,129,145,169,106,172,151,76,112,150,155,111,105,73,94,83,201,123,128,97,106,101,111,128,106,
20150811,19,O3_8h,240,132,108,160,86,123,185,163,139,200,165,90,149,51,152,116,152,92,58,99,72,93,80,,109,89,81,95,102,77,76,84,90,98,90,87,98,92,115,97,79,70,65,60,59,65,48,54,174,71,155,77,78,20,67,67,48,55,41,56,80,97,114,102,86,137,83,75,122,103,131,122,65,63,79,66,147,126,174,98,123,130,45,120,168,207,96,142,125,134,142,172,182,72,124,113,100,63,85,87,62,87,66,73,112,68,56,52,62,143,114,153,103,91,60,129,123,127,144,67,56,77,75,40,65,67,111,148,142,148,135,126,104,115,85,143,122,88,101,116,50,113,95,69,83,94,120,108,71,89,68,69,51,98,96,147,149,89,93,86,135,158,112,86,107,133,170,166,118,147,128,140,96,103,99,87,74,62,36,63,117,81,82,77,101,53,62,,92,97,105,,86,157,35,143,81,72,96,97,95,124,126,87,58,115,90,122,82,55,102,39,84,64,82,65,86,47,55,32,30,51,89,68,46,47,61,66,147,53,44,32,28,72,33,43,92,54,79,54,51,40,44,70,36,38,20,55,81,54,49,48,70,127,139,191,149,127,141,142,103,75,85,122,89,57,55,101,117,102,82,87,96,103,81,88,105,69,83,94,107,114,128,129,102,78,130,127,106,91,88,110,100,124,146,109,87,96,122,71,48,105,30,92,73,36,84,58,74,62,91,66,52,60,55,91,79,48,44,74,47,37,,117,100,78,35,83,75,99,92,83,67,79,134,131,77,105,71,86,,113,116,131,163,101,159,134,68,106,128,132,93,80,63,58,72,180,93,110,60,92,78,92,78,65,
20150811,19,O3_8h_24h,240,156,126,175,94,124,188,166,139,208,179,105,149,70,152,118,158,95,65,99,74,96,83,,109,89,83,97,103,82,77,107,90,98,90,90,98,93,115,97,79,73,74,64,67,65,61,58,182,81,155,78,84,103,74,74,86,70,59,128,81,100,118,104,119,139,93,80,125,117,145,125,73,113,79,66,147,136,177,101,127,130,53,120,169,207,99,149,125,135,142,172,182,72,124,127,101,78,85,87,79,98,94,89,112,73,90,52,77,143,116,159,103,91,62,132,131,127,144,84,57,77,76,42,67,67,111,148,142,148,137,128,104,115,85,143,122,90,127,119,54,115,98,70,93,94,131,119,97,89,75,71,73,98,96,152,149,93,120,101,139,158,113,90,108,133,170,166,120,147,129,143,108,126,100,91,77,62,36,63,118,82,82,78,101,53,64,,92,98,105,,89,157,50,143,89,124,106,98,95,126,126,88,58,119,92,127,82,56,104,39,85,67,86,66,90,69,57,45,38,52,94,69,48,49,68,66,147,54,44,33,28,72,39,48,93,54,81,57,53,44,65,70,36,38,32,55,84,54,49,55,70,131,140,191,149,127,142,142,103,78,85,125,94,58,55,101,117,106,85,88,96,103,89,88,113,69,85,96,122,118,136,132,102,78,130,131,108,112,111,110,100,124,147,129,88,96,125,89,48,105,34,93,89,59,96,62,86,62,104,74,52,60,60,95,87,48,47,74,51,39,,135,110,92,46,92,78,121,92,83,74,81,134,131,78,110,71,111,,113,134,132,174,105,160,134,68,113,128,132,96,110,63,98,80,198,93,110,71,92,78,109,122,108,
20150811,19,CO,1.05,1.02,0.23,2.61,0.42,0.38,0.96,0.47,0.78,1.59,0.96,1.20,0.42,0.68,0.94,0.42,0.63,0.57,0.88,0.65,0.52,0.54,0.38,,0.87,0.23,0.69,0.52,0.42,0.55,0.42,0.32,0.44,0.57,0.77,0.90,0.68,0.46,0.73,0.70,0.69,0.75,0.73,0.74,0.54,0.53,0.58,0.93,1.20,0.34,1.10,0.42,0.42,1.01,0.91,0.82,0.97,1.08,1.31,0.76,0.83,1.03,1.08,0.47,0.91,0.68,0.60,0.63,0.40,0.93,0.88,0.77,0.63,0.57,0.59,0.75,0.94,0.74,0.50,1.23,0.51,0.61,0.91,0.97,1.98,1.64,1.47,1.23,0.50,0.74,0.45,1.03,1.47,0.58,0.83,0.64,0.86,0.95,0.89,0.94,0.59,0.64,0.99,0.95,0.90,1.42,1.87,0.82,0.82,1.46,0.61,1.00,1.77,0.71,1.18,1.06,0.70,0.85,0.72,0.97,0.42,0.49,0.38,0.38,1.20,0.35,1.35,0.88,0.70,1.57,1.14,1.47,0.86,0.58,0.68,1.00,1.15,0.96,0.69,0.67,0.52,1.04,0.51,1.01,0.57,0.40,0.91,0.58,0.58,0.78,1.35,0.71,1.47,1.07,0.46,0.82,0.39,0.33,1.55,2.15,0.66,1.60,0.47,0.56,0.40,0.39,0.53,0.79,0.62,0.78,0.45,0.81,0.90,0.51,0.47,0.75,0.21,0.92,0.29,0.73,0.62,0.35,0.48,0.33,0.28,0.71,0.85,,0.24,0.67,0.96,,1.31,1.20,0.52,2.49,1.10,1.43,0.62,0.50,0.29,0.61,0.39,0.64,0.56,0.83,0.56,0.77,0.37,1.41,1.02,1.22,0.53,0.69,1.63,0.37,0.58,0.64,1.10,0.94,0.37,0.95,0.11,0.46,0.25,0.98,0.56,0.55,0.72,0.61,0.24,0.09,0.41,2.36,0.66,0.53,0.19,0.42,0.19,0.59,1.28,1.05,0.88,0.70,0.46,0.54,1.42,0.47,1.32,0.70,0.78,0.70,0.45,0.35,0.66,1.20,0.95,0.49,0.45,0.44,0.31,1.18,1.10,0.73,0.86,0.58,1.34,0.53,1.03,0.95,0.70,0.84,0.57,0.22,1.16,0.47,0.89,2.06,0.76,0.79,0.67,1.05,0.95,1.39,1.08,1.30,1.55,0.70,0.74,0.26,0.70,0.43,0.65,0.39,0.79,0.63,1.11,0.68,0.50,0.10,0.98,0.82,0.47,0.30,0.48,1.45,0.59,0.51,0.71,0.72,0.75,1.28,0.43,0.25,0.71,0.44,0.63,0.57,0.39,0.13,0.83,0.72,,0.41,0.37,0.89,0.32,0.35,1.01,0.69,0.70,1.08,0.86,0.47,2.76,0.52,0.62,0.49,0.87,0.70,,0.61,0.39,0.62,0.72,0.50,0.30,0.59,0.35,,0.94,1.06,0.67,0.59,0.76,0.74,2.40,0.69,0.51,0.30,0.39,0.87,1.53,0.57,0.46,0.40,
20150811,19,CO_24h,1.37,1.24,0.60,3.90,0.57,0.82,1.22,0.51,0.50,1.87,0.99,1.30,0.58,0.72,0.66,0.61,0.89,0.59,0.88,0.60,0.50,0.57,0.46,,1.24,0.22,0.71,0.55,0.59,0.61,0.33,0.29,0.40,0.64,0.64,0.87,0.63,0.41,0.68,0.60,0.48,0.82,0.67,0.65,0.43,0.49,0.40,0.88,1.15,0.44,1.20,0.44,0.45,1.01,0.86,0.76,0.91,0.98,0.95,0.75,0.70,0.69,0.91,0.68,1.20,1.09,0.76,1.09,0.47,0.96,1.04,1.32,1.19,0.63,0.66,0.55,1.43,0.84,1.01,1.31,0.64,0.76,0.63,0.78,2.03,1.80,1.47,1.54,0.36,0.68,0.44,0.72,1.37,0.49,0.61,0.74,0.84,0.79,0.88,1.02,0.71,0.59,0.83,1.00,0.93,1.06,1.09,0.90,1.15,1.42,0.66,1.28,1.91,0.70,1.24,1.46,0.93,1.16,0.75,0.73,0.42,0.49,0.40,0.31,1.50,0.43,1.88,1.84,0.77,1.59,1.03,1.43,0.85,0.71,0.59,0.35,1.11,0.94,0.96,0.85,0.54,1.02,0.70,1.33,0.80,0.88,1.02,0.72,0.63,1.06,1.23,0.69,1.52,1.01,0.57,2.55,0.37,0.37,1.35,1.81,0.83,2.27,0.29,0.61,0.35,0.48,0.31,0.79,0.47,0.63,0.35,0.88,0.72,0.64,0.43,0.53,0.36,0.84,0.42,0.91,0.68,0.41,0.45,0.43,0.40,0.81,1.21,,0.31,0.82,0.91,,2.19,1.47,0.68,2.28,0.90,1.49,0.71,0.60,0.41,0.35,0.48,0.52,0.61,0.77,0.55,0.87,0.44,1.54,0.83,1.01,0.88,0.63,1.69,0.24,0.52,0.43,1.00,0.48,0.27,0.82,0.03,0.39,0.28,1.02,0.41,0.35,0.76,0.51,0.13,0.08,0.22,1.17,0.66,0.57,0.26,0.37,0.20,0.67,1.56,0.97,0.78,0.83,0.50,0.62,1.32,0.51,1.18,0.66,0.90,0.76,0.31,1.24,1.14,1.13,1.14,0.60,0.83,0.47,0.38,1.27,1.13,0.75,0.78,0.57,1.33,0.49,1.05,0.90,0.72,0.78,0.57,0.27,0.76,0.44,0.87,1.25,0.71,0.74,0.68,1.17,1.13,1.43,1.00,1.31,2.18,0.79,0.87,0.30,0.72,0.61,0.88,0.49,0.85,0.80,0.76,0.87,0.66,0.20,0.55,0.78,0.53,0.50,0.48,1.15,0.53,0.44,1.18,0.69,1.04,0.93,0.49,0.09,0.87,0.54,0.72,0.61,0.49,0.28,0.77,0.42,,0.44,0.36,0.90,0.39,0.38,1.10,0.74,0.65,1.09,0.96,0.54,2.95,0.42,0.61,0.53,0.81,0.41,,0.74,0.94,0.80,0.63,0.36,0.38,0.61,0.37,1.43,0.85,0.99,0.61,0.84,0.63,0.85,0.32,0.63,1.11,0.46,0.28,1.09,1.65,0.64,0.60,0.43,
20150811,20,AQI,104,79,91,84,46,101,119,62,61,100,54,99,108,56,56,37,37,53,43,32,21,39,21,,53,32,46,25,23,29,32,30,39,30,47,58,34,28,36,37,45,36,27,26,48,51,28,52,141,40,104,51,37,61,41,30,56,34,53,50,48,39,75,26,62,60,48,49,35,93,57,54,67,25,39,57,54,55,38,38,21,43,35,61,120,181,60,71,60,51,51,101,101,38,70,51,39,33,51,35,26,39,33,23,64,51,51,37,29,120,28,76,56,69,26,46,33,48,54,55,34,40,41,33,40,33,100,105,100,64,109,129,61,43,38,43,51,50,41,55,17,54,70,27,66,50,61,68,54,49,59,65,79,108,61,73,43,58,36,36,52,56,63,33,43,48,51,52,35,65,79,91,38,36,33,19,31,27,25,28,30,18,22,20,29,22,26,,53,42,58,,114,55,45,121,47,54,76,55,58,54,44,62,56,80,49,49,40,48,30,26,44,36,17,69,39,46,89,40,49,23,27,72,30,51,55,51,66,59,44,26,32,48,59,43,58,20,33,27,53,26,33,35,31,50,40,40,47,31,39,28,34,71,113,128,110,62,91,63,58,52,60,64,29,46,50,28,63,31,44,60,50,33,50,58,65,55,46,56,66,43,84,60,75,35,95,71,71,37,60,56,53,63,63,34,67,23,53,80,63,37,76,45,33,51,43,38,29,45,54,28,21,30,19,50,61,35,53,33,36,45,53,44,36,90,11,51,29,48,43,48,59,25,39,40,53,41,43,66,,32,33,43,101,55,54,51,21,118,43,43,33,37,56,45,23,105,39,58,79,36,54,33,26,25,
20150811,20,PM2.5,78,53,68,59,10,76,90,27,22,75,37,74,81,25,18,13,18,18,27,18,9,17,8,,31,13,15,13,12,12,17,7,27,19,29,39,24,19,19,22,23,22,14,6,17,29,12,21,108,15,78,19,18,44,27,15,40,22,27,35,27,27,41,15,41,38,27,20,16,66,19,23,45,7,18,30,35,35,10,22,15,30,16,26,91,137,36,49,37,31,22,76,76,23,51,27,23,18,22,16,14,15,21,11,46,25,34,26,16,91,11,56,40,46,8,22,12,24,22,23,10,20,19,17,28,16,75,79,75,40,82,98,35,30,25,30,26,27,18,31,8,38,51,12,48,35,39,49,30,34,40,44,58,81,44,15,17,31,23,25,19,40,36,18,20,20,36,35,16,43,58,68,18,11,15,10,7,9,2,11,14,9,11,5,13,15,18,,27,18,34,,86,36,22,92,31,37,45,12,41,27,24,34,14,48,23,16,13,15,10,16,17,19,9,50,19,21,44,23,33,15,12,26,13,11,39,7,48,35,25,18,16,33,42,26,41,13,12,18,18,18,14,19,14,33,17,17,32,19,27,19,24,47,85,97,79,42,68,45,23,29,43,43,17,26,35,6,18,21,24,28,35,19,32,41,40,37,27,27,48,26,58,43,55,17,71,52,41,20,43,40,37,45,38,24,37,14,22,59,27,26,55,24,17,36,15,20,17,19,30,15,3,12,8,25,44,11,21,16,17,12,29,9,25,49,1,17,20,20,22,28,33,14,12,17,37,29,17,48,,19,14,30,27,30,29,21,8,89,19,25,12,15,22,8,14,39,7,21,35,14,10,3,9,7,
20150811,20,PM2.5_24h,87,114,108,76,9,122,125,27,15,110,80,117,100,31,19,24,41,19,21,20,5,19,17,,20,11,17,14,13,12,10,8,19,17,20,29,22,19,22,21,15,28,15,21,14,28,14,10,74,21,83,15,18,39,17,17,41,20,20,26,26,31,51,22,64,46,43,40,23,59,30,33,67,14,18,21,53,38,25,28,20,28,13,22,110,105,47,49,20,40,38,42,38,18,41,50,16,15,22,27,22,13,23,18,39,25,23,27,26,59,24,72,32,37,14,28,20,35,24,17,11,19,18,11,22,11,76,89,72,37,59,70,26,25,19,38,23,30,21,36,9,38,42,25,60,55,47,63,34,44,40,38,54,64,38,16,18,37,21,28,44,34,24,23,16,31,28,47,25,33,45,45,17,17,19,17,14,17,2,18,16,12,13,14,14,16,28,,27,15,32,,65,54,22,67,42,45,53,21,42,47,29,27,11,40,21,24,17,16,20,14,31,24,12,39,13,19,34,14,30,7,10,15,12,6,22,7,21,21,18,8,12,23,36,19,21,9,13,17,19,17,16,23,19,28,16,10,27,16,32,20,25,66,94,87,63,47,52,33,18,23,33,28,12,22,21,12,18,23,23,21,26,19,17,47,28,21,20,34,31,38,80,50,41,24,44,39,39,19,42,44,40,42,41,55,18,26,25,27,20,20,51,34,15,29,20,31,47,20,56,14,8,11,20,32,40,9,7,14,13,14,20,8,14,32,7,11,24,40,20,24,22,27,18,18,44,39,20,23,,19,19,37,26,33,39,39,12,32,24,18,24,41,24,17,15,25,25,46,69,23,20,10,25,15,
20150811,20,PM10,154,108,125,118,46,141,151,73,72,139,58,127,105,61,62,37,37,55,43,32,21,39,13,,56,32,46,25,,29,32,30,38,30,47,66,34,28,36,37,45,36,27,26,48,52,28,53,158,40,126,51,37,62,41,30,56,34,55,38,48,36,99,26,74,70,48,49,35,136,63,57,83,11,39,64,57,59,38,38,19,42,35,72,140,221,69,91,69,51,51,123,129,38,87,52,39,33,52,35,26,39,33,23,53,52,52,30,29,133,28,74,58,87,26,46,33,48,58,60,34,40,41,33,28,33,107,103,115,77,118,131,72,39,38,43,52,50,41,60,17,51,71,27,71,49,71,64,57,44,68,80,79,143,62,37,34,65,36,29,54,61,76,33,43,48,51,53,28,80,74,81,32,36,33,19,31,27,25,28,21,14,22,17,29,22,26,,55,42,65,,158,59,45,124,47,58,101,59,57,58,44,73,62,109,49,49,40,48,30,26,44,36,16,67,39,46,127,40,49,23,17,93,30,51,53,51,75,68,44,24,32,48,62,43,66,20,33,27,56,23,33,35,31,50,40,40,47,31,34,28,,92,124,131,169,73,117,75,65,54,68,78,29,46,40,28,75,31,44,70,49,33,50,58,79,60,46,61,45,43,118,58,86,35,116,82,91,37,64,53,45,52,75,27,84,19,56,,75,37,102,45,33,48,43,38,29,45,58,28,21,30,17,50,49,35,56,33,36,45,56,44,34,130,6,51,29,48,43,48,67,24,25,31,50,36,43,41,,32,33,42,86,60,58,51,21,,43,43,33,37,61,45,20,150,35,66,108,36,58,26,10,15,
20150811,20,PM10_24h,129,156,188,148,54,204,205,63,51,198,116,163,140,73,81,56,74,48,43,34,12,34,26,,48,22,35,25,18,26,20,24,30,27,32,50,29,32,37,33,31,41,23,38,32,37,26,25,129,52,130,27,28,52,30,37,58,29,31,31,40,47,107,40,105,94,80,71,61,105,84,69,88,38,32,43,107,53,80,46,47,51,28,45,157,191,73,98,49,75,78,71,83,32,75,86,28,30,41,39,35,24,33,30,60,33,36,50,43,97,59,103,54,75,46,52,48,59,47,43,34,31,35,26,31,19,107,141,102,83,98,105,59,41,35,57,46,49,41,64,21,54,66,39,83,87,82,86,77,52,67,68,75,110,67,37,41,62,43,58,84,68,44,37,34,55,40,71,42,62,63,55,40,30,32,29,43,36,19,37,25,19,21,27,43,29,45,,42,32,53,,131,111,40,89,65,70,79,66,108,72,59,58,54,93,51,53,35,47,45,24,73,46,23,53,24,33,65,25,47,16,21,35,22,29,35,38,45,44,28,15,20,41,46,31,42,19,29,29,35,26,29,39,28,44,38,21,44,24,37,33,32,131,159,115,137,80,95,61,53,43,57,56,24,51,31,23,41,32,39,44,43,36,37,64,72,41,40,54,51,70,116,66,64,41,84,72,78,43,69,61,55,63,59,73,37,36,61,29,47,28,83,72,33,44,60,43,91,37,73,16,19,27,33,65,57,29,14,62,27,28,33,36,30,83,9,25,34,55,37,43,57,31,47,36,63,49,36,59,,34,44,40,63,51,59,124,25,47,42,34,45,127,89,53,31,63,60,101,403,43,35,32,30,36,
20150811,20,SO2,3,9,5,26,20,17,15,20,11,12,14,13,12,20,14,12,8,9,4,9,10,12,7,,24,16,18,10,9,16,10,12,4,6,15,12,10,7,9,2,4,18,17,3,7,9,8,13,21,14,6,9,11,10,9,8,15,5,12,5,8,10,12,3,7,7,10,7,8,8,12,9,4,3,12,16,17,16,8,11,8,14,15,13,10,15,13,30,18,9,23,52,15,9,10,17,14,20,9,7,5,10,9,3,17,14,11,8,18,15,14,24,8,11,12,17,5,9,40,17,10,8,7,19,8,12,17,8,24,19,50,17,14,16,16,1,5,13,8,13,3,11,21,34,11,10,15,7,2,14,19,6,6,4,7,119,10,9,5,3,27,36,6,7,10,7,15,6,65,21,11,12,2,6,16,12,6,11,15,10,7,11,25,6,4,5,14,,4,13,9,,26,23,5,32,35,15,17,6,2,11,15,6,3,5,31,8,12,30,83,5,6,4,3,8,7,4,3,12,5,7,13,15,15,15,9,6,27,25,17,8,18,20,17,10,37,3,27,5,12,11,5,5,4,11,15,13,14,12,16,5,10,21,20,8,15,18,20,8,17,4,22,6,4,10,3,2,12,7,3,7,17,10,21,12,31,28,18,9,3,9,118,8,11,11,70,23,9,21,18,23,4,22,19,6,5,2,13,5,20,20,16,32,8,12,22,6,5,14,30,5,13,8,12,7,6,15,3,22,12,14,3,3,7,22,15,5,3,14,4,28,46,13,7,8,4,8,6,3,,7,5,11,20,5,13,23,2,16,6,8,6,4,2,6,13,2,3,8,32,5,6,8,3,1,
20150811,20,SO2_24h,6,9,13,61,25,29,15,20,9,12,31,14,16,21,11,16,12,7,4,9,7,15,13,,37,14,14,10,11,15,10,6,6,8,10,8,9,7,7,2,4,29,13,9,6,7,8,22,28,16,6,10,12,11,8,5,18,7,10,8,8,18,13,10,14,15,14,19,8,8,14,18,9,4,12,41,34,11,16,10,19,24,13,9,18,27,18,35,28,14,14,44,19,9,14,26,15,10,9,14,5,9,7,5,20,11,12,17,14,32,19,30,11,25,14,17,9,10,22,15,11,7,9,17,27,33,25,18,19,22,49,17,10,11,18,11,9,26,10,33,3,11,30,18,15,22,27,13,5,23,17,4,14,3,10,19,10,10,8,5,30,57,6,10,11,6,14,8,44,19,11,23,2,21,17,10,7,10,16,12,9,10,14,10,8,8,35,,4,15,10,,48,47,6,18,47,21,50,13,3,13,17,4,4,4,34,11,10,13,69,7,21,21,5,8,3,9,3,12,5,8,14,13,14,12,7,8,28,19,13,7,15,30,20,45,39,4,13,5,11,12,7,5,5,22,14,12,17,11,17,8,23,25,27,10,31,13,28,11,28,4,26,10,10,13,3,2,14,8,6,11,28,11,10,56,28,26,15,20,7,16,49,10,12,16,148,11,16,22,19,33,10,22,23,13,19,2,26,5,14,26,10,52,8,10,38,7,21,14,52,5,12,8,13,34,17,12,7,14,12,15,5,4,7,26,15,4,4,5,17,44,29,10,8,14,8,7,6,5,,11,9,22,13,7,15,26,2,20,7,6,4,10,14,6,15,4,4,9,17,6,6,9,4,3,
20150811,20,NO2,35,32,21,62,47,46,44,44,59,44,73,44,32,37,44,42,31,43,58,25,35,27,7,,51,17,22,20,19,11,10,13,21,23,43,59,28,36,17,10,39,24,40,12,35,35,49,29,47,21,44,32,19,64,54,21,67,38,38,47,29,37,27,12,37,50,37,39,18,42,26,39,21,17,25,35,21,39,15,36,33,30,41,29,37,28,28,60,39,25,21,40,31,27,16,19,18,33,18,19,12,8,25,9,65,35,48,12,19,30,35,18,18,19,34,37,30,23,39,62,28,29,24,50,20,10,28,19,26,28,44,46,30,31,19,4,15,26,9,18,12,37,24,27,29,23,28,33,29,24,18,22,51,20,15,17,23,21,12,21,20,32,18,14,38,21,27,13,26,17,10,13,10,19,20,18,6,15,16,16,15,13,14,6,18,12,51,,24,19,15,,28,18,15,12,22,31,14,16,46,17,28,30,13,10,61,24,33,13,19,32,42,23,16,25,24,27,9,26,14,28,13,23,27,10,37,30,26,22,13,11,26,58,14,14,38,19,20,17,36,18,31,32,12,16,22,19,18,8,20,18,14,41,28,26,44,19,17,28,33,17,19,22,19,25,5,3,22,19,7,15,15,21,42,27,15,9,29,21,9,20,58,12,20,10,26,12,20,22,13,28,21,24,23,33,47,21,12,10,34,25,29,12,25,51,26,30,8,20,23,37,10,14,15,12,17,24,15,8,9,14,12,6,15,16,3,4,8,30,8,18,38,16,13,17,31,26,10,11,,17,13,51,20,11,6,27,15,20,6,18,31,20,15,16,6,10,3,10,23,17,17,10,12,10,
20150811,20,NO2_24h,38,23,27,68,50,43,42,21,33,42,44,46,42,36,38,43,27,39,36,20,21,24,16,,31,16,20,18,14,10,4,8,13,22,19,26,17,22,13,6,14,23,18,20,22,23,28,22,42,20,39,15,12,47,36,18,47,21,19,38,19,23,37,16,50,56,38,32,21,36,51,39,21,33,17,22,43,28,27,21,31,40,20,20,37,42,27,48,19,29,19,30,32,9,17,12,12,14,22,14,15,5,15,17,36,18,18,19,15,31,22,34,18,27,20,31,22,29,33,35,17,27,15,36,20,10,30,33,26,31,33,22,25,17,11,6,18,16,11,21,12,37,29,24,32,35,34,36,29,24,19,22,41,24,28,16,22,12,15,15,24,32,14,20,27,22,19,24,19,16,12,17,11,14,17,14,18,17,16,17,17,12,12,12,16,21,38,,17,18,11,,47,43,16,9,33,27,15,18,35,18,31,15,9,8,38,24,26,16,22,28,30,17,20,15,16,19,5,16,8,11,16,17,19,6,14,16,22,16,13,9,21,35,14,8,36,10,17,18,23,14,17,19,10,12,13,11,10,7,20,8,13,35,44,22,56,18,14,21,27,12,17,23,11,14,3,3,16,11,12,12,12,13,16,22,17,8,15,23,13,19,25,22,17,10,30,19,25,22,21,30,19,22,24,36,28,25,13,11,22,20,24,26,15,32,31,32,18,13,24,16,10,8,18,16,20,12,12,9,8,13,17,6,10,12,3,7,12,24,9,20,27,20,23,15,42,22,9,23,,23,19,30,17,8,11,39,14,9,11,12,14,37,11,31,8,19,7,13,14,20,11,13,24,18,
20150811,20,O3,169,69,73,103,57,80,124,95,54,139,86,71,121,42,115,88,114,51,32,57,47,63,67,,78,72,60,66,75,64,62,68,83,84,90,27,88,55,88,71,72,40,64,46,52,38,26,44,122,40,120,52,68,19,50,47,18,39,13,46,63,29,70,52,54,92,41,38,105,93,93,114,60,81,67,55,136,111,113,49,63,77,26,74,151,170,68,59,87,105,97,142,161,42,114,87,75,41,88,55,50,88,38,43,46,31,24,31,49,130,84,114,75,93,36,88,59,80,123,25,40,42,54,34,48,56,93,125,137,123,81,100,91,85,78,126,113,64,97,83,33,77,81,30,62,78,110,93,38,69,66,72,31,109,63,178,137,65,100,80,92,94,66,65,43,89,134,152,112,131,121,110,121,69,53,54,54,42,25,57,97,59,64,65,92,69,28,,81,84,77,,97,138,31,168,68,51,89,80,62,129,107,47,47,110,34,81,52,39,65,11,33,17,52,40,53,30,23,8,15,31,86,30,30,19,46,48,127,49,41,32,24,59,32,44,94,46,51,35,10,15,13,40,24,31,14,39,52,42,30,37,55,87,90,159,126,95,112,119,75,42,68,106,64,28,47,83,83,89,29,60,87,80,57,75,76,73,31,62,85,67,45,76,81,61,120,145,95,66,90,92,65,106,116,44,79,74,142,64,24,65,24,69,61,8,82,33,62,41,79,35,31,54,60,61,53,23,29,53,42,48,98,112,91,68,34,81,59,82,74,70,59,79,126,129,80,99,74,104,,103,102,104,202,98,132,113,55,92,90,113,69,78,46,70,73,210,126,126,72,96,91,104,84,81,
20150811,20,O3_24h,300,166,126,191,95,145,219,190,163,234,200,114,172,63,161,131,177,107,72,130,92,111,92,,129,96,96,105,137,86,101,122,106,112,125,108,141,113,133,108,99,102,118,83,87,89,59,75,199,102,171,84,95,45,89,79,77,70,59,82,97,147,147,137,118,185,95,91,153,136,154,138,75,99,89,88,161,135,196,113,141,146,68,141,176,241,108,167,144,154,177,199,219,78,136,129,117,78,104,114,66,98,75,96,145,123,80,78,70,170,125,176,135,103,69,139,155,170,162,102,64,94,85,57,79,78,129,157,156,176,152,136,115,124,101,160,130,95,141,136,69,127,136,95,106,112,136,146,86,106,77,84,73,119,111,226,154,107,121,105,151,193,128,108,142,151,180,202,211,157,135,156,130,284,128,108,87,81,40,70,125,88,89,90,110,69,101,,99,155,117,,114,175,46,173,93,96,112,106,121,143,135,97,65,122,100,140,92,64,112,51,111,81,96,77,100,67,69,46,48,65,100,80,51,57,72,74,188,72,51,48,31,82,54,52,104,62,102,82,71,53,57,84,43,56,30,65,105,62,65,52,75,159,175,201,160,134,157,159,110,103,93,134,129,66,60,108,155,142,101,112,107,116,100,96,123,76,94,125,133,143,181,178,146,82,151,148,130,117,113,123,111,135,165,160,130,118,151,96,60,131,49,104,93,61,98,78,84,86,103,76,75,62,68,113,121,57,61,95,53,52,113,133,110,81,45,94,100,113,99,94,92,88,144,137,121,120,76,129,,120,129,145,202,106,172,151,76,112,150,155,111,98,73,76,83,210,126,128,97,106,101,111,107,90,
20150811,20,O3_8h,237,124,106,154,83,120,182,153,131,194,152,87,148,52,149,112,148,86,56,96,69,88,77,,110,87,78,92,99,75,74,82,91,100,92,80,104,88,114,96,80,62,61,56,58,63,34,55,170,64,151,74,79,20,66,65,45,52,36,58,78,89,106,92,82,128,78,73,124,113,127,124,64,66,80,69,149,125,165,90,117,123,43,116,165,205,91,130,123,133,136,171,183,68,125,109,97,60,88,86,61,87,63,68,108,53,51,50,61,146,110,150,100,92,57,123,112,126,144,58,55,74,73,40,64,68,110,146,144,149,128,122,103,112,86,144,121,87,103,111,46,109,100,68,84,95,119,108,68,92,69,71,50,104,95,158,149,89,96,84,130,153,106,81,100,127,166,169,118,146,127,135,90,99,93,81,69,58,35,62,114,78,79,75,102,57,54,,91,97,103,,89,157,36,148,82,71,96,95,94,125,125,82,57,115,83,115,79,52,97,37,74,58,77,61,81,43,51,28,26,50,90,64,44,43,60,65,150,53,45,32,28,73,33,44,94,54,74,52,45,37,40,68,35,39,18,55,77,53,48,47,68,121,132,189,148,124,138,142,100,72,84,120,86,54,54,99,115,101,73,86,96,102,78,87,101,69,75,87,104,107,117,122,104,75,138,129,105,91,89,109,94,121,144,104,90,95,125,74,47,104,30,88,69,34,85,55,72,59,90,62,48,59,56,88,79,45,43,74,48,39,108,118,100,77,34,86,76,98,90,82,68,80,135,133,77,105,72,89,,113,120,132,167,102,156,135,68,105,126,133,91,81,62,60,72,189,103,116,63,97,81,95,83,69,
20150811,20,O3_8h_24h,240,148,122,163,92,124,185,166,139,204,175,105,150,67,152,117,158,95,61,99,74,96,83,,110,89,83,97,103,82,77,107,91,100,92,90,104,93,115,97,80,73,72,64,66,65,60,60,177,81,155,78,85,88,71,71,77,65,52,116,80,100,117,104,118,139,90,78,125,116,135,124,71,113,81,69,149,128,177,101,127,130,52,120,169,207,99,149,125,136,142,172,184,72,125,125,101,74,88,87,72,92,91,81,112,73,83,52,76,146,116,157,103,93,62,132,131,128,145,78,57,77,76,42,67,69,112,148,144,149,137,128,104,115,86,144,122,88,120,119,54,115,100,70,92,95,131,120,90,92,73,71,66,104,96,163,149,93,118,100,139,158,113,90,108,133,170,169,120,147,129,143,108,126,100,91,77,62,36,63,118,82,82,78,102,57,64,,92,98,105,,91,158,49,148,84,115,106,98,95,127,126,88,58,117,92,127,82,56,104,39,85,67,86,66,90,63,57,40,38,52,94,69,48,49,67,66,150,54,45,33,28,73,39,49,94,54,81,57,53,44,61,70,36,39,31,55,84,54,49,53,70,130,140,191,149,127,141,143,103,78,85,123,94,58,55,101,120,106,85,88,96,103,88,88,112,70,85,96,122,117,136,132,104,78,138,132,108,112,108,110,100,124,147,123,90,96,125,85,48,105,35,93,87,53,94,58,77,62,99,70,52,60,60,93,84,48,44,74,49,39,122,135,110,90,44,91,79,113,92,83,74,81,135,133,78,109,72,110,,113,131,132,172,105,160,135,68,111,128,133,95,104,63,98,80,195,103,116,73,97,81,108,120,106,
20150811,20,CO,1.16,0.94,0.25,1.89,0.53,0.46,1.02,0.67,0.86,1.65,1.17,1.25,0.51,0.72,1.15,0.48,0.64,0.58,1.07,0.59,0.57,0.46,0.38,,0.88,0.22,0.64,0.53,0.45,0.56,0.50,0.33,0.48,0.58,0.80,1.00,0.66,0.50,0.72,0.76,0.70,0.75,0.80,0.51,0.64,0.52,0.55,0.97,1.23,0.34,1.12,0.51,0.48,1.02,0.93,0.80,1.03,1.12,1.47,0.83,0.88,0.93,0.98,0.45,0.97,0.78,0.70,0.79,0.43,1.08,0.80,0.91,0.71,0.56,0.62,0.85,0.96,0.78,0.49,1.27,0.63,0.73,0.72,1.06,2.11,1.84,1.58,1.37,0.61,0.77,0.54,1.12,1.64,0.62,0.83,0.60,0.94,1.17,0.87,0.99,0.60,0.67,1.14,0.95,1.00,2.07,2.01,0.87,0.90,1.60,0.79,1.07,1.62,0.80,1.41,1.54,0.80,0.88,0.80,1.06,0.54,0.50,0.44,0.43,1.01,0.40,1.40,0.98,0.71,1.49,1.20,1.56,0.89,0.70,0.72,0.99,1.23,1.08,0.69,0.75,0.53,1.05,0.56,1.19,0.61,0.48,0.96,0.65,0.61,0.94,1.49,0.82,1.49,1.10,0.40,0.91,0.42,0.54,1.40,2.15,0.74,1.81,0.43,0.57,0.41,0.50,0.45,0.82,0.75,0.80,0.48,0.78,0.89,0.46,0.66,0.46,0.21,0.84,0.31,0.75,0.61,0.36,0.49,0.30,0.33,0.72,1.03,,0.26,0.73,1.02,,1.40,1.26,0.51,2.52,1.00,1.49,0.58,0.59,0.48,0.33,0.52,0.63,0.60,0.88,0.68,0.79,0.46,1.46,1.24,1.24,0.63,0.77,1.67,0.39,0.60,0.63,1.25,0.90,0.32,0.96,0.22,0.64,0.39,0.83,0.64,0.72,0.82,0.65,0.24,0.09,0.48,2.42,0.90,0.63,0.29,0.45,0.26,0.59,1.19,1.04,0.96,0.65,0.49,0.54,1.47,0.48,1.31,0.76,0.74,0.87,0.33,0.38,0.72,1.31,1.03,0.53,0.52,0.50,0.39,1.39,1.12,0.79,0.89,0.73,1.41,0.59,1.18,0.97,0.66,0.84,0.60,0.30,1.19,0.53,0.96,2.62,0.87,1.05,0.70,1.04,1.06,1.09,1.12,1.34,1.47,0.87,0.72,0.26,0.63,0.52,0.76,0.53,0.82,0.58,1.23,0.67,0.56,0.00,0.93,0.92,0.59,0.30,0.63,1.49,0.57,0.53,0.70,0.59,0.68,1.36,0.42,0.33,0.75,0.45,0.72,0.75,0.45,0.08,0.86,0.69,0.95,0.39,0.37,1.10,0.32,0.38,0.98,0.77,0.65,1.10,0.96,0.51,2.80,0.70,0.57,0.62,0.81,0.33,,0.72,0.41,0.56,0.94,0.42,0.33,0.59,0.34,,0.82,1.13,0.64,0.65,0.92,0.76,1.84,0.69,0.51,0.32,0.42,0.96,1.61,0.62,0.47,0.37,
20150811,20,CO_24h,1.38,1.24,0.59,3.95,0.58,0.81,1.22,0.51,0.51,1.90,1.01,1.30,0.58,0.73,0.70,0.61,0.87,0.59,0.90,0.60,0.50,0.56,0.46,,1.25,0.21,0.71,0.55,0.57,0.60,0.34,0.29,0.40,0.64,0.65,0.87,0.64,0.41,0.68,0.60,0.49,0.82,0.67,0.64,0.45,0.49,0.39,0.88,1.16,0.44,1.21,0.44,0.45,1.01,0.87,0.76,0.92,0.99,0.97,0.75,0.71,0.70,0.99,0.68,1.19,1.08,0.77,1.07,0.48,0.97,1.04,1.32,1.19,0.63,0.66,0.56,1.40,0.83,1.01,1.29,0.64,0.76,0.63,0.78,2.04,1.80,1.48,1.57,0.37,0.68,0.45,0.73,1.38,0.50,0.62,0.73,0.85,0.80,0.88,1.01,0.70,0.59,0.84,0.98,0.93,1.09,1.13,0.90,1.13,1.43,0.67,1.29,1.90,0.70,1.24,1.47,0.93,1.16,0.75,0.75,0.42,0.48,0.40,0.31,1.49,0.41,1.85,1.85,0.77,1.60,1.05,1.43,0.84,0.71,0.60,0.39,1.11,0.94,0.94,0.84,0.54,1.02,0.70,1.32,0.81,0.88,1.02,0.72,0.63,1.06,1.24,0.70,1.51,1.02,0.56,2.45,0.37,0.38,1.36,1.82,0.83,2.29,0.30,0.61,0.35,0.49,0.32,0.79,0.48,0.65,0.36,0.88,0.73,0.63,0.44,0.52,0.36,0.84,0.41,0.90,0.67,0.40,0.45,0.42,0.39,0.81,1.19,,0.31,0.81,0.91,,2.20,1.48,0.68,2.30,0.91,1.51,0.71,0.60,0.41,0.35,0.48,0.51,0.60,0.77,0.56,0.87,0.44,1.54,0.86,1.03,0.89,0.64,1.68,0.24,0.52,0.44,0.97,0.50,0.27,0.82,0.03,0.39,0.28,0.95,0.43,0.37,0.77,0.52,0.14,0.08,0.23,1.26,0.69,0.57,0.26,0.36,0.20,0.66,1.55,0.96,0.79,0.80,0.49,0.61,1.34,0.51,1.18,0.67,0.89,0.76,0.31,1.22,1.14,1.14,1.15,0.60,0.81,0.47,0.38,1.26,1.13,0.75,0.78,0.57,1.33,0.49,1.06,0.90,0.72,0.79,0.57,0.26,0.77,0.45,0.88,1.32,0.72,0.76,0.68,1.17,1.14,1.40,1.01,1.30,2.20,0.79,0.87,0.30,0.72,0.62,0.89,0.50,0.86,0.79,0.77,0.86,0.66,0.19,0.56,0.77,0.53,0.49,0.48,1.17,0.53,0.45,1.18,0.68,1.04,0.94,0.48,0.11,0.86,0.54,0.72,0.62,0.49,0.28,0.77,0.42,0.76,0.44,0.35,0.91,0.39,0.38,1.06,0.74,0.65,1.09,0.97,0.54,2.95,0.42,0.61,0.54,0.80,0.41,,0.73,0.92,0.80,0.64,0.36,0.38,0.61,0.36,1.36,0.85,0.99,0.61,0.84,0.64,0.85,0.40,0.64,1.08,0.46,0.28,1.09,1.64,0.64,0.60,0.43,
20150811,22,AQI,114,79,101,101,63,106,135,84,64,84,76,144,130,67,105,50,35,60,58,19,29,27,19,,76,37,28,29,23,27,39,25,46,30,42,64,33,34,25,29,29,38,27,16,55,44,40,38,146,47,133,49,47,60,41,36,62,29,56,54,45,44,54,26,64,80,55,64,53,70,56,59,79,21,41,54,65,60,31,48,38,56,62,60,135,202,60,68,71,40,54,105,91,58,63,45,39,48,26,27,25,23,26,15,83,46,59,40,37,135,55,104,55,74,57,66,40,52,63,61,39,46,49,40,39,30,110,108,118,69,105,149,68,42,43,56,57,53,30,61,13,61,80,36,83,66,80,90,52,55,64,73,80,115,31,76,59,42,30,30,56,57,59,35,45,57,61,50,59,63,98,96,56,28,29,19,30,25,37,29,25,20,26,19,46,25,33,,40,62,73,,106,64,47,131,58,54,78,71,176,84,63,100,75,83,62,35,50,64,46,41,49,44,25,70,21,35,87,58,54,27,43,57,41,48,73,52,84,55,39,27,41,74,104,51,71,24,43,31,49,28,32,44,39,23,46,47,52,34,40,41,34,82,124,130,110,72,83,148,68,53,69,61,42,55,45,40,54,42,40,57,54,39,53,69,83,55,60,60,40,55,78,27,78,49,119,81,55,41,74,70,59,99,57,37,61,21,57,59,79,43,74,39,45,24,53,35,47,37,54,33,23,31,34,50,79,36,44,36,28,24,55,38,46,160,37,30,37,51,33,39,61,33,47,61,36,66,26,39,,54,29,70,87,130,52,86,42,71,49,52,29,74,112,47,26,94,47,61,51,46,51,30,24,24,
20150811,22,PM2.5,86,57,76,76,17,80,103,38,21,62,45,110,99,33,38,18,17,23,30,13,14,14,7,,42,16,16,18,16,7,20,7,32,19,26,44,23,20,17,18,20,16,14,4,27,24,16,16,112,16,101,24,20,43,24,13,44,19,33,38,28,31,29,11,43,54,35,26,21,45,34,28,58,4,18,28,47,41,9,25,18,28,22,26,103,152,35,39,45,27,25,79,68,24,39,17,23,21,13,15,13,16,17,8,61,21,34,25,16,103,27,78,38,54,17,40,14,28,39,30,17,23,22,15,27,17,83,81,89,40,79,114,43,26,30,35,25,34,13,37,9,44,59,17,61,48,59,67,33,39,46,53,59,87,22,24,19,24,17,18,24,40,31,16,18,32,44,32,37,45,73,72,27,11,13,10,5,14,2,10,14,11,12,4,16,15,19,,28,26,40,,80,46,26,100,41,33,57,25,130,62,39,40,14,47,24,19,18,19,21,24,21,24,14,51,10,20,55,25,36,14,28,28,13,2,53,26,62,30,27,14,22,49,78,35,52,7,16,17,17,16,13,24,23,9,24,23,29,23,28,28,24,58,94,99,83,47,61,71,24,34,50,26,18,34,27,22,32,25,26,29,33,21,37,50,43,39,40,29,28,31,57,19,57,26,90,54,33,17,54,51,42,74,33,18,35,15,29,42,49,30,54,26,19,15,14,24,21,23,36,13,16,16,16,28,58,18,31,11,19,16,32,10,24,113,26,12,23,24,21,26,34,18,18,29,25,36,5,27,,33,14,51,52,99,35,48,15,39,22,34,9,27,26,9,14,39,10,22,18,32,17,8,7,6,
20150811,22,PM2.5_24h,90,109,103,77,10,120,124,27,15,109,78,118,98,32,20,23,38,18,22,19,5,18,16,,22,11,16,13,12,12,11,7,21,17,21,31,23,19,21,21,16,28,14,19,15,28,14,10,79,22,88,16,18,39,18,17,42,21,21,27,26,31,49,22,62,48,43,37,22,59,30,34,69,13,18,22,53,38,26,27,20,28,13,22,107,112,46,50,22,40,38,46,42,19,41,47,17,15,21,26,21,13,23,18,42,21,24,27,25,64,24,73,34,39,14,29,20,34,25,18,11,19,18,12,22,11,78,89,75,37,63,75,26,25,19,36,24,31,20,36,9,39,44,24,61,56,48,63,32,45,40,39,54,65,39,17,18,37,20,28,43,36,25,23,17,33,30,46,27,36,48,48,18,16,18,16,13,16,2,17,15,12,12,12,14,14,27,,27,15,32,,67,53,23,71,42,45,53,21,46,47,30,27,10,41,22,23,17,17,21,15,31,25,12,39,13,19,34,15,30,7,12,16,12,6,25,9,25,23,19,9,13,25,40,21,24,9,13,17,19,17,15,23,17,28,17,11,27,16,32,20,25,66,96,90,76,48,54,33,19,24,35,30,13,23,21,12,19,23,23,22,27,20,19,46,29,23,21,34,29,37,79,48,42,23,49,39,39,20,43,44,40,44,41,52,19,25,25,27,22,20,51,32,16,29,19,30,44,20,55,15,9,11,19,32,41,10,9,14,14,14,21,8,14,34,7,10,23,37,20,25,24,27,19,19,43,39,19,23,,20,18,37,28,35,39,40,10,33,24,19,22,39,24,17,15,28,23,43,63,24,20,10,19,14,
20150811,22,PM10,150,108,142,123,75,161,163,117,78,116,101,165,146,83,159,50,35,69,66,19,29,27,13,,102,37,28,29,20,27,39,25,46,30,42,77,32,34,25,29,29,38,27,13,60,44,40,38,191,47,152,49,47,59,41,36,74,29,61,47,45,44,58,26,77,110,60,77,56,90,61,68,,14,41,58,79,69,30,48,38,61,74,69,146,250,69,85,92,40,58,132,102,66,76,45,39,48,26,27,25,18,26,15,62,46,67,40,37,159,60,101,60,91,63,81,40,53,75,71,39,46,49,40,38,30,129,133,128,87,142,147,85,42,41,62,63,56,30,71,13,65,84,36,89,77,101,92,53,50,75,94,103,162,29,55,68,42,23,30,62,63,68,35,45,64,63,50,67,76,92,91,61,28,29,19,30,25,37,29,25,20,26,14,46,25,33,,,73,96,,156,78,47,133,62,58,78,92,301,87,75,150,99,116,74,35,50,77,46,41,49,44,25,83,21,35,124,65,58,27,43,64,41,48,75,54,101,60,37,27,41,98,84,52,91,24,43,31,49,28,32,44,39,23,46,47,53,34,33,41,25,114,156,131,137,93,109,246,85,55,88,72,42,59,45,40,58,42,40,63,58,39,53,79,116,47,69,70,39,59,106,21,91,49,126,111,60,41,81,79,49,103,63,37,72,19,63,45,107,43,84,39,45,22,55,35,47,37,58,33,18,31,34,50,42,36,,36,28,24,60,38,46,270,11,30,37,51,33,39,72,33,47,71,26,81,9,37,,58,29,54,124,,54,122,42,91,49,53,14,97,173,47,26,68,47,72,52,46,51,28,12,10,
20150811,22,PM10_24h,130,140,183,149,56,199,204,64,53,196,114,164,138,76,85,55,70,47,45,33,14,33,24,,52,23,35,25,18,26,22,24,32,26,33,53,30,31,35,33,32,42,23,36,35,37,27,26,135,53,136,30,29,53,31,37,59,30,35,33,41,48,98,39,103,97,79,69,57,104,83,69,92,34,33,46,107,53,80,44,46,52,30,47,153,199,72,100,53,74,78,78,86,34,76,82,29,31,41,38,34,24,33,30,61,34,38,49,42,103,59,103,56,77,46,55,47,59,49,45,36,32,36,26,32,20,112,142,106,84,103,109,60,41,35,56,47,49,39,64,21,55,67,38,85,89,85,87,75,53,66,69,77,114,68,37,42,61,42,58,82,70,47,39,36,58,42,71,48,65,64,58,42,29,32,28,42,34,20,36,23,18,21,26,42,26,43,,43,35,56,,135,111,41,95,65,70,79,67,115,73,59,60,57,94,52,53,36,48,46,27,73,47,21,54,24,33,70,28,46,17,23,38,23,29,39,40,50,47,30,16,23,45,51,34,45,19,30,30,36,26,29,39,27,44,39,23,44,25,37,32,32,131,162,119,143,82,98,68,54,44,59,61,25,51,32,25,42,32,38,46,44,36,38,65,74,42,43,55,50,67,117,61,64,40,90,72,76,43,71,63,55,66,60,70,40,34,62,29,51,29,82,65,34,43,59,43,80,37,71,19,19,27,32,66,54,29,15,60,27,28,35,35,30,87,7,24,33,52,36,43,60,33,47,37,61,53,34,57,,35,43,41,69,51,59,127,23,47,42,31,42,124,94,53,30,67,59,99,345,41,37,31,27,30,
20150811,22,SO2,3,11,8,31,25,18,15,27,7,17,19,13,24,19,14,9,7,7,4,9,11,14,7,,22,17,18,13,10,16,11,6,7,7,15,10,10,10,17,3,5,16,17,2,10,9,12,21,18,14,8,9,14,12,10,5,18,5,12,9,10,11,11,3,7,8,9,10,9,8,10,10,3,3,14,12,19,16,10,10,9,22,24,38,10,15,14,28,31,8,17,39,18,13,10,31,15,17,8,7,4,10,8,3,19,17,15,9,19,15,17,20,19,15,22,16,5,9,32,12,11,8,7,20,9,14,39,9,22,21,23,15,20,18,17,4,16,47,8,22,3,8,26,41,11,7,20,15,3,24,21,4,6,4,6,331,13,10,4,2,32,52,9,10,11,6,17,6,51,23,12,12,2,6,21,14,8,15,19,11,10,18,26,6,8,6,22,,4,16,8,,28,23,2,18,76,14,30,12,5,6,19,5,5,4,18,10,10,21,29,5,7,2,4,9,3,5,2,22,5,10,15,25,19,15,10,14,31,71,17,7,11,23,21,10,53,4,35,5,9,10,6,4,3,7,16,18,14,13,7,13,12,23,32,8,11,12,20,10,23,13,24,5,6,19,10,2,9,8,3,7,44,8,22,18,28,28,16,14,4,16,16,8,11,17,28,62,9,19,23,25,5,28,25,6,6,1,13,5,17,13,13,37,9,8,21,6,7,15,44,4,12,4,26,6,6,14,4,19,11,12,8,4,6,23,15,3,3,7,5,10,22,10,11,13,2,8,5,5,,14,10,19,20,7,16,23,3,20,5,15,5,3,20,6,13,2,3,12,27,7,6,8,3,1,
20150811,22,SO2_24h,6,9,13,63,25,29,15,20,9,12,30,14,16,21,12,16,12,7,4,9,7,15,13,,37,14,15,11,11,15,10,7,6,8,11,9,9,7,8,2,4,29,14,9,6,8,8,23,27,16,6,10,12,12,8,5,18,7,11,8,8,18,13,10,14,15,14,17,8,9,14,18,8,4,12,39,32,11,16,9,19,25,13,10,18,26,17,36,29,14,15,45,20,9,13,25,16,11,9,13,5,9,7,4,20,11,12,17,14,30,19,27,11,24,14,18,9,10,22,15,11,7,9,17,26,33,26,18,20,22,49,17,11,12,19,10,10,27,10,34,3,11,30,20,15,22,28,13,5,24,17,4,14,3,10,43,10,10,7,5,31,49,7,10,10,6,14,8,47,20,11,23,2,20,18,11,7,10,16,12,9,10,15,10,8,8,34,,4,15,10,,48,46,5,17,49,21,51,14,4,12,17,4,4,4,35,11,10,14,62,7,21,20,4,8,3,9,3,13,5,8,14,14,14,12,7,8,29,22,13,7,14,29,21,40,40,4,15,5,11,12,6,5,5,19,16,12,17,11,16,8,23,25,27,10,30,15,27,11,28,5,26,10,11,13,3,2,14,8,5,11,29,11,11,52,28,26,15,18,7,16,46,9,12,14,100,16,15,22,19,33,9,22,24,12,19,2,25,5,15,24,11,49,8,11,37,7,19,15,50,5,12,8,14,33,17,13,6,15,11,15,5,4,7,27,15,4,4,5,16,45,30,11,8,13,8,7,5,5,,10,9,22,14,7,15,25,2,20,7,6,5,10,14,6,14,4,3,9,19,6,6,9,3,2,
20150811,22,NO2,45,38,29,69,67,72,45,32,45,44,84,59,69,44,55,67,28,56,66,22,41,31,9,,47,20,24,28,28,9,14,12,32,25,32,58,31,30,24,17,17,26,24,8,46,42,40,26,60,29,65,32,30,61,48,18,72,25,36,71,25,41,41,15,33,96,22,49,28,45,60,55,28,26,32,29,44,39,15,35,50,72,51,50,53,32,25,77,40,16,18,51,31,55,13,27,17,43,19,14,18,7,29,8,69,36,54,12,30,41,35,13,23,35,38,50,31,28,70,51,43,30,33,64,23,10,32,30,50,48,47,30,39,35,35,7,19,33,8,26,11,45,35,33,42,55,39,23,34,28,19,26,54,22,25,27,39,13,11,27,21,55,33,23,40,30,34,14,33,35,12,21,13,16,22,22,8,20,21,18,24,19,34,7,21,34,55,,19,50,35,,32,19,15,10,53,50,13,21,83,17,68,51,13,7,66,26,47,25,46,22,31,19,34,35,22,25,10,24,12,42,16,31,33,14,52,41,35,32,14,9,38,73,17,16,56,14,38,20,31,17,24,56,12,9,29,24,15,8,12,26,18,82,54,26,36,35,16,68,58,24,19,14,12,29,8,9,25,17,12,21,17,28,43,28,28,14,28,30,14,29,29,13,32,12,36,27,29,25,13,30,24,20,42,36,46,22,12,14,58,19,38,15,23,47,31,49,33,18,22,37,19,18,37,10,17,16,13,2,10,19,31,19,11,21,3,4,8,39,9,12,36,17,22,36,26,30,16,23,,35,28,53,23,14,24,40,39,12,15,22,15,19,8,31,10,13,25,21,38,22,13,8,17,8,
20150811,22,NO2_24h,37,24,28,70,50,45,42,21,33,41,47,47,42,38,39,43,25,38,38,21,21,25,15,,33,15,19,18,15,10,5,9,14,21,21,29,19,22,14,7,15,24,18,19,24,24,29,21,43,21,40,17,13,48,36,16,49,21,20,41,19,24,34,15,48,56,36,31,21,36,51,37,21,31,19,23,40,25,26,20,31,42,22,22,37,40,26,49,20,27,18,32,29,13,17,13,13,16,20,13,14,5,15,15,37,18,21,18,16,31,23,30,19,27,20,33,22,29,35,36,18,26,16,38,20,10,30,33,27,31,35,22,26,18,12,6,17,18,11,21,12,37,28,24,31,34,34,34,29,24,17,22,41,22,28,16,22,12,14,15,23,32,16,20,28,22,20,24,20,16,11,16,11,14,18,14,17,16,16,17,16,11,13,12,16,20,36,,17,20,13,,48,41,16,9,33,29,16,17,38,17,32,16,9,9,38,22,26,16,24,27,30,18,18,16,16,19,5,17,8,13,16,18,20,6,17,17,23,16,13,9,22,39,14,9,37,11,18,18,23,14,17,21,10,12,14,12,10,7,19,9,14,38,45,21,44,19,14,24,29,13,17,22,12,16,4,3,17,11,11,13,12,14,18,22,17,9,15,22,13,19,25,21,16,9,25,19,24,22,20,30,19,22,24,35,28,24,13,11,22,19,23,24,17,32,30,31,17,14,23,18,10,9,18,16,19,11,12,8,8,14,18,6,11,13,3,7,11,24,8,19,28,19,22,17,40,22,8,21,,25,19,31,18,9,12,39,16,10,12,13,14,35,10,29,7,19,8,14,17,19,10,12,20,15,
20150811,22,O3,112,40,52,50,35,55,89,95,42,106,61,46,54,27,81,34,102,23,12,51,40,50,61,,64,57,43,47,55,61,47,64,67,65,85,14,66,40,59,49,80,23,32,52,28,15,25,43,68,23,90,48,47,13,40,36,10,30,11,14,50,20,53,38,42,25,62,12,74,49,51,81,44,67,50,39,87,89,100,29,32,22,8,37,122,130,50,24,55,116,98,94,128,6,99,62,57,23,58,51,27,73,16,44,21,12,7,21,26,88,69,107,55,49,20,40,30,44,59,8,23,23,41,36,40,59,82,84,82,82,63,128,64,57,45,93,95,45,77,75,31,63,44,19,33,38,94,90,24,41,54,54,9,93,42,144,101,58,97,67,87,35,44,47,29,63,112,141,78,87,91,71,103,56,47,40,45,35,18,45,68,41,36,61,78,38,8,,78,32,35,,75,125,27,158,30,19,79,57,3,116,54,13,37,109,13,59,17,18,13,10,12,6,20,20,35,23,16,8,20,13,73,12,22,4,28,37,83,38,40,32,23,32,34,34,83,30,42,21,4,5,13,,19,37,7,28,41,34,42,24,37,29,59,122,76,85,93,44,36,26,49,82,50,22,37,59,45,82,17,34,61,65,45,55,40,64,11,48,73,43,46,61,33,39,49,71,57,44,68,94,47,72,65,31,52,55,128,38,22,44,22,57,40,13,68,7,22,28,65,32,16,37,23,65,39,18,32,28,22,33,46,92,79,41,31,72,47,63,49,77,51,78,93,88,80,78,83,86,,55,71,81,171,67,86,81,23,83,67,102,93,70,51,52,68,195,85,106,55,83,69,97,76,76,
20150811,22,O3_24h,300,165,126,191,95,145,219,190,163,234,200,109,172,63,161,131,175,107,72,130,92,111,92,,129,96,96,105,137,86,101,122,106,112,125,108,141,113,133,108,101,102,118,83,88,89,57,75,199,102,171,84,94,43,89,79,77,70,59,82,97,147,147,137,118,185,95,91,153,136,154,138,75,94,89,88,161,135,196,113,141,146,68,141,176,241,108,167,144,154,177,199,219,78,136,129,117,78,104,114,66,98,75,96,145,123,80,78,70,170,125,182,135,103,69,139,155,170,162,102,64,94,85,56,79,78,129,157,156,176,152,140,115,124,101,160,130,95,141,136,69,127,136,95,106,112,134,146,86,106,77,84,73,119,111,226,154,105,115,105,151,193,128,108,142,151,180,202,211,157,135,156,129,284,128,108,87,81,40,70,125,88,89,90,110,69,101,,99,155,117,,114,175,46,174,93,92,112,106,121,143,135,97,65,122,100,140,92,64,112,51,111,81,96,77,100,67,69,46,48,65,100,80,51,57,73,74,188,72,51,48,31,82,54,52,104,62,102,82,71,53,55,84,43,56,30,65,105,62,65,52,75,159,175,201,162,134,157,159,110,103,93,134,129,66,60,108,155,142,101,112,107,116,104,96,123,76,94,125,133,143,181,178,146,82,180,148,130,117,108,123,111,135,165,160,130,118,152,96,60,131,49,104,93,61,98,78,84,86,103,76,75,62,68,113,121,57,61,95,53,52,113,128,107,81,42,94,96,113,99,94,92,88,144,137,126,120,100,129,,119,129,145,202,106,172,151,76,112,150,155,111,98,73,76,76,210,126,128,97,106,101,111,103,90,
20150811,22,O3_8h,202,97,91,126,71,101,158,130,110,165,118,74,131,47,129,95,136,69,46,77,60,75,72,,102,79,67,78,88,71,70,75,89,94,97,59,106,73,103,86,81,45,48,48,53,54,30,56,141,48,134,67,73,19,58,56,33,44,25,55,73,62,86,75,67,105,68,59,113,105,109,115,62,71,75,65,141,117,145,73,95,96,32,96,156,190,78,96,110,127,121,155,172,53,118,95,84,52,87,73,53,85,53,55,88,40,41,42,53,137,97,142,90,85,46,102,88,110,130,39,47,60,66,39,59,65,103,130,135,138,107,121,95,100,79,135,116,76,98,98,41,96,97,53,76,87,115,101,58,82,69,72,42,107,83,166,139,80,98,78,114,119,88,71,78,103,151,163,116,133,119,118,71,85,74,65,60,48,30,58,102,68,69,68,97,56,37,,87,88,90,,90,149,35,154,69,64,92,86,72,125,111,63,52,114,62,103,63,43,78,28,52,42,61,47,66,35,41,19,20,41,88,48,37,33,53,60,143,51,45,32,27,64,30,43,93,51,63,41,29,26,30,53,31,41,15,50,65,47,43,41,61,95,110,173,139,115,127,125,86,60,74,111,76,44,51,90,103,97,54,72,90,91,72,79,85,70,58,72,91,85,85,96,86,67,136,120,94,79,88,106,79,110,126,79,85,83,128,65,38,90,28,78,57,25,82,40,65,46,84,55,36,54,50,78,63,38,41,61,43,38,82,115,95,70,34,84,66,93,80,79,63,80,127,123,83,96,77,86,,99,110,120,171,96,140,124,60,99,111,127,88,85,57,63,72,199,112,119,63,97,83,98,83,75,
20150811,22,O3_8h_24h,240,139,114,161,88,124,185,166,139,200,175,105,151,56,152,117,158,95,59,99,74,96,83,,110,89,83,97,103,82,77,107,92,100,97,90,109,93,115,97,83,73,71,64,65,65,58,60,174,81,155,78,85,53,70,68,58,56,45,83,81,100,115,104,106,139,84,75,124,109,132,124,66,101,81,69,149,126,177,101,127,130,51,120,169,207,99,149,125,136,142,172,184,72,125,122,101,69,90,87,62,87,78,76,112,73,68,52,69,146,116,162,103,93,62,132,131,128,145,78,57,77,76,42,66,69,113,148,144,150,137,129,104,115,86,144,122,88,112,119,54,113,103,70,84,96,127,116,75,92,70,72,56,108,96,174,149,92,116,99,139,158,113,90,108,133,170,170,123,147,129,143,108,126,100,91,77,62,36,63,118,82,82,78,102,59,64,,92,98,105,,92,158,43,154,82,104,106,98,95,127,126,88,58,115,92,127,82,56,104,39,85,67,86,66,90,54,57,37,38,52,91,69,48,49,66,66,151,54,46,34,28,73,39,46,95,54,81,57,53,44,53,70,36,41,28,55,84,54,49,48,70,130,140,191,153,127,141,143,103,78,85,123,94,58,55,101,120,106,85,88,96,103,88,88,110,72,85,96,118,117,136,132,104,78,145,130,108,106,102,110,100,124,147,111,90,96,128,74,48,105,36,93,82,42,89,58,74,62,91,68,52,60,58,91,79,48,44,74,48,39,110,133,108,84,42,86,76,99,92,83,74,81,135,133,83,106,77,104,,113,120,132,171,102,160,135,68,106,128,133,94,93,63,85,76,199,112,119,76,98,83,98,107,96,
20150811,22,CO,1.20,0.96,0.31,3.50,0.62,0.60,1.12,0.61,0.68,1.54,1.24,1.33,0.71,0.69,0.74,0.58,0.61,0.68,1.09,0.58,0.59,0.47,0.38,,1.04,0.27,0.74,0.57,0.47,0.52,0.51,0.31,0.49,0.59,0.72,1.00,0.69,0.53,0.68,0.87,0.58,0.66,0.67,0.45,0.90,0.60,0.48,0.91,1.20,0.42,1.25,0.56,0.54,0.98,0.90,0.72,1.12,0.99,1.63,0.98,0.88,1.07,0.75,0.47,0.93,1.08,0.53,1.02,0.72,0.94,1.03,1.12,0.68,0.59,0.69,0.79,1.15,0.87,0.42,1.33,0.71,0.83,0.88,1.53,2.33,1.85,1.56,1.23,0.67,0.72,0.53,1.09,1.44,0.80,0.78,0.56,0.96,1.58,0.82,0.95,0.69,0.63,1.20,0.91,1.06,1.93,2.17,0.88,1.27,1.69,0.93,1.31,1.86,0.84,1.74,1.97,0.80,0.85,0.90,1.03,0.70,0.50,0.50,0.48,1.04,0.33,1.59,1.09,0.88,1.59,1.22,1.44,1.01,0.80,0.83,1.10,1.24,1.18,0.66,0.81,0.54,1.06,0.75,1.34,0.71,1.11,1.14,0.65,0.61,1.11,1.27,0.80,1.68,1.20,0.45,1.06,0.53,0.29,1.34,1.91,0.72,1.94,0.46,0.59,0.41,0.60,0.56,0.82,0.79,0.92,0.45,0.78,1.12,0.41,0.72,0.54,0.25,0.79,0.35,0.71,0.65,0.40,0.55,0.30,0.40,0.75,1.11,,0.27,0.96,1.23,,1.44,1.34,0.53,2.42,0.98,1.63,0.71,0.55,2.06,0.25,0.83,0.84,0.62,0.73,0.66,0.83,0.47,1.46,1.22,1.18,0.52,0.75,1.81,0.38,0.53,0.54,4.08,2.34,0.50,1.02,0.18,0.70,0.33,0.90,0.73,0.93,1.02,0.69,0.25,0.09,0.55,2.60,1.07,0.82,0.59,0.62,0.40,0.68,1.12,1.03,0.79,0.76,0.52,0.46,1.69,0.57,1.22,0.80,0.65,0.80,0.29,0.54,1.06,1.28,0.96,0.65,0.56,0.94,0.49,1.50,1.04,0.64,0.73,0.70,1.53,0.61,1.23,0.95,0.92,0.89,0.61,0.35,1.45,0.56,1.09,1.42,0.82,1.24,0.71,1.14,0.83,1.46,1.18,1.40,1.30,1.00,0.75,0.25,0.64,0.61,0.80,0.55,0.96,0.55,1.29,0.66,0.58,0.35,1.04,0.87,0.59,0.28,0.63,1.13,0.97,0.61,0.93,0.67,0.93,1.45,0.56,0.43,1.19,0.44,0.70,0.60,0.43,0.11,0.96,0.48,1.24,0.50,0.40,1.24,0.33,0.34,1.07,0.80,0.64,1.04,0.82,0.52,2.90,0.88,0.47,0.81,0.78,0.32,,1.00,0.66,0.51,1.00,0.55,0.33,0.62,0.55,0.55,0.94,1.17,0.48,0.58,0.60,0.85,0.91,0.73,0.56,0.45,0.45,1.32,1.85,0.58,0.46,0.35,
20150811,22,CO_24h,1.41,1.21,0.56,4.12,0.59,0.81,1.24,0.52,0.51,1.92,1.02,1.32,0.63,0.74,0.72,0.60,0.84,0.58,0.92,0.60,0.49,0.55,0.45,,1.27,0.20,0.71,0.55,0.56,0.57,0.36,0.30,0.41,0.62,0.66,0.88,0.65,0.41,0.68,0.62,0.51,0.81,0.67,0.63,0.49,0.48,0.40,0.87,1.17,0.45,1.24,0.46,0.45,1.01,0.87,0.75,0.95,0.99,1.01,0.77,0.72,0.73,0.94,0.67,1.18,1.06,0.75,1.05,0.49,0.97,1.06,1.30,1.16,0.63,0.66,0.58,1.33,0.80,1.00,1.26,0.64,0.76,0.65,0.83,2.05,1.79,1.49,1.58,0.39,0.69,0.47,0.77,1.40,0.52,0.64,0.73,0.87,0.84,0.87,0.98,0.68,0.58,0.86,0.94,0.94,1.14,1.21,0.89,1.07,1.46,0.68,1.36,1.89,0.70,1.25,1.55,0.92,1.15,0.76,0.77,0.43,0.48,0.40,0.32,1.47,0.39,1.81,1.86,0.79,1.59,1.08,1.43,0.85,0.71,0.62,0.48,1.13,0.95,0.91,0.83,0.54,1.02,0.70,1.32,0.81,0.88,1.03,0.71,0.62,1.07,1.23,0.71,1.50,1.02,0.54,2.22,0.37,0.38,1.36,1.83,0.85,2.29,0.31,0.61,0.37,0.50,0.34,0.81,0.52,0.68,0.37,0.87,0.77,0.63,0.47,0.52,0.36,0.85,0.39,0.88,0.66,0.39,0.45,0.41,0.38,0.78,1.15,,0.30,0.82,0.93,,2.21,1.48,0.68,2.32,0.92,1.53,0.72,0.60,0.47,0.34,0.48,0.52,0.59,0.78,0.56,0.85,0.45,1.55,0.92,1.06,0.90,0.65,1.68,0.25,0.52,0.45,1.12,0.62,0.28,0.83,0.04,0.40,0.28,0.82,0.46,0.43,0.80,0.53,0.15,0.08,0.26,1.43,0.76,0.59,0.28,0.38,0.21,0.65,1.51,0.96,0.79,0.76,0.48,0.59,1.37,0.51,1.18,0.67,0.86,0.75,0.31,1.19,1.15,1.17,1.16,0.62,0.79,0.50,0.37,1.27,1.12,0.75,0.78,0.56,1.34,0.51,1.08,0.90,0.71,0.80,0.58,0.27,0.82,0.47,0.89,1.40,0.72,0.80,0.67,1.17,1.12,1.33,1.02,1.29,1.77,0.80,0.86,0.29,0.71,0.62,0.88,0.51,0.86,0.77,0.79,0.84,0.66,0.20,0.57,0.78,0.51,0.46,0.49,1.18,0.56,0.45,1.18,0.67,1.03,0.96,0.48,0.14,0.86,0.54,0.72,0.60,0.47,0.26,0.78,0.43,0.78,0.45,0.36,0.94,0.38,0.38,1.09,0.73,0.65,1.09,0.98,0.54,2.95,0.46,0.60,0.55,0.76,0.39,,0.76,0.89,0.79,0.67,0.36,0.39,0.61,0.38,1.28,0.87,1.01,0.60,0.80,0.60,0.83,0.48,0.65,1.02,0.45,0.30,1.10,1.68,0.63,0.57,0.41,
20150811,23,AQI,118,86,108,124,60,116,144,76,57,90,75,135,143,71,104,54,33,61,59,23,31,32,21,,73,38,34,51,26,28,38,24,57,30,41,63,37,38,29,27,26,24,23,26,59,38,25,40,144,53,146,50,43,59,35,21,60,35,59,60,42,46,55,24,61,86,40,71,53,58,59,60,83,17,36,50,71,63,34,49,33,60,54,68,134,187,54,68,72,43,52,121,100,60,60,42,48,55,29,27,29,29,31,14,78,55,60,39,43,136,58,123,58,78,66,59,38,54,69,60,42,45,37,50,46,28,113,113,156,70,113,143,76,43,51,58,58,56,28,56,27,61,79,42,95,75,83,75,53,63,61,75,80,115,35,54,69,40,50,30,54,63,58,33,52,45,61,50,65,74,98,94,64,21,29,27,39,23,26,27,27,21,26,18,44,28,31,,39,76,81,,108,65,49,131,61,59,74,62,294,74,47,99,75,70,57,47,53,60,57,42,53,43,30,71,21,32,102,65,58,26,42,58,26,48,61,60,86,60,37,27,46,74,101,56,90,36,40,35,40,38,34,47,37,13,51,44,49,34,39,49,34,96,145,129,106,70,91,122,106,52,68,45,37,56,47,45,55,47,37,51,54,44,68,79,88,50,66,57,46,59,75,36,73,52,110,94,53,44,76,78,61,93,63,35,61,20,55,56,114,50,76,41,53,26,54,37,70,36,57,26,25,32,38,51,64,52,37,33,25,21,72,43,44,79,21,22,33,52,29,41,58,31,54,64,30,65,27,48,,57,48,75,88,109,62,114,39,71,33,54,32,90,84,44,32,89,55,76,67,50,56,36,19,18,
20150811,23,PM2.5,89,64,81,94,19,88,110,45,20,65,51,103,109,37,42,20,16,26,34,12,13,13,11,,45,14,16,18,18,8,19,8,33,20,25,44,26,20,17,19,18,16,13,4,30,16,15,17,110,18,112,22,21,42,22,13,43,18,33,43,28,30,32,9,42,60,13,35,28,36,34,26,61,6,18,30,50,45,10,27,18,29,21,30,102,141,32,43,46,26,25,92,75,25,39,18,24,22,12,16,13,20,21,8,57,23,36,27,17,104,30,93,39,57,23,34,19,30,39,29,24,26,19,19,30,17,85,85,119,44,85,109,47,27,30,34,27,34,16,34,16,44,58,18,71,55,61,55,36,45,44,55,59,87,14,25,17,25,6,15,31,42,33,20,23,22,44,35,43,53,73,70,29,9,14,12,8,12,2,13,13,11,8,5,17,17,19,,27,35,45,,81,47,28,100,44,40,54,27,120,54,30,47,16,42,23,25,16,19,26,23,18,26,15,52,8,19,62,25,41,11,17,28,8,3,44,27,64,43,25,18,31,54,76,40,67,25,17,18,17,19,15,26,26,4,26,21,31,24,27,32,24,60,111,98,80,49,68,70,35,33,48,21,21,32,28,24,35,25,20,28,34,21,39,58,37,35,48,32,26,31,55,23,53,30,83,46,27,15,56,57,44,69,43,20,36,14,30,40,72,35,56,24,18,17,17,26,42,25,36,11,15,15,14,31,46,18,26,16,14,15,43,11,23,43,15,7,23,28,20,29,35,22,20,30,21,47,5,28,,39,24,55,61,82,38,61,14,31,18,36,10,29,28,11,17,35,10,25,20,35,21,8,8,7,
20150811,23,PM2.5_24h,91,93,101,76,10,118,123,27,15,109,76,118,97,32,21,23,36,18,23,19,6,17,15,,24,11,16,12,12,11,11,8,22,16,21,32,23,19,20,21,16,27,14,18,17,27,14,11,81,22,90,17,18,40,18,16,42,21,22,27,25,32,48,21,62,49,41,37,22,58,30,33,70,12,18,22,52,37,25,26,20,29,14,22,105,114,46,51,24,40,38,49,44,19,42,46,17,16,21,25,21,13,22,18,44,20,25,27,24,66,25,74,34,40,14,30,20,34,25,19,11,19,18,12,22,11,79,89,78,38,65,77,27,25,20,36,24,32,19,36,10,40,45,24,62,56,49,62,32,45,40,40,54,66,38,17,18,36,19,28,43,37,26,23,18,33,31,46,28,38,49,50,19,15,17,15,12,15,2,16,14,11,11,12,14,14,27,,27,16,32,,68,53,23,73,42,45,53,21,46,48,30,28,11,42,22,23,17,17,22,16,31,26,12,39,12,19,36,16,30,7,12,16,12,6,26,9,27,24,19,9,14,27,42,22,26,10,13,17,18,17,15,23,16,27,17,12,27,17,31,20,25,66,98,91,78,48,55,34,19,24,36,30,13,24,21,13,20,23,22,23,27,20,20,45,29,23,22,34,29,37,79,47,43,23,51,40,38,20,44,45,41,46,42,50,20,24,26,27,23,20,50,31,16,28,19,30,44,20,53,15,8,11,18,32,41,9,9,14,13,14,21,8,15,35,7,10,22,36,20,25,24,26,19,19,42,39,19,23,,20,18,38,29,37,38,38,10,33,22,20,21,39,24,16,15,28,22,43,58,24,21,9,17,13,
20150811,23,PM10,142,117,161,151,69,173,169,101,64,130,99,176,153,92,157,57,31,71,68,23,31,32,21,,96,38,34,51,,28,38,24,64,30,41,76,34,38,29,27,25,24,23,26,67,38,25,40,185,56,184,50,43,64,35,21,65,35,68,62,42,46,60,24,72,122,40,91,56,65,68,69,84,15,36,50,91,68,34,49,33,69,58,86,162,248,57,85,94,43,53,152,142,69,69,42,48,59,29,27,29,29,31,14,54,59,69,38,43,150,65,119,65,105,82,67,38,57,88,70,42,45,37,50,46,28,129,149,188,90,113,140,102,43,51,65,66,62,28,62,27,66,80,42,91,100,100,76,56,52,59,98,106,168,35,57,88,40,50,30,57,75,65,33,53,45,59,46,80,97,86,76,78,21,29,27,39,23,26,27,27,21,26,14,44,28,31,,32,102,111,,156,71,49,131,66,68,82,74,416,88,47,147,99,90,63,47,56,69,64,42,56,43,30,89,21,32,154,79,47,26,42,66,26,48,65,70,96,67,37,27,46,91,89,62,115,,40,35,40,38,34,47,36,13,51,44,49,33,22,49,33,142,175,116,147,90,120,193,161,53,85,45,37,62,47,45,59,47,37,51,58,44,86,90,126,47,80,63,46,68,75,36,91,53,119,137,56,44,85,90,52,81,76,35,71,19,60,44,177,50,87,41,55,26,57,36,89,30,63,26,25,32,38,52,33,54,,33,25,20,93,43,44,107,13,21,26,54,27,36,65,31,58,77,22,59,10,48,,63,48,56,125,104,74,178,39,91,33,58,16,130,118,44,32,59,59,102,84,44,62,36,17,7,
20150811,23,PM10_24h,131,135,181,149,56,197,203,64,53,195,111,166,137,78,87,55,67,47,46,32,15,33,23,,55,23,35,26,18,26,23,25,34,25,33,55,30,31,35,33,31,41,23,36,38,35,27,27,138,54,140,31,30,54,31,36,60,31,37,35,40,48,94,38,102,98,77,69,55,102,82,68,94,32,33,46,107,53,80,43,46,53,31,49,152,203,71,100,55,73,77,83,91,37,76,81,31,32,40,37,34,24,33,30,61,34,40,50,42,106,59,104,56,77,46,56,47,59,51,45,35,31,33,26,33,21,113,143,111,84,105,111,62,41,35,56,47,50,38,63,21,56,67,38,85,90,86,86,72,53,64,70,79,116,67,37,44,61,41,58,82,70,48,38,38,57,43,70,49,68,66,60,44,28,32,28,42,33,21,35,23,18,21,25,41,25,42,,43,38,57,,136,110,41,97,65,70,79,66,120,73,53,63,58,95,52,52,36,48,48,28,73,47,21,55,24,33,74,31,46,18,24,40,23,29,41,42,52,48,31,17,24,48,53,36,49,20,31,30,35,27,28,39,27,43,40,24,44,26,37,32,32,133,164,121,146,82,100,74,59,45,61,60,26,52,32,26,44,32,38,47,45,37,41,65,76,43,44,57,48,66,115,59,66,40,92,76,73,43,72,64,56,68,61,69,42,32,61,30,55,28,81,62,36,43,59,42,76,37,70,20,19,27,32,64,54,30,15,59,27,28,36,36,31,87,6,24,31,50,36,43,60,32,47,39,59,53,34,55,,36,42,42,72,52,59,116,24,49,40,33,40,112,91,52,29,68,59,99,315,38,38,31,25,27,
20150811,23,SO2,3,12,13,32,26,19,15,28,7,17,43,14,22,21,12,8,6,11,4,9,9,16,8,,21,17,19,14,10,16,10,11,7,7,15,11,10,11,17,2,6,12,11,2,8,8,11,17,17,15,8,9,15,13,8,4,19,5,12,11,10,28,12,3,7,9,4,11,8,8,10,12,3,3,15,11,20,16,10,13,10,16,19,45,11,15,17,29,41,7,13,60,20,16,10,40,18,14,8,8,5,10,13,3,18,25,23,8,16,18,18,22,21,18,21,13,7,9,45,12,10,7,7,25,23,11,46,9,24,19,25,15,25,28,22,5,17,55,8,23,3,8,42,61,11,10,17,20,3,26,12,3,6,4,5,27,11,10,4,2,35,81,10,9,17,5,18,7,46,23,10,12,2,7,21,17,10,21,18,11,11,16,25,7,10,7,17,,4,14,8,,28,22,4,18,58,13,27,8,6,5,9,5,7,4,25,14,11,17,25,5,6,2,4,7,3,5,2,16,6,9,16,16,14,16,9,17,31,72,15,8,11,25,21,9,61,4,29,6,12,11,5,4,3,6,18,17,14,16,5,11,33,24,23,8,15,9,21,9,27,6,21,5,4,26,12,3,8,8,2,8,50,8,22,32,25,33,16,14,4,16,18,8,9,24,25,30,7,19,25,28,5,22,40,7,9,1,14,7,24,11,10,35,9,8,20,6,11,14,66,4,13,4,30,5,7,15,4,21,11,12,6,4,8,18,15,4,3,6,7,6,40,11,22,13,2,7,4,4,,12,8,28,16,8,15,24,2,21,4,15,4,3,4,5,12,2,3,23,28,7,6,9,3,1,
20150811,23,SO2_24h,6,10,13,63,25,28,15,20,9,12,30,14,17,21,12,16,12,7,4,9,7,15,12,,37,14,15,11,11,15,11,7,6,8,11,9,9,7,9,2,4,29,14,9,7,8,8,24,27,16,7,10,12,12,8,5,18,7,11,8,8,18,13,9,14,15,14,17,8,9,15,18,8,4,13,37,31,11,16,10,19,25,14,12,18,25,16,37,29,14,15,47,20,9,13,25,16,11,9,12,5,9,7,4,19,12,13,17,14,29,19,27,11,24,15,19,9,10,23,15,11,7,9,18,26,33,27,18,20,21,47,17,12,13,18,10,10,29,10,33,3,11,30,22,15,21,28,13,5,24,17,4,13,3,10,43,10,10,7,3,31,48,7,10,10,6,15,8,48,20,11,22,2,21,18,11,7,10,16,12,9,11,15,10,8,8,33,,4,16,10,,48,46,5,17,49,21,51,14,4,12,10,5,4,4,35,11,10,14,60,6,20,20,4,8,3,9,3,13,5,8,14,14,14,12,7,8,29,25,13,7,14,28,21,38,40,4,16,5,11,12,6,5,5,18,16,12,17,12,15,8,25,25,26,10,30,14,27,11,28,5,26,10,10,13,3,2,14,9,5,11,30,11,11,50,28,27,15,18,7,17,46,9,12,14,101,17,13,22,19,33,9,22,20,12,19,2,24,5,15,23,11,48,8,11,36,7,20,15,51,5,12,8,15,33,16,13,6,16,11,15,5,4,7,27,15,4,4,5,16,45,28,11,9,12,7,7,5,5,,10,9,23,14,7,15,25,2,20,7,7,5,14,14,6,14,4,3,9,19,6,6,9,3,2,
20150811,23,NO2,39,38,25,64,58,100,46,30,43,44,76,60,81,45,27,74,25,54,68,20,40,35,8,,48,22,21,31,24,9,13,13,35,25,28,58,32,35,21,11,13,25,19,8,48,43,33,23,60,27,77,32,32,61,42,17,69,25,32,85,25,44,46,11,36,91,24,45,25,50,64,57,26,34,32,29,56,42,20,36,54,66,39,63,47,31,54,67,43,16,17,49,55,54,8,33,23,43,21,19,17,6,24,7,57,35,53,18,31,45,50,15,26,44,33,46,35,29,75,46,33,28,28,70,31,11,29,47,70,44,35,19,47,41,33,4,22,35,8,24,22,60,35,32,38,53,43,29,34,31,17,27,47,23,38,22,38,13,11,25,21,56,28,35,48,26,38,18,21,31,10,20,8,16,26,18,5,30,21,18,27,18,43,6,22,28,54,,15,44,35,,38,28,16,9,60,39,12,20,74,16,56,46,20,6,62,33,49,25,42,21,28,16,47,25,15,22,9,25,8,44,16,35,18,12,52,42,41,37,19,9,34,69,8,13,63,18,35,23,27,17,24,43,10,5,24,25,14,6,10,15,19,56,82,22,53,36,15,79,59,14,26,14,15,34,7,15,22,20,11,20,18,18,37,26,30,13,21,17,13,28,26,27,32,6,37,33,23,22,20,35,25,15,39,31,45,18,13,17,54,19,33,10,23,48,40,48,38,18,28,18,14,17,41,9,19,18,12,8,13,15,38,7,15,15,2,4,11,33,8,15,40,28,29,12,30,29,10,32,,30,30,36,22,9,20,56,29,13,10,22,8,19,7,31,13,11,30,48,43,17,18,5,27,8,
20150811,23,NO2_24h,36,24,27,72,49,48,41,21,33,39,49,48,42,38,38,42,24,38,39,21,21,25,14,,34,15,19,18,15,9,5,9,16,20,21,31,20,21,15,7,15,24,18,19,25,24,29,20,43,21,42,17,14,48,36,15,50,21,20,43,19,25,33,14,47,56,35,31,21,37,50,37,21,31,19,23,39,24,25,20,31,43,23,23,38,39,27,49,21,26,18,33,30,15,17,14,13,17,20,13,14,5,15,14,37,19,23,18,16,31,23,29,19,27,20,33,22,29,36,37,18,26,16,39,21,10,30,34,29,31,35,22,26,19,13,6,17,18,10,20,12,37,27,24,31,33,34,33,28,24,17,22,41,22,27,17,22,12,14,15,23,32,16,21,29,22,21,23,20,17,11,16,10,14,18,15,17,17,17,17,15,11,14,12,16,20,36,,17,21,14,,47,40,16,9,33,29,16,16,38,17,32,17,10,9,38,22,27,16,24,27,30,18,19,16,15,19,5,17,8,14,16,18,20,6,18,19,24,17,14,9,23,40,14,9,39,12,19,18,23,14,17,22,9,11,15,13,10,7,18,10,14,39,46,21,45,19,14,27,30,13,17,22,12,16,4,4,17,11,11,13,13,15,20,22,18,9,14,22,12,19,26,21,17,8,24,21,23,22,19,29,19,22,24,35,28,23,13,11,23,18,23,23,17,33,30,31,18,14,23,18,10,9,19,15,19,11,11,8,8,13,18,7,11,13,2,7,10,24,8,19,28,20,22,16,38,22,8,21,,25,19,31,18,9,12,39,16,10,11,13,14,32,9,28,8,18,9,16,18,18,10,12,20,14,
20150811,23,O3,114,36,43,47,42,38,86,95,39,89,55,36,33,22,102,26,106,21,7,54,39,41,63,,58,36,43,36,54,60,44,59,52,56,80,15,58,28,54,56,75,19,34,58,24,10,23,43,57,25,73,46,40,9,34,37,7,24,10,21,44,14,47,39,33,20,60,13,73,32,35,69,42,55,48,32,66,78,85,21,23,20,12,22,123,114,28,20,48,109,106,86,79,3,104,54,59,17,42,39,21,70,18,45,23,5,6,15,17,70,42,104,59,29,17,34,18,38,35,7,22,20,41,54,32,57,78,54,51,76,76,128,42,42,40,88,85,37,76,75,13,34,39,16,25,39,72,82,21,31,47,49,7,78,29,156,96,64,91,62,82,20,81,29,18,77,105,121,81,83,95,73,116,53,39,42,50,29,18,42,56,35,22,58,73,42,5,,92,25,29,,64,100,20,143,19,32,85,55,4,108,81,10,24,110,11,44,12,15,11,9,4,6,3,34,37,22,13,8,31,18,111,18,36,2,24,27,63,31,43,31,24,30,35,30,78,35,43,16,4,5,12,,17,38,10,24,40,34,47,29,27,53,33,128,50,80,86,25,33,27,39,75,41,20,34,47,40,68,13,36,63,70,46,50,34,57,13,65,70,44,45,41,24,41,38,49,52,52,57,69,42,73,52,31,58,53,109,26,18,39,26,66,35,5,61,1,18,18,56,50,12,34,8,77,36,11,30,27,26,34,30,109,74,50,29,70,42,64,37,74,39,69,72,117,71,77,85,69,,53,56,87,125,67,90,52,25,82,63,85,102,70,53,53,68,191,80,68,51,86,69,93,61,59,
20150811,23,O3_24h,300,165,126,191,95,145,219,190,163,234,200,109,172,63,161,131,175,107,72,130,92,111,92,,129,96,96,105,137,86,101,122,106,112,125,108,141,113,133,108,101,102,118,83,87,89,57,75,199,102,171,84,94,43,89,79,77,70,59,82,97,147,147,137,118,185,95,91,153,136,154,138,75,94,89,88,161,135,196,113,141,146,68,141,176,241,108,167,144,154,177,199,219,78,136,129,117,78,104,114,66,98,75,96,145,123,80,78,70,170,125,182,135,103,69,139,155,170,162,102,64,94,85,66,79,78,129,157,156,176,152,140,115,124,101,160,130,95,141,136,69,127,136,95,106,112,134,146,86,106,77,84,73,119,111,226,154,105,112,105,151,193,128,108,142,151,180,202,211,157,135,156,129,284,128,108,87,81,40,70,125,88,89,90,110,69,101,,99,155,117,,114,175,46,174,93,92,110,106,121,143,151,97,65,122,100,140,92,64,112,51,111,81,96,77,100,67,69,46,48,65,111,80,51,57,73,74,188,72,51,48,31,82,54,52,104,62,102,82,71,53,55,84,43,56,30,65,105,62,65,52,75,159,175,201,162,134,157,159,110,103,93,134,129,66,60,108,155,142,101,112,107,116,101,96,123,76,94,125,133,143,181,178,146,82,180,148,130,117,101,123,111,135,165,160,130,118,152,96,60,131,49,104,93,61,98,78,84,86,103,76,75,62,68,113,121,57,62,95,53,52,113,128,107,81,42,94,96,113,99,94,85,88,144,137,126,120,100,129,,119,129,145,202,106,172,151,76,112,150,155,111,109,73,76,76,210,126,128,97,106,101,111,103,90,
20150811,23,O3_8h,179,85,81,109,65,88,143,123,96,148,102,65,114,43,123,83,130,60,39,69,56,66,70,,93,71,62,71,82,68,66,72,83,87,97,48,96,63,95,79,82,39,45,47,48,45,28,54,125,42,123,62,67,18,53,52,26,39,21,50,69,46,76,66,60,93,65,50,106,93,96,108,57,71,70,60,129,111,134,63,83,81,25,82,150,177,70,79,99,122,116,143,154,44,115,88,80,44,81,65,48,83,46,51,73,31,34,34,48,129,87,132,86,77,40,89,75,98,116,33,43,51,61,40,55,63,99,117,123,129,98,121,86,91,73,128,111,69,94,92,36,87,86,44,68,78,110,94,51,75,65,69,39,104,74,168,132,76,97,75,106,98,83,64,64,94,143,154,101,126,116,109,126,77,64,59,57,44,27,55,94,62,62,66,93,54,32,,87,79,79,,88,139,32,154,60,57,90,81,58,123,119,53,47,114,52,91,53,39,66,23,41,34,50,43,59,32,34,15,19,34,91,42,35,26,48,55,132,48,46,32,26,58,29,41,92,48,59,37,23,20,25,44,27,39,15,46,57,44,41,38,56,86,94,165,125,108,120,110,76,53,68,105,69,39,49,82,93,92,43,66,85,86,66,74,76,68,48,68,86,75,70,83,71,63,102,112,85,73,84,99,71,105,115,63,78,75,128,59,34,79,26,75,53,21,78,33,58,40,78,52,31,51,45,74,58,34,37,54,38,38,62,114,92,66,33,82,61,88,72,77,60,79,119,120,78,93,79,87,,91,101,113,166,91,130,114,53,96,100,118,87,91,55,63,71,199,111,114,61,96,83,99,80,74,
20150811,23,O3_8h_24h,240,137,111,161,88,124,185,166,139,200,175,104,151,52,152,117,157,95,59,99,74,96,83,,110,89,83,97,103,82,77,107,92,100,97,90,109,93,115,97,85,73,71,64,64,65,55,60,174,81,155,78,85,41,70,68,54,56,45,67,81,100,115,104,99,139,83,75,124,108,132,124,66,96,81,69,149,126,177,101,127,130,51,120,169,207,99,149,125,136,142,172,184,72,125,122,101,67,90,87,62,87,69,76,112,73,62,52,66,146,116,162,103,93,62,132,131,128,145,78,57,77,76,43,66,69,114,148,144,150,137,129,104,115,86,144,122,88,112,119,54,113,103,70,84,96,121,115,72,92,70,72,52,108,96,178,149,92,115,99,139,158,113,90,108,133,170,170,123,147,129,143,108,126,100,91,77,62,36,63,118,82,82,78,102,59,64,,92,98,105,,92,158,41,155,82,95,106,98,95,127,142,88,58,115,92,127,82,56,104,39,85,67,86,66,90,53,57,37,38,52,91,69,48,49,65,66,151,54,46,35,28,73,39,46,95,54,81,57,53,44,50,70,36,41,25,55,84,54,49,48,70,130,140,191,153,127,141,143,103,78,85,123,94,58,55,101,120,106,85,88,96,103,86,88,108,72,85,96,113,117,136,132,104,78,145,130,108,101,100,110,100,124,147,109,90,96,128,74,48,105,36,93,78,37,89,58,74,62,91,68,52,60,56,91,79,48,44,74,48,39,108,131,107,82,42,86,76,99,92,83,74,81,135,133,83,105,79,103,,113,120,132,171,102,160,135,68,106,128,133,94,94,63,79,74,199,112,119,76,98,83,99,105,90,
20150811,23,CO,1.25,1.01,0.34,3.43,0.95,0.76,1.08,0.57,0.63,1.84,1.06,1.41,0.72,0.69,0.69,0.64,0.62,0.68,1.20,0.54,0.60,0.54,0.38,,1.14,0.28,0.69,0.57,0.48,0.52,0.48,0.31,0.56,0.61,0.69,1.01,0.71,0.54,0.66,0.82,0.45,0.64,0.64,0.43,0.98,0.56,0.35,0.92,1.19,0.40,1.32,0.55,0.56,1.03,0.88,0.69,1.07,1.00,1.60,1.13,0.84,0.92,0.76,0.44,0.93,1.16,0.54,1.15,0.47,0.84,1.16,0.99,0.69,0.71,0.68,0.86,1.22,0.94,0.52,1.27,0.64,0.92,0.71,1.38,2.31,1.85,1.51,1.32,0.65,0.72,0.46,1.22,1.49,0.74,0.77,0.56,1.00,1.64,0.80,0.99,0.67,0.61,1.12,0.88,1.00,1.85,2.04,0.97,2.00,1.69,1.06,1.32,2.03,0.79,1.43,1.67,0.89,0.87,0.90,0.91,0.71,0.45,0.47,0.56,1.26,0.33,1.60,1.18,0.85,1.73,1.13,1.36,1.12,1.02,0.91,1.06,1.28,1.21,0.66,0.75,0.60,1.13,0.75,1.66,0.73,1.23,1.15,0.64,0.58,1.05,1.03,0.83,1.43,1.21,0.50,1.11,0.58,0.27,1.37,1.81,0.71,2.40,0.49,0.63,0.52,0.49,0.53,0.84,0.72,0.93,0.49,0.86,1.14,0.44,0.84,0.44,0.16,0.91,0.35,0.73,0.68,0.40,0.51,0.30,0.40,0.78,1.23,,0.21,0.90,1.33,,1.53,1.33,0.54,2.42,1.02,1.35,0.63,0.54,2.21,0.25,0.47,0.78,0.69,0.70,0.64,0.83,0.48,1.43,1.36,1.15,0.53,0.67,1.84,0.32,0.48,0.52,1.77,2.08,0.34,0.90,0.18,0.54,0.26,0.85,0.70,0.93,1.11,0.78,0.24,0.31,0.51,2.62,0.81,0.93,0.69,0.51,0.42,0.86,1.16,1.03,0.81,1.00,0.49,0.36,1.69,0.65,1.25,0.73,0.70,0.72,0.34,0.59,1.15,1.26,1.15,0.64,0.54,1.01,0.48,1.11,1.05,0.63,0.73,0.68,1.56,0.59,1.18,0.97,0.77,0.87,0.63,0.24,1.52,0.49,1.12,1.22,0.80,1.11,0.70,1.12,0.87,1.50,1.18,1.32,1.32,0.95,0.74,0.24,0.61,0.76,0.83,0.44,0.87,0.52,1.17,0.60,0.59,0.29,0.84,0.86,0.59,0.25,0.62,1.30,0.83,0.57,0.90,0.80,0.96,0.90,0.54,0.40,1.05,0.41,0.64,0.66,0.43,0.13,1.12,0.35,1.18,0.39,0.44,1.02,0.34,0.34,1.07,0.84,0.68,1.01,0.84,0.67,2.93,0.33,0.44,0.78,0.67,0.29,,0.89,0.64,0.43,0.90,0.45,0.27,0.77,0.42,1.14,0.89,1.20,0.45,0.58,0.46,0.85,0.98,0.71,0.63,0.79,0.47,1.08,1.81,0.57,0.55,0.37,
20150811,23,CO_24h,1.42,1.19,0.55,4.20,0.60,0.81,1.24,0.52,0.51,1.93,1.02,1.32,0.63,0.75,0.72,0.59,0.82,0.58,0.93,0.60,0.48,0.54,0.45,,1.28,0.19,0.71,0.55,0.55,0.56,0.37,0.30,0.42,0.61,0.66,0.90,0.66,0.40,0.68,0.63,0.51,0.80,0.68,0.62,0.52,0.48,0.40,0.87,1.17,0.45,1.26,0.47,0.45,1.01,0.87,0.74,0.96,0.99,1.03,0.79,0.72,0.74,0.91,0.66,1.17,1.04,0.74,1.04,0.49,0.96,1.07,1.30,1.13,0.63,0.66,0.60,1.30,0.78,1.00,1.24,0.64,0.77,0.65,0.87,2.06,1.79,1.49,1.59,0.40,0.69,0.48,0.79,1.41,0.53,0.65,0.73,0.88,0.87,0.87,0.97,0.67,0.59,0.88,0.92,0.93,1.16,1.25,0.88,1.11,1.48,0.70,1.37,1.89,0.70,1.25,1.57,0.91,1.15,0.77,0.78,0.44,0.48,0.40,0.33,1.47,0.38,1.79,1.87,0.80,1.58,1.09,1.42,0.86,0.72,0.63,0.52,1.13,0.96,0.89,0.82,0.54,1.03,0.69,1.33,0.80,0.88,1.03,0.70,0.61,1.07,1.21,0.72,1.49,1.03,0.52,2.13,0.38,0.38,1.37,1.85,0.85,2.31,0.33,0.62,0.38,0.49,0.36,0.82,0.53,0.70,0.38,0.86,0.79,0.63,0.49,0.51,0.36,0.86,0.38,0.87,0.65,0.38,0.44,0.41,0.38,0.77,1.14,,0.30,0.83,0.94,,2.20,1.48,0.67,2.33,0.92,1.54,0.72,0.56,0.50,0.34,0.47,0.53,0.59,0.78,0.56,0.85,0.45,1.54,0.94,1.06,0.91,0.65,1.69,0.25,0.51,0.45,1.14,0.69,0.29,0.83,0.05,0.41,0.29,0.76,0.48,0.46,0.81,0.54,0.15,0.09,0.28,1.50,0.77,0.60,0.30,0.39,0.21,0.65,1.49,0.95,0.78,0.75,0.47,0.57,1.38,0.52,1.18,0.67,0.86,0.75,0.31,1.18,1.16,1.18,1.17,0.63,0.78,0.52,0.38,1.27,1.12,0.74,0.78,0.55,1.35,0.51,1.09,0.90,0.72,0.80,0.58,0.26,0.85,0.47,0.90,1.40,0.73,0.80,0.67,1.14,1.11,1.32,1.03,1.28,1.78,0.80,0.84,0.29,0.71,0.62,0.87,0.51,0.86,0.76,0.80,0.82,0.65,0.21,0.57,0.78,0.50,0.44,0.50,1.19,0.57,0.45,1.19,0.67,1.01,0.96,0.47,0.16,0.85,0.54,0.72,0.59,0.47,0.25,0.79,0.43,0.80,0.45,0.36,0.94,0.38,0.38,1.08,0.73,0.65,1.09,0.96,0.54,2.94,0.44,0.59,0.56,0.74,0.38,,0.77,0.88,0.78,0.68,0.36,0.38,0.61,0.38,1.23,0.87,1.02,0.59,0.69,0.59,0.82,0.52,0.66,0.99,0.47,0.31,1.09,1.68,0.62,0.57,0.41,