date,hour,type,北京,天津,石家庄,唐山,秦皇岛,邯郸,保定,张家口,承德,廊坊,沧州,衡水,邢台,太原,呼和浩特,沈阳,大连,长春,哈尔滨,上海,南京,苏州,南通,连云港,徐州,扬州,无锡,常州,镇江,泰州,淮安,盐城,宿迁,杭州,宁波,温州,绍兴,湖州,嘉兴,台州,舟山,金华,衢州,丽水,合肥,福州,厦门,南昌,济南,青岛,郑州,武汉,长沙,广州,深圳,珠海,佛山,中山,江门,东莞,惠州,肇庆,南宁,海口,重庆,成都,贵阳,昆明,拉萨,西安,兰州,西宁,银川,乌鲁木齐,湘潭,株洲,包头,鄂尔多斯,营口,丹东,盘锦,葫芦岛,泉州,临沂,德州,聊城,滨州,淄博,枣庄,烟台,潍坊,济宁,泰安,日照,威海,东营,韶关,汕头,湛江,茂名,梅州,汕尾,河源,阳江,清远,潮州,揭阳,云浮,玉溪,菏泽,大同,长治,临汾,阳泉,赤峰,鞍山,抚顺,本溪,锦州,吉林,齐齐哈尔,牡丹江,大庆,芜湖,马鞍山,九江,洛阳,安阳,开封,焦作,平顶山,三门峡,宜昌,荆州,岳阳,常德,张家界,桂林,北海,柳州,三亚,绵阳,宜宾,攀枝花,泸州,自贡,德阳,南充,遵义,曲靖,咸阳,铜川,延安,宝鸡,渭南,金昌,嘉峪关,石嘴山,克拉玛依,库尔勒,寿光,章丘,即墨,胶南,胶州,莱西,平度,蓬莱,招远,莱州,荣成,文登,乳山,吴江,昆山,常熟,张家港,太仓,句容,江阴,宜兴,金坛,溧阳,海门,临安,富阳,义乌,诸暨,瓦房店,信阳,周口,漳州,晋城,朔州,晋中,运城,忻州,吕梁,乌海,通辽,呼伦贝尔,巴彦淖尔,乌兰察布,兴安盟,锡林郭勒盟,阿拉善盟,阜新,辽阳,铁岭,朝阳,四平,辽源,通化,白山,松原,白城,延边州,鸡西,鹤岗,双鸭山,伊春,佳木斯,七台河,黑河,绥化,大兴安岭地区,蚌埠,淮南,淮北,铜陵,安庆,黄山,滁州,阜阳,宿州,六安,亳州,池州,宣城,莆田,三明,南平,龙岩,宁德,景德镇,萍乡,新余,鹰潭,赣州,吉安,宜春,抚州,上饶,鹤壁,新乡,濮阳,许昌,漯河,南阳,商丘,驻马店,黄石,十堰,襄阳,鄂州,荆门,孝感,黄冈,咸宁,随州,恩施州,衡阳,邵阳,益阳,郴州,永州,怀化,娄底,湘西州,梧州,防城港,钦州,贵港,玉林,百色,贺州,河池,来宾,崇左,广元,遂宁,内江,乐山,眉山,广安,达州,雅安,巴中,资阳,阿坝州,甘孜州,凉山州,六盘水,安顺,铜仁地区,毕节,黔西南州,黔东南州,黔南州,保山,昭通,丽江,普洱,临沧,楚雄州,红河州,文山州,西双版纳州,大理州,德宏州,怒江州,迪庆州,昌都,山南,日喀则,那曲地区,阿里地区,林芝,汉中,榆林,安康,商洛,白银,天水,武威,张掖,平凉,酒泉,庆阳,定西,陇南,临夏州,甘南州,海东地区,海北州,黄南州,海南州,果洛州,玉树州,海西州,吴忠,中卫,固原,吐鲁番地区,哈密地区,昌吉州,博州,阿克苏地区,克州,喀什地区,和田地区,伊犁哈萨克州,塔城地区,阿勒泰地区,石河子,五家渠,三沙
20190228,0,AQI,128,133,270,136,151,146,219,56,59,140,208,197,210,179,80,250,76,164,329,40,58,64,34,62,104,55,52,56,59,51,74,49,80,68,40,39,85,53,53,21,27,27,18,14,61,69,55,51,164,68,99,29,50,105,54,50,112,53,60,66,65,189,34,31,98,68,21,40,47,105,66,64,93,167,60,46,104,71,104,171,129,171,90,140,181,131,232,273,115,247,317,77,179,78,236,234,19,50,33,44,54,49,60,53,61,73,71,90,42,84,83,148,207,167,52,173,232,157,224,146,362,464,218,83,65,81,130,139,85,177,104,126,58,70,40,60,43,20,59,19,30,69,66,32,119,90,73,91,23,28,184,209,111,84,108,95,86,100,68,194,293,133,100,54,81,295,270,240,350,275,79,103,103,74,46,39,46,44,66,40,50,59,80,32,50,53,23,47,124,86,83,63,161,103,113,190,230,110,99,78,27,134,61,118,60,65,171,194,197,83,130,148,75,88,224,58,60,203,301,395,385,457,177,57,431,58,81,79,89,66,30,21,89,84,77,46,85,39,85,78,13,14,46,69,27,75,36,30,25,32,60,38,20,134,98,119,118,95,120,85,95,56,78,101,36,91,45,36,46,56,54,83,81,80,36,78,78,58,70,18,56,40,24,50,63,20,10,27,57,54,69,86,84,75,80,71,66,,75,29,23,27,71,39,75,20,45,24,18,30,34,26,61,55,31,33,37,62,25,24,46,23,39,28,71,45,23,29,66,160,79,65,56,65,141,232,90,78,86,56,44,65,50,75,55,64,51,51,38,47,75,94,59,102,70,149,58,168,145,193,122,85,41,19,233,126,
20190228,0,PM2.5,97,101,220,104,116,112,169,27,26,107,158,148,160,135,56,200,56,125,279,28,41,46,24,38,78,39,36,40,42,36,54,34,59,49,28,27,63,37,34,14,14,12,10,10,44,50,39,31,125,43,74,20,35,77,37,33,80,37,43,48,47,142,21,11,73,49,14,22,9,79,48,46,69,127,43,32,78,46,78,130,98,130,67,107,137,100,182,223,87,197,267,53,135,57,186,184,13,35,23,27,37,34,43,37,44,53,52,67,26,62,59,113,157,127,21,131,182,120,174,112,312,446,168,61,47,60,99,106,63,134,78,96,41,44,28,43,29,10,42,13,14,50,48,14,90,67,53,68,15,13,139,159,84,62,81,51,48,72,49,91,243,101,60,34,60,245,220,190,300,225,58,77,77,54,32,25,32,31,48,28,35,42,59,16,35,37,16,33,94,64,61,45,123,69,85,143,180,83,58,57,19,102,36,89,13,47,130,146,148,61,99,113,55,65,174,41,43,153,251,345,335,435,134,31,396,41,60,58,66,48,21,15,66,62,55,32,63,27,63,57,8,10,26,50,19,55,25,21,17,15,43,26,13,102,73,90,89,71,91,63,71,35,57,76,17,68,31,17,32,37,37,61,60,59,25,57,57,41,51,8,40,28,17,35,45,14,5,19,37,37,50,64,62,55,59,52,48,,55,20,16,12,52,27,55,14,22,10,7,17,22,7,44,26,19,23,26,41,12,15,26,13,19,6,19,30,3,5,36,122,58,47,40,47,108,182,67,47,64,40,29,33,35,55,36,46,35,23,21,11,55,70,42,42,35,114,32,70,48,105,36,63,27,6,183,96,
20190228,0,PM2.5_24h,91,66,112,72,68,168,80,52,43,73,122,192,154,152,31,177,57,140,371,26,35,31,23,22,51,36,31,36,34,30,35,29,35,30,22,55,37,25,25,28,11,21,17,21,30,48,34,40,97,30,121,35,64,59,30,35,72,54,37,51,41,88,30,17,63,43,14,16,17,73,46,42,48,116,75,59,42,32,131,83,131,106,45,60,149,98,184,164,57,118,158,40,99,25,95,144,20,35,26,29,39,31,37,53,49,54,45,43,16,57,36,115,129,111,29,119,148,103,127,133,470,298,200,45,39,43,159,146,86,151,75,140,85,58,53,65,54,9,31,14,20,33,48,12,53,51,38,67,12,10,150,130,87,80,106,33,39,40,41,53,194,94,72,25,73,169,169,147,201,159,33,47,55,45,32,31,30,31,46,34,33,40,51,20,23,20,13,24,77,55,51,50,142,65,101,120,157,130,45,94,15,53,27,94,13,43,91,144,146,67,125,152,76,66,116,102,58,173,118,263,207,242,205,61,492,27,41,43,50,46,34,19,42,43,40,28,44,30,43,50,18,20,28,41,23,40,39,28,16,29,29,30,15,131,133,87,68,53,76,46,51,63,60,98,44,85,31,40,62,39,49,50,36,97,14,34,32,45,48,18,33,27,21,41,50,11,14,16,36,36,39,58,45,44,58,47,33,47,51,16,10,10,49,23,38,12,16,10,7,15,17,7,27,24,15,26,29,23,12,19,20,13,10,10,10,16,5,6,38,83,60,47,47,38,68,72,50,39,48,37,28,22,28,56,35,35,43,20,9,11,54,65,34,54,22,115,32,64,47,75,35,63,13,6,144,105,
20190228,0,PM10,119,133,327,165,206,173,232,61,68,144,208,208,252,184,110,249,79,134,277,33,52,55,29,74,137,41,54,54,40,43,75,45,93,67,39,36,77,45,56,21,27,19,10,8,,42,50,51,199,85,94,26,,160,58,50,173,55,69,65,64,136,34,31,103,72,21,40,47,133,71,67,133,141,61,39,144,91,102,170,,163,69,153,190,156,211,300,149,294,395,104,170,97,239,241,19,40,31,44,58,42,,43,69,74,83,107,42,114,115,149,216,193,53,186,239,168,193,128,389,523,181,,47,62,139,132,84,214,99,112,47,90,37,,43,12,40,17,30,80,54,32,105,88,75,89,23,28,135,198,100,75,121,140,122,150,64,338,303,178,150,57,95,298,362,280,357,322,94,,114,69,38,39,39,40,68,40,41,55,77,32,47,47,,35,75,96,104,74,201,155,140,203,218,135,148,75,24,184,72,104,69,80,170,204,194,107,130,127,70,78,197,59,61,177,354,390,384,447,192,63,355,,94,79,99,62,20,20,72,89,104,43,90,30,,56,13,,46,,22,75,32,18,25,32,51,38,20,130,112,109,95,92,110,86,108,62,83,114,36,83,45,36,,62,57,,60,63,28,66,87,60,62,18,44,37,24,36,64,13,10,,64,58,68,79,76,87,80,75,58,,68,28,23,22,70,33,68,19,45,14,11,30,34,26,70,59,31,32,34,74,25,24,46,,39,13,92,45,6,8,81,153,62,59,59,57,157,257,73,105,63,48,44,79,35,62,60,56,51,52,38,47,63,78,63,153,89,153,66,285,239,335,193,99,41,9,222,117,
20190228,0,PM10_24h,106,99,188,125,128,262,126,86,82,121,183,265,234,201,73,212,90,159,310,40,49,47,38,38,87,44,55,55,46,41,53,44,56,49,34,72,47,36,45,42,21,30,22,26,35,77,48,51,149,62,150,38,52,116,46,57,149,80,70,59,54,111,43,31,86,62,25,32,55,117,66,66,106,130,83,66,95,87,165,113,139,137,58,87,213,143,214,211,102,186,226,79,128,46,138,203,25,48,40,48,57,44,47,61,70,72,68,63,37,100,68,151,174,162,54,168,190,148,153,156,434,362,230,40,48,42,202,178,107,216,97,147,68,93,64,54,74,13,53,21,34,42,51,26,68,67,50,83,19,28,137,140,100,88,141,89,122,102,60,214,251,148,123,48,118,214,288,217,256,251,56,117,97,67,50,53,56,49,66,55,48,55,69,40,39,29,18,36,107,71,76,81,202,163,151,169,192,170,126,132,20,124,56,115,36,74,124,189,173,105,155,169,96,99,137,137,73,211,150,326,246,242,281,103,532,56,55,57,66,54,26,23,46,65,66,41,64,34,38,61,36,30,44,58,35,54,55,16,25,48,37,44,26,159,183,108,78,71,96,71,75,80,84,93,63,90,49,60,40,55,71,54,32,112,23,41,50,67,60,33,43,45,29,61,70,13,20,17,51,53,53,71,54,67,78,63,39,57,65,23,15,20,76,28,48,18,27,14,13,27,43,24,44,42,25,43,40,43,21,33,50,14,20,18,32,27,8,12,66,102,69,59,72,49,112,134,64,114,71,50,45,50,32,64,44,45,45,32,22,38,105,96,50,137,67,148,59,257,229,274,159,94,29,9,169,132,
20190228,0,SO2,6,26,53,28,42,17,41,10,7,19,29,21,41,40,18,43,28,15,17,5,6,5,7,20,11,6,7,7,5,4,4,4,5,7,5,6,8,5,8,3,5,5,4,6,3,5,4,3,25,14,10,5,4,8,4,6,11,5,5,8,6,17,7,5,9,7,8,16,4,7,12,12,24,8,10,7,34,22,6,19,14,38,10,37,18,15,20,71,18,17,35,14,24,11,10,23,6,10,4,4,6,7,6,6,9,14,15,10,13,9,32,23,49,33,19,80,34,23,70,14,28,15,17,5,8,9,11,13,10,9,10,12,7,11,4,5,2,6,5,6,2,7,8,8,10,6,4,6,13,11,6,17,12,6,6,13,5,45,5,6,41,19,36,12,25,32,25,25,15,49,12,11,8,9,6,14,4,9,7,6,6,10,8,8,7,1,2,3,50,4,13,6,23,62,30,20,71,30,50,12,3,57,20,9,3,14,99,72,36,51,21,9,12,11,15,14,10,15,18,22,12,28,17,12,12,10,7,13,10,17,11,8,7,3,8,6,5,7,8,7,7,4,11,9,5,7,13,6,4,8,12,6,8,13,13,27,6,8,6,6,5,11,13,8,5,8,5,2,5,6,5,9,16,3,4,5,3,2,7,8,8,9,7,10,27,6,7,6,4,8,9,7,4,9,7,11,7,,6,8,25,11,18,16,2,7,4,27,3,5,8,7,5,8,11,8,5,7,5,4,7,8,4,4,9,3,9,2,6,29,12,19,12,19,9,17,7,19,11,6,10,13,7,18,30,12,10,26,12,6,12,11,7,26,8,16,10,13,6,22,26,34,4,2,10,5,
20190228,0,SO2_24h,8,19,32,51,40,26,22,13,13,19,36,37,42,33,16,56,30,18,33,6,8,4,8,11,12,8,7,9,6,4,5,5,5,7,6,6,6,5,6,4,5,6,4,6,3,5,6,3,24,12,13,5,4,7,4,6,11,7,6,8,6,14,8,5,10,6,10,13,4,6,11,14,27,7,11,7,23,19,26,43,32,46,11,19,26,17,33,40,17,20,31,14,23,6,21,35,7,10,4,4,7,7,7,6,9,14,12,10,10,15,26,19,29,38,15,41,37,37,64,18,41,17,20,4,10,8,11,17,13,17,16,10,7,8,5,4,2,7,7,6,2,5,9,18,10,7,3,4,13,12,7,11,11,5,7,8,6,52,7,5,37,23,25,9,21,30,27,30,22,53,13,17,12,9,7,14,5,24,6,8,7,10,6,9,5,1,3,4,54,4,10,7,20,49,35,12,39,33,61,23,3,27,18,15,8,13,63,41,33,44,18,17,20,17,17,14,14,16,16,19,13,20,20,13,18,31,7,12,12,11,9,10,8,3,7,6,6,8,7,9,9,7,12,10,6,6,12,8,3,8,8,6,8,14,14,19,7,9,6,10,5,7,19,11,4,8,5,2,6,6,5,8,11,3,5,5,3,4,8,12,7,11,9,12,22,6,7,6,6,8,8,8,6,7,9,9,6,2,4,8,19,16,21,20,2,9,2,16,4,5,10,7,5,8,13,13,6,6,4,7,8,6,4,4,9,4,9,2,6,15,17,22,34,15,10,15,7,17,10,14,8,7,11,11,16,15,11,26,6,6,22,20,7,13,19,15,12,9,6,11,20,27,4,2,18,10,
20190228,0,NO2,72,94,112,85,89,31,101,13,37,66,73,79,88,104,71,92,70,45,46,41,33,44,23,77,68,24,38,33,30,29,33,20,66,53,35,62,55,52,54,25,10,54,36,28,44,25,49,35,93,92,43,35,27,89,35,37,80,49,41,71,39,81,32,10,43,70,14,39,5,54,80,36,79,84,20,31,86,49,54,59,64,80,40,87,68,67,70,104,57,81,124,43,72,87,37,101,21,30,6,16,41,14,20,24,39,29,40,37,45,32,54,30,81,79,12,95,69,59,100,27,59,88,31,60,51,34,43,59,30,76,42,75,37,65,24,36,11,14,13,17,7,57,26,26,43,20,51,17,18,9,39,72,56,39,62,27,69,77,32,47,105,61,106,58,62,68,70,65,81,129,28,67,57,58,15,29,32,30,31,30,43,27,41,15,47,23,40,51,55,34,49,42,82,74,78,70,97,84,74,23,7,90,42,29,4,11,62,93,85,53,48,40,43,24,24,23,15,37,43,48,56,55,57,19,46,8,55,29,81,33,12,22,42,51,71,55,79,30,27,19,15,13,31,18,17,17,36,19,15,16,24,15,23,44,83,44,32,58,59,35,50,37,39,76,33,45,12,38,24,26,27,27,21,20,14,21,9,11,23,14,51,19,22,18,38,10,16,19,28,32,36,27,45,58,21,56,22,,44,8,21,7,23,11,17,14,24,13,10,14,26,9,35,7,13,10,22,41,8,29,11,7,38,4,9,3,15,3,28,94,42,47,44,31,50,56,20,36,28,26,27,31,19,34,28,14,32,18,26,26,35,42,18,70,70,36,40,82,17,91,50,71,29,11,55,28,
20190228,0,NO2_24h,60,69,77,69,79,57,71,25,34,61,78,75,83,69,41,88,66,55,75,48,39,50,23,37,37,25,47,45,29,22,24,19,30,47,47,56,52,40,41,31,21,41,38,29,36,44,27,33,63,61,50,30,28,77,25,42,71,49,41,46,27,67,31,11,38,45,17,26,12,44,56,34,49,56,26,33,49,35,65,41,57,70,32,46,51,46,66,62,37,58,73,35,43,42,40,80,23,20,10,12,34,9,25,31,37,21,25,41,23,30,34,35,43,63,20,63,64,65,80,36,52,74,46,49,42,29,58,47,34,50,33,40,27,27,19,18,16,19,18,19,7,30,30,29,35,19,30,17,22,10,45,38,39,33,43,20,27,42,26,24,59,47,70,45,48,37,50,48,61,86,36,43,45,64,25,45,43,36,41,47,52,38,40,15,47,25,46,52,57,20,25,35,49,53,58,33,68,55,50,43,8,37,33,28,5,11,41,68,67,36,48,38,41,28,22,20,26,45,24,41,39,36,61,16,52,16,32,27,42,33,15,24,33,28,27,25,30,37,33,29,22,16,23,25,20,29,35,25,17,27,29,16,33,43,65,36,29,26,27,25,22,32,30,41,27,24,10,24,33,19,27,30,23,22,21,25,10,16,17,16,34,23,23,24,27,17,20,23,25,31,24,26,32,41,23,35,25,16,25,7,12,10,35,14,17,16,12,17,9,15,20,8,22,10,23,11,15,20,8,18,17,4,19,5,9,3,11,5,25,54,24,40,29,29,32,32,29,28,21,24,28,20,16,35,20,18,22,15,11,23,42,41,22,40,29,34,25,34,10,33,29,58,10,14,37,20,
20190228,0,O3,28,13,5,11,9,72,14,70,30,44,53,33,24,8,12,20,28,38,41,58,45,44,61,6,11,55,41,52,43,44,39,57,10,14,42,6,19,22,20,37,77,5,19,31,38,81,36,36,22,11,60,39,49,5,41,52,4,9,11,5,45,4,3,40,15,3,43,38,85,40,8,63,36,42,55,48,6,48,45,11,27,16,56,7,51,54,30,8,27,40,5,54,44,4,108,21,15,62,78,47,5,66,57,42,4,50,44,4,30,61,16,114,38,21,56,20,27,20,8,78,52,42,41,15,27,26,63,39,70,35,56,26,33,5,39,43,67,63,52,27,54,12,28,56,4,16,19,48,49,54,44,21,3,26,21,69,23,28,70,16,14,40,11,50,35,43,32,74,27,11,90,39,30,34,68,70,53,65,56,53,23,57,31,73,32,16,36,15,46,26,42,52,32,17,28,38,12,6,21,55,77,20,51,31,51,107,25,9,23,16,55,12,6,44,48,47,86,66,98,104,59,105,84,49,34,84,21,42,14,43,57,29,32,31,16,19,12,33,55,99,16,17,21,81,14,42,30,41,43,82,44,41,20,62,24,68,51,22,18,46,15,16,12,2,25,23,44,21,26,39,19,54,61,60,62,64,64,69,24,8,4,5,2,5,5,28,17,14,4,57,29,29,2,4,35,32,24,,13,48,38,86,50,35,82,51,38,77,56,52,45,66,19,60,71,69,49,23,72,24,58,73,33,89,36,62,73,92,47,8,39,31,28,72,31,30,76,47,54,64,61,44,87,57,84,58,35,47,53,58,51,37,82,21,28,77,64,8,46,15,32,33,21,62,54,70,
20190228,0,O3_24h,98,93,69,93,61,131,87,103,95,101,74,115,79,120,91,90,60,91,119,77,71,71,94,106,89,88,68,72,75,86,78,91,101,60,70,76,51,67,71,77,80,42,38,61,75,101,101,57,117,101,128,66,87,68,87,104,62,91,89,100,105,15,8,80,42,70,53,83,95,91,75,102,109,82,76,69,99,107,89,90,125,97,136,82,122,131,125,143,108,129,121,126,109,106,135,126,16,125,83,83,90,105,104,89,5,145,123,13,86,124,95,141,146,117,76,111,82,66,97,122,204,161,111,54,65,55,123,132,122,147,103,136,97,91,86,104,96,64,89,32,87,91,52,88,33,47,85,86,57,77,110,122,75,79,122,113,115,119,120,88,134,138,139,105,138,136,150,185,159,133,101,151,158,58,81,87,74,147,77,66,54,76,67,111,26,22,65,47,98,77,107,132,154,109,128,139,127,119,116,102,86,109,107,83,106,126,102,91,79,101,98,99,72,93,93,103,108,114,127,137,132,122,175,99,175,84,81,74,89,70,77,64,80,81,96,53,97,58,69,133,43,68,79,103,29,50,45,42,49,82,50,47,20,119,130,115,99,109,105,98,93,54,81,86,65,93,71,72,51,81,56,88,73,91,63,81,87,78,82,9,20,14,9,8,72,28,22,22,16,79,69,53,40,68,70,85,58,84,63,108,72,101,99,48,103,65,94,77,56,87,95,80,88,91,91,100,96,106,84,81,76,90,72,103,43,88,80,99,99,111,103,85,89,107,110,128,101,110,72,99,95,99,116,106,115,89,109,121,99,91,107,103,94,100,99,147,92,102,87,101,73,102,84,76,100,102,
20190228,0,O3_8h,55,38,32,34,12,94,46,79,63,58,51,70,42,60,45,33,30,53,49,56,46,36,76,47,39,63,27,48,50,57,58,67,50,21,47,19,16,23,40,47,72,15,20,28,42,75,64,39,54,31,80,39,61,9,55,73,10,43,38,49,72,4,4,49,21,31,41,58,88,56,36,77,71,58,60,53,37,70,53,37,51,31,69,32,76,78,74,62,55,71,52,82,55,26,120,54,9,85,77,62,21,93,75,62,4,80,82,4,62,83,46,117,93,56,58,55,42,25,25,87,62,55,43,12,27,27,71,79,90,86,74,76,61,37,51,74,72,50,57,26,63,37,30,64,11,28,35,61,43,63,59,74,25,41,48,89,81,72,83,56,75,54,41,67,55,102,80,116,81,53,82,78,53,39,69,64,55,73,48,55,17,52,44,91,29,19,35,12,46,49,69,84,109,61,66,87,53,70,62,49,80,51,64,39,56,107,44,36,43,41,61,44,20,59,60,67,63,41,105,121,103,113,84,59,46,64,41,49,42,40,54,36,48,54,51,34,57,38,58,96,16,23,40,88,18,46,36,34,44,57,39,38,14,80,71,80,63,64,59,64,49,32,39,35,40,46,55,45,37,57,29,58,62,65,48,71,70,69,57,5,5,5,2,5,38,26,13,16,8,65,41,31,18,28,47,46,31,,35,68,50,88,56,34,88,38,70,64,44,65,65,73,50,74,77,85,68,55,75,60,46,81,50,96,39,71,76,92,60,46,74,53,57,81,67,91,81,78,57,70,77,69,100,83,91,66,66,67,81,69,72,75,88,75,69,92,79,65,65,74,55,69,50,60,80,90,
20190228,0,O3_8h_24h,76,71,53,72,43,111,72,95,89,83,53,90,54,102,83,58,39,75,95,69,56,63,87,93,76,77,62,63,66,80,72,83,87,44,53,55,39,55,48,65,72,32,30,44,66,84,89,48,97,76,109,58,71,31,80,94,30,72,68,78,99,8,6,69,32,57,46,78,92,78,62,84,94,71,70,63,82,99,67,70,94,81,101,73,104,113,109,126,98,110,101,106,93,89,124,105,11,106,79,76,75,100,87,77,5,122,110,7,79,115,83,127,131,96,72,90,65,41,70,108,143,119,95,45,58,48,109,111,109,127,95,115,87,79,76,99,90,50,74,26,82,77,40,79,21,36,73,77,50,72,95,110,62,68,98,106,105,107,92,81,118,122,107,95,118,123,129,156,135,118,86,120,123,58,71,82,70,89,72,57,54,64,67,106,23,19,49,45,77,69,94,111,140,93,109,126,111,106,104,89,80,92,96,74,75,122,90,68,61,90,80,80,50,82,86,94,91,97,111,124,121,115,146,76,82,73,63,59,75,46,62,53,70,69,80,46,78,44,61,109,30,49,66,90,23,46,39,37,44,57,39,43,14,106,109,105,89,94,93,85,79,43,67,75,57,88,65,61,48,75,51,74,67,79,48,74,83,73,76,5,11,9,5,6,49,26,14,16,13,71,59,44,29,53,56,73,47,61,56,91,62,96,80,39,99,54,80,64,44,78,90,75,86,80,89,94,87,89,80,68,62,88,66,100,40,83,77,94,93,86,95,76,78,94,99,115,97,102,66,86,86,94,112,98,107,85,99,93,98,85,92,96,88,92,86,131,83,91,80,95,68,89,73,68,88,94,
20190228,0,CO,1.06,1.31,2.80,1.57,3.26,0.95,1.98,0.75,0.77,1.18,1.40,1.40,2.02,1.64,1.42,1.99,1.20,1.14,1.27,0.57,0.68,0.54,0.40,0.95,1.29,0.40,0.78,0.65,0.40,0.55,0.82,0.43,0.73,0.98,0.76,0.95,0.83,0.80,0.80,0.57,0.53,0.63,0.57,0.87,0.59,0.66,0.70,1.13,1.30,0.89,0.55,0.54,0.69,2.04,0.68,0.57,1.86,1.13,1.23,0.94,0.72,1.93,1.34,0.55,0.87,0.88,0.69,0.78,0.48,1.05,1.20,1.07,1.12,1.90,0.68,0.47,2.26,0.84,0.53,2.35,1.17,2.15,0.50,1.52,1.00,1.00,1.67,2.85,0.86,1.77,2.17,1.00,1.27,1.00,1.40,1.45,1.22,0.80,0.52,0.57,0.90,0.70,0.90,1.40,2.25,1.10,1.45,3.45,1.13,0.87,2.67,1.27,2.48,1.57,0.50,4.68,2.17,2.62,2.20,0.92,2.73,2.04,0.76,0.73,0.60,1.07,0.64,1.30,0.77,1.53,0.77,1.07,0.72,1.40,0.84,1.32,0.47,1.10,0.83,1.08,0.60,0.85,0.76,0.34,0.97,0.80,1.00,0.74,0.74,0.55,0.93,1.33,2.10,0.99,0.70,1.00,0.70,1.23,0.76,1.60,2.40,1.25,1.55,0.70,0.60,2.75,2.90,2.80,3.40,3.60,1.95,1.70,2.25,0.73,0.50,0.50,0.70,0.45,0.95,0.87,1.95,1.60,1.10,0.20,0.90,0.80,0.60,0.80,1.95,0.70,0.80,0.80,1.20,1.28,0.95,1.54,1.60,1.00,1.43,0.87,0.20,1.95,0.80,1.10,0.25,0.65,1.46,3.17,1.80,1.55,1.40,1.40,0.75,1.35,0.75,0.40,0.63,1.27,1.60,1.90,1.60,1.82,1.20,0.75,1.70,0.40,0.70,0.60,0.90,0.57,0.63,0.67,0.60,0.57,0.90,0.57,0.65,0.60,0.77,0.77,0.77,0.83,0.93,0.60,0.73,1.07,0.97,0.63,1.38,0.82,1.37,0.82,1.00,0.83,1.07,0.93,0.97,0.70,0.96,0.57,0.63,1.26,1.00,1.30,0.57,0.90,0.70,0.60,0.57,0.80,1.10,0.72,0.88,0.95,1.00,0.73,0.93,0.42,0.75,1.13,1.43,1.20,1.13,1.25,1.50,0.65,0.95,0.95,1.15,0.83,0.80,0.98,0.90,0.87,0.78,0.70,0.73,,0.77,0.40,0.60,0.40,0.98,0.83,0.85,0.90,0.40,0.90,0.70,0.45,1.00,0.60,0.45,0.70,0.55,0.33,0.60,0.75,0.60,0.80,0.60,0.80,0.65,0.45,0.70,1.05,0.50,0.35,1.07,2.40,0.95,1.05,1.00,0.65,1.50,1.25,0.70,0.80,0.90,0.95,1.30,1.00,1.10,0.90,0.90,0.90,1.00,1.10,0.80,0.40,0.63,0.95,1.15,2.80,1.40,1.45,1.00,1.40,0.70,3.20,1.60,2.70,2.70,1.20,1.85,1.30,
20190228,0,CO_24h,1.09,1.44,1.64,2.02,2.18,1.70,1.30,1.02,1.00,1.50,1.53,2.05,1.85,1.74,1.12,1.93,1.17,1.21,1.69,0.63,0.76,0.54,0.50,0.63,0.90,0.43,0.74,0.75,0.47,0.58,0.80,0.47,0.47,0.79,0.75,0.95,0.63,0.73,0.73,0.50,0.53,0.77,0.77,0.90,0.56,0.68,0.57,1.07,1.06,0.67,0.94,0.72,0.99,1.57,0.65,0.75,1.54,1.33,1.33,0.90,0.70,1.67,1.40,0.53,0.79,0.75,0.62,0.76,0.57,1.03,1.07,1.27,1.40,1.63,0.88,0.77,1.52,0.82,1.60,1.58,1.50,1.48,0.57,0.72,1.20,0.90,1.73,1.82,0.76,1.12,1.55,0.90,0.93,0.37,0.90,1.38,1.30,0.70,0.63,0.70,1.10,0.60,1.35,1.35,2.30,0.95,0.92,1.80,1.23,0.90,1.65,1.48,1.96,1.48,0.60,1.87,1.58,2.32,1.38,1.10,2.25,1.80,0.92,0.80,0.70,0.53,1.10,1.47,0.87,1.67,0.80,1.10,0.86,1.00,0.90,1.05,0.67,1.03,1.03,1.15,0.60,0.55,0.74,0.74,0.70,0.77,0.80,0.72,0.62,0.60,1.00,1.13,1.33,0.99,0.93,0.80,0.55,0.97,0.74,0.73,2.00,1.25,1.00,0.55,0.60,1.75,2.25,2.05,2.30,2.60,1.05,1.10,1.50,0.80,0.70,0.55,0.85,0.75,1.00,0.97,2.15,1.50,1.25,0.20,0.75,1.30,0.70,0.80,1.35,0.53,0.75,0.80,1.56,1.02,1.33,1.28,1.65,1.57,1.23,0.87,0.30,0.95,0.50,1.03,0.40,0.65,0.96,2.13,1.15,1.20,1.13,1.30,0.95,1.30,0.60,0.55,0.70,1.30,1.00,1.67,1.10,1.27,1.30,0.75,2.55,0.40,0.60,0.50,0.70,0.70,0.63,0.77,0.50,0.47,0.60,0.53,0.35,0.70,0.60,0.80,1.13,0.77,0.87,0.80,0.85,1.38,1.17,0.75,1.40,0.93,1.27,1.05,1.20,1.00,1.60,0.90,0.97,0.57,0.90,0.53,0.43,1.26,1.00,1.05,0.80,0.78,0.75,0.75,0.80,0.83,1.00,0.98,1.13,1.10,1.10,0.92,1.10,1.45,1.05,1.45,1.50,1.80,1.20,1.95,1.40,0.80,1.10,0.95,1.05,0.87,0.73,0.93,0.77,0.73,0.75,0.55,0.70,0.60,0.65,0.35,0.50,0.57,1.50,0.80,1.10,0.80,0.25,0.80,0.40,0.50,0.85,0.65,0.40,0.75,0.65,0.50,0.70,0.60,0.60,0.80,0.80,0.40,0.45,0.50,0.60,0.85,0.40,0.35,1.00,1.47,0.85,1.00,0.90,0.95,1.00,0.75,0.80,0.75,0.85,0.90,1.10,0.85,1.00,0.70,0.70,0.70,0.90,0.90,0.50,0.30,0.50,0.90,1.15,1.65,0.85,1.40,0.80,0.95,0.60,1.25,0.65,2.67,1.00,0.90,1.50,1.60,
20190228,1,AQI,123,139,272,133,167,151,236,56,58,151,202,199,208,169,80,245,80,160,287,39,54,59,39,63,105,63,50,58,60,54,74,53,84,66,44,33,84,51,59,21,30,28,20,19,64,60,55,43,157,67,99,33,50,110,54,51,105,51,66,71,60,184,35,32,101,71,17,34,28,113,64,61,98,169,60,49,94,68,98,179,114,196,99,149,170,149,231,275,116,239,288,92,203,81,236,242,21,55,31,39,52,49,61,65,61,80,64,85,41,83,79,144,204,164,50,157,222,150,204,133,413,317,194,78,69,86,128,139,86,174,106,133,58,77,37,55,47,19,48,19,31,69,71,29,116,94,78,91,20,34,186,208,109,85,111,89,82,85,66,190,269,136,104,55,,303,270,229,353,,113,125,98,76,43,,59,43,61,50,54,,76,,,,29,,120,88,81,71,163,107,119,199,215,114,92,71,26,131,53,94,60,75,164,163,204,81,133,161,78,80,220,68,61,218,330,422,366,457,212,59,425,36,83,86,100,68,33,13,90,79,80,43,94,40,85,71,13,14,45,68,36,83,39,31,29,33,63,37,20,143,104,109,133,103,119,89,90,55,80,101,38,83,47,39,47,56,58,80,78,73,43,78,76,64,65,17,51,45,34,46,64,17,9,23,58,53,66,79,85,71,75,69,65,,74,26,31,27,52,15,68,19,46,24,18,22,32,35,59,38,24,33,38,56,23,28,27,27,26,28,66,39,23,28,64,166,76,64,56,63,115,150,85,79,89,54,39,54,46,84,80,54,50,41,38,42,79,85,60,100,74,148,62,176,146,299,114,85,43,19,239,133,
20190228,1,PM2.5,93,106,222,101,127,116,186,24,27,116,152,149,158,128,48,195,59,122,237,27,38,42,27,42,79,45,31,41,43,38,54,37,62,48,31,23,62,36,42,14,18,11,10,13,46,43,39,28,120,44,74,23,35,83,36,33,76,36,44,52,43,139,19,12,76,52,11,22,6,85,46,44,73,128,43,34,66,41,73,135,86,147,74,114,129,114,181,225,88,189,238,65,153,60,186,192,12,39,21,21,35,32,44,47,44,59,46,63,24,59,53,110,154,125,16,120,172,115,154,101,369,267,146,57,50,64,97,106,64,132,80,101,41,49,26,39,33,8,31,13,14,50,52,13,88,70,57,68,14,15,140,158,82,63,84,52,43,52,48,91,219,104,78,33,,253,220,179,303,,85,95,73,56,30,,42,30,44,35,38,,56,,,,20,,91,65,60,49,124,75,90,149,165,86,47,52,18,100,33,70,16,55,125,124,154,60,101,123,57,59,170,49,44,168,280,383,316,435,162,31,387,25,61,64,75,49,23,9,67,58,59,30,70,28,63,52,7,10,26,49,25,61,27,22,20,13,45,24,14,109,78,82,101,77,90,66,67,37,59,76,19,61,28,17,33,40,41,59,57,53,30,57,56,46,47,7,36,30,22,32,46,11,5,16,37,36,48,58,63,52,55,50,47,,54,18,22,12,33,10,49,13,9,9,5,14,17,5,41,26,17,23,18,39,16,16,19,19,13,6,23,24,3,3,42,126,56,46,38,45,87,115,63,43,66,38,25,32,32,62,59,38,35,22,23,11,58,63,42,35,41,113,41,77,52,152,38,63,23,8,189,101,
20190228,1,PM2.5_24h,92,68,119,73,71,162,86,49,42,75,127,187,154,151,32,176,58,140,341,27,36,32,24,23,53,37,32,37,35,31,37,29,36,32,23,53,38,25,27,26,12,20,16,20,31,48,34,38,98,31,117,32,61,61,30,33,74,53,37,50,40,93,29,16,64,43,14,16,16,74,47,43,48,115,73,58,43,32,126,89,129,108,46,63,147,97,184,166,59,124,170,41,102,27,101,150,19,36,26,28,39,31,36,53,50,55,45,44,17,57,37,113,130,113,28,118,149,104,128,131,466,303,190,46,40,42,157,140,83,150,75,136,81,57,50,62,52,10,31,14,19,34,48,12,54,52,38,66,12,10,151,133,87,80,108,34,39,41,41,54,196,95,72,25,,175,172,149,207,,37,50,56,46,32,,31,30,46,34,34,,52,,,,13,,78,54,52,50,141,65,100,120,153,127,46,92,15,55,27,93,13,44,91,139,142,67,124,150,75,65,118,99,57,170,128,275,219,254,203,62,487,27,43,45,52,46,32,18,44,44,41,28,45,29,45,51,18,19,28,42,23,40,38,28,16,27,29,30,15,128,129,87,70,55,75,48,51,60,63,96,40,82,30,36,60,39,47,50,37,92,14,35,35,45,48,17,34,28,21,41,50,10,14,16,36,35,40,58,46,45,58,46,34,,51,17,10,10,47,23,38,12,16,10,7,15,16,8,27,24,15,26,28,24,12,19,20,13,10,10,10,17,5,6,38,84,59,47,46,39,69,74,50,39,47,36,28,22,28,56,35,35,43,20,10,11,55,64,34,37,22,115,33,63,46,77,34,62,13,6,147,105,
20190228,1,PM10,114,139,330,158,230,182,242,62,66,167,205,193,230,178,109,251,81,141,238,31,48,57,34,76,132,43,50,56,50,43,73,50,108,62,42,30,76,45,59,21,30,15,11,13,44,45,57,43,185,84,97,28,,165,58,51,159,47,82,73,58,166,35,32,99,76,17,34,28,136,70,64,136,159,52,38,138,85,96,174,91,185,68,174,191,165,198,309,153,291,345,133,183,100,235,249,21,51,31,39,54,49,,54,60,80,77,113,41,115,108,143,216,185,50,175,226,164,190,116,470,336,166,,56,69,121,139,88,192,101,131,50,104,35,50,47,13,48,17,31,80,64,29,101,90,78,87,20,34,148,188,102,85,120,127,114,120,69,330,283,178,130,59,,311,353,261,362,,112,,136,66,41,,46,36,64,45,49,,76,,,,,,109,91,105,92,198,163,132,207,203,139,133,72,23,152,55,90,70,83,167,191,198,100,133,153,65,77,196,78,57,200,336,424,365,462,221,67,,,99,87,107,68,,12,75,86,107,39,98,31,,65,8,,45,,25,85,36,,25,33,54,37,20,142,108,103,90,99,111,100,107,60,88,120,38,56,47,39,,62,56,60,71,63,33,66,88,56,58,17,50,45,34,32,69,17,5,21,66,56,68,61,75,92,73,66,56,,70,23,,23,53,15,60,18,46,12,10,22,32,35,68,38,22,29,38,62,21,28,27,,26,13,82,39,6,7,78,157,72,78,61,72,141,238,84,108,69,46,39,58,36,71,64,43,46,41,38,42,68,,69,149,98,150,73,302,241,419,177,107,43,,219,172,
20190228,1,PM10_24h,107,101,197,127,133,254,131,84,81,124,188,259,234,201,76,214,89,161,307,40,50,47,38,40,88,45,56,55,46,41,55,44,58,50,35,69,49,37,46,41,22,29,21,25,35,76,49,49,150,64,144,35,52,119,46,55,153,78,71,59,55,117,43,31,87,62,25,33,48,119,67,65,106,133,82,65,97,87,159,121,136,139,58,92,210,142,213,214,104,194,237,83,131,49,144,209,25,48,39,48,57,45,47,60,71,73,70,67,37,101,71,151,175,164,53,168,192,149,155,153,441,368,226,42,49,42,199,172,102,214,97,146,66,92,61,52,70,13,51,21,34,44,52,27,69,69,50,82,19,28,138,144,101,88,142,91,122,103,60,217,253,150,123,49,,221,292,220,262,,58,117,99,67,49,,56,48,66,54,49,,69,,,,18,,107,72,80,82,201,162,151,170,189,165,127,129,20,125,57,114,39,75,126,184,171,105,154,168,94,96,141,134,72,207,163,335,259,250,278,104,530,57,57,58,68,54,26,22,49,66,69,40,66,33,38,62,34,29,44,59,33,54,53,16,24,46,38,43,25,156,178,108,78,73,95,75,75,77,88,94,59,89,48,56,34,55,69,54,34,106,24,43,55,66,60,32,44,45,30,60,70,13,19,17,52,52,53,71,55,68,78,62,41,,65,23,15,20,74,28,47,19,29,14,13,28,42,25,45,42,25,42,41,44,21,33,49,14,21,18,36,28,8,12,64,104,69,60,70,51,114,140,64,115,68,48,45,50,32,64,45,45,45,32,23,38,103,96,51,129,68,149,59,256,228,277,156,93,30,9,171,134,
20190228,1,SO2,6,20,44,23,45,17,45,9,7,17,27,23,56,42,19,42,24,15,16,5,6,5,7,15,10,5,8,8,5,4,4,4,5,8,5,6,9,7,10,3,5,5,3,6,3,4,4,5,20,13,9,5,4,8,4,6,12,4,5,8,6,12,7,4,9,7,8,16,3,7,11,14,19,9,10,8,26,15,9,19,13,39,8,25,20,12,18,62,17,15,23,15,27,10,13,22,6,11,4,4,7,7,6,8,8,15,13,9,17,8,41,20,51,33,16,73,29,22,51,14,26,5,10,5,7,10,11,12,10,8,10,10,7,7,3,5,2,7,5,8,3,6,9,9,10,8,5,5,13,12,6,11,9,5,5,24,4,25,5,6,42,20,29,10,,23,25,28,14,,12,10,8,9,6,,5,10,7,8,6,,7,,,,2,,43,4,11,9,27,63,31,19,32,33,74,10,3,44,21,8,3,13,109,59,31,36,29,10,10,10,14,20,10,16,21,26,8,33,17,10,9,10,7,12,13,15,10,6,12,3,7,7,4,6,8,7,13,4,10,8,5,8,13,6,4,7,11,5,8,11,14,15,6,7,6,7,4,13,13,7,5,7,5,2,5,6,5,7,14,3,4,5,3,3,6,8,10,8,7,9,24,6,7,6,4,8,10,7,4,11,6,13,7,,6,9,23,10,17,10,2,7,3,23,4,5,8,7,5,8,14,15,5,6,4,5,7,7,3,4,8,4,8,2,8,29,10,13,12,14,10,15,6,12,10,5,8,17,6,17,31,11,10,20,8,6,11,11,7,18,10,16,11,15,6,19,34,34,3,2,10,6,
20190228,1,SO2_24h,8,19,33,49,40,25,23,13,11,19,36,36,43,33,17,57,30,18,31,6,8,4,8,11,12,7,7,9,6,4,5,5,5,8,6,6,7,5,6,4,5,6,4,6,3,5,6,4,24,13,13,5,4,7,4,6,11,7,6,8,6,14,8,5,10,6,10,14,4,6,11,14,27,8,11,7,24,19,25,40,31,46,11,20,26,16,32,40,17,20,32,14,24,7,21,35,7,10,4,4,7,7,7,6,9,14,12,10,10,14,27,20,29,39,15,43,37,37,62,18,41,17,19,4,10,8,11,16,13,17,15,10,7,7,5,4,2,7,7,6,2,5,9,18,10,7,3,4,13,12,7,11,11,5,7,9,6,52,7,5,37,23,25,9,,30,27,31,22,,13,16,12,9,7,,5,24,6,8,7,,6,,,,3,,53,4,10,7,20,49,35,13,38,32,63,23,3,28,18,15,7,13,63,42,36,44,19,17,20,17,17,14,14,16,17,19,13,21,20,13,17,30,7,12,12,11,9,10,8,3,7,7,6,8,7,9,10,7,12,10,6,6,12,8,3,8,8,6,8,14,14,19,7,8,5,10,5,8,25,11,4,8,5,2,6,6,5,8,11,3,5,5,3,3,8,12,7,11,9,12,22,6,7,6,6,8,8,8,5,7,9,9,6,,4,8,19,16,21,19,2,9,2,16,4,5,9,7,5,8,13,13,6,6,4,7,8,6,4,4,9,4,9,2,6,16,16,23,33,15,10,15,7,18,11,14,8,7,11,11,16,15,11,26,6,6,22,20,7,13,19,15,12,9,6,12,21,28,4,2,18,10,
20190228,1,NO2,82,95,113,78,88,41,97,11,35,78,75,92,84,96,74,89,66,52,42,36,35,37,20,66,62,21,36,34,31,23,37,20,65,50,31,56,50,52,55,25,10,55,39,27,40,18,37,39,82,86,38,35,27,83,35,38,76,47,40,69,32,77,31,9,39,70,12,40,8,54,78,34,90,82,20,29,76,45,48,58,56,78,33,81,55,48,61,100,54,74,102,48,94,82,35,102,18,37,5,11,40,9,21,47,34,37,37,35,46,27,52,26,88,79,15,89,64,62,91,25,61,55,30,65,47,34,39,68,33,63,48,69,36,58,23,39,12,14,14,15,5,51,23,25,37,22,51,16,17,9,53,55,51,43,61,33,59,50,30,38,111,48,99,58,,48,90,60,80,,28,64,56,49,22,,31,30,43,31,48,,39,,,,38,,56,36,38,51,84,70,90,60,97,80,75,22,8,74,39,24,6,10,60,91,84,50,59,41,33,30,25,27,13,42,41,57,58,57,35,12,43,8,53,32,76,34,11,21,44,52,72,50,75,27,33,20,19,14,29,18,16,15,36,17,13,14,25,15,20,54,90,37,37,63,61,31,50,39,30,65,32,33,9,35,20,27,31,26,22,19,14,20,9,12,21,14,42,18,20,18,36,9,14,15,27,35,31,20,41,54,22,54,20,,44,6,17,5,23,7,13,11,17,14,7,12,22,9,34,7,9,11,27,26,7,25,10,7,24,3,9,3,13,4,31,103,45,50,43,29,40,34,31,40,23,22,22,27,21,23,34,17,32,20,24,24,31,41,17,61,85,44,40,72,13,87,54,82,15,12,43,26,
20190228,1,NO2_24h,61,70,79,69,79,55,72,24,34,60,78,75,83,70,42,87,66,54,71,48,40,50,23,38,38,25,48,45,29,22,25,19,31,48,47,55,53,42,43,30,21,42,38,29,36,42,27,33,64,63,50,30,28,79,25,40,72,49,41,47,28,68,31,11,38,46,17,27,11,45,57,34,51,57,25,33,50,35,63,42,57,70,33,48,51,46,65,63,38,59,74,36,46,45,39,81,23,21,10,12,34,9,23,31,37,21,26,42,25,31,35,35,44,63,20,64,64,66,81,35,53,74,44,50,44,29,57,46,33,51,33,42,27,28,19,19,16,19,18,19,7,31,30,29,35,19,32,16,22,10,46,39,41,34,44,21,29,42,26,24,62,47,72,46,,38,53,48,63,,35,44,46,63,25,,42,35,41,46,52,,40,,,,45,,57,20,26,36,51,53,59,34,68,54,51,42,8,38,34,28,5,11,41,69,63,36,48,38,41,28,23,21,26,45,25,43,41,37,62,16,51,15,33,27,44,33,15,24,34,29,30,26,32,37,33,29,22,15,23,24,20,28,35,24,17,26,29,17,31,43,66,37,30,28,28,25,23,33,32,42,27,25,10,24,32,19,27,30,23,22,21,24,10,16,18,16,35,23,22,24,27,17,20,22,25,32,25,26,32,41,23,36,25,,26,7,13,9,35,14,16,16,13,17,9,15,20,9,23,10,22,12,16,21,8,18,17,4,20,5,9,3,11,5,24,57,25,40,30,29,33,32,28,29,21,24,28,21,16,34,21,18,23,15,11,23,41,40,22,30,30,35,26,34,10,35,29,57,10,14,38,20,
20190228,1,O3,19,12,5,28,7,51,14,70,31,29,50,21,21,10,7,18,30,32,41,58,41,47,63,17,14,52,40,47,41,50,33,56,6,16,47,8,23,22,14,34,75,6,13,29,37,88,46,26,30,14,62,37,46,3,42,50,4,5,12,4,55,4,4,40,17,3,43,34,82,32,7,61,18,41,50,46,8,52,49,10,34,16,57,6,58,68,34,8,25,43,11,41,16,4,105,15,19,47,75,50,6,75,53,5,4,35,42,3,25,62,17,110,27,19,50,24,26,16,9,79,58,50,39,9,28,24,61,25,59,39,48,25,26,6,41,35,63,62,44,25,57,15,32,59,6,14,19,46,49,54,23,33,3,20,24,62,27,48,70,21,6,61,10,46,,56,13,66,20,,100,35,29,44,53,,46,59,43,47,20,,37,,,,36,,42,22,51,44,25,15,13,40,15,4,18,52,70,32,49,35,50,108,20,11,20,16,43,6,9,29,43,36,90,52,105,91,50,89,104,56,31,84,19,35,15,41,59,39,26,25,17,42,8,35,49,95,15,16,21,73,14,41,30,42,42,85,39,38,22,39,13,66,40,14,18,47,13,13,17,2,25,34,45,22,30,35,19,52,56,57,58,61,64,67,25,8,4,5,2,5,4,28,20,19,4,40,30,38,4,5,32,33,25,,9,48,53,87,53,43,82,52,42,78,59,55,50,65,20,51,75,69,41,36,70,20,50,74,40,89,35,65,75,90,45,7,27,16,21,68,47,48,62,42,54,65,62,48,83,67,64,52,25,40,52,56,46,38,80,28,12,63,51,8,44,11,27,22,27,60,65,76,
20190228,1,O3_24h,98,93,69,93,61,131,87,103,95,101,74,115,79,120,91,90,60,91,119,77,71,71,94,106,89,88,68,72,74,86,78,91,101,58,65,76,47,63,69,77,80,41,38,61,75,102,101,57,114,101,128,66,87,68,87,104,62,91,89,100,105,15,8,80,42,70,53,83,96,91,75,102,109,82,76,69,99,107,89,89,125,97,136,82,122,131,125,143,108,129,124,126,109,106,135,126,20,125,83,83,90,105,97,89,5,145,123,13,86,124,95,141,146,117,76,111,82,66,97,122,204,161,111,51,65,55,123,132,122,147,103,136,97,90,86,104,96,64,89,32,87,91,52,88,33,47,85,86,57,77,110,122,75,79,122,113,115,119,120,88,134,138,139,105,,136,150,185,159,,102,151,158,58,81,,74,147,77,66,54,,67,,,,65,,98,76,107,132,154,109,128,139,127,119,116,102,86,109,107,83,106,126,102,91,81,101,98,99,72,93,93,103,108,114,128,137,132,120,175,99,175,84,80,72,89,63,72,65,80,81,96,61,97,55,69,133,43,68,79,103,29,50,45,44,49,85,50,47,22,119,130,115,99,109,105,98,93,54,85,86,65,92,70,72,51,81,56,88,73,91,63,81,88,78,82,10,20,14,9,8,72,29,22,22,16,79,69,53,40,68,70,85,58,,63,108,68,101,99,48,103,65,85,78,59,87,95,80,88,91,91,100,96,106,84,81,76,90,72,103,43,85,80,99,99,100,103,85,89,107,110,128,101,110,72,99,95,99,116,106,115,89,109,121,99,91,107,103,94,99,99,147,92,102,87,101,73,102,84,76,100,102,
20190228,1,O3_8h,19,12,5,28,7,51,14,70,31,29,50,21,21,10,7,18,30,32,41,58,41,47,63,17,14,52,40,47,41,50,33,56,6,16,47,8,23,22,14,34,75,6,13,29,37,88,46,26,30,14,62,37,46,3,42,50,4,5,12,4,55,4,4,40,17,3,43,34,82,32,7,61,18,41,50,46,8,52,49,10,34,16,57,6,58,68,34,8,25,43,11,41,16,4,105,15,19,47,75,50,6,75,53,5,4,35,42,3,25,62,17,110,27,19,50,24,26,16,9,79,58,50,39,9,28,24,61,25,59,39,48,25,26,6,41,35,63,62,44,25,57,15,32,59,6,14,19,46,49,54,23,33,3,20,24,62,27,48,70,21,6,61,10,46,,56,13,66,20,,100,35,29,44,53,,46,59,43,47,20,,37,,,,36,,42,22,51,44,25,15,13,40,15,4,18,52,70,32,49,35,50,108,20,11,20,16,43,6,9,29,43,36,90,52,105,91,50,89,104,56,31,84,19,35,15,41,59,39,26,25,17,42,8,35,49,95,15,16,21,73,14,41,30,42,42,85,39,38,22,39,13,66,40,14,18,47,13,13,17,2,25,34,45,22,30,35,19,52,56,57,58,61,64,67,25,8,4,5,2,5,4,28,20,19,4,40,30,38,4,5,32,33,25,,9,48,53,87,53,43,82,52,42,78,59,55,50,65,20,51,75,69,41,36,70,20,50,74,40,89,35,65,75,90,45,7,27,16,21,68,47,48,62,42,54,65,62,48,83,67,64,52,25,40,52,56,46,38,80,28,12,63,51,8,44,11,27,22,27,60,65,76,
20190228,1,O3_8h_24h,19,12,5,28,7,51,14,70,31,29,50,21,21,10,7,18,30,32,41,58,41,47,63,17,14,52,40,47,41,50,33,56,6,16,47,8,23,22,14,34,75,6,13,29,37,88,46,26,30,14,62,37,46,3,42,50,4,5,12,4,55,4,4,40,17,3,43,34,82,32,7,61,18,41,50,46,8,52,49,10,34,16,57,6,58,68,34,8,25,43,11,41,16,4,105,15,19,47,75,50,6,75,53,5,4,35,42,3,25,62,17,110,27,19,50,24,26,16,9,79,58,50,39,9,28,24,61,25,59,39,48,25,26,6,41,35,63,62,44,25,57,15,32,59,6,14,19,46,49,54,23,33,3,20,24,62,27,48,70,21,6,61,10,46,,56,13,66,20,,100,35,29,44,53,,46,59,43,47,20,,37,,,,36,,42,22,51,44,25,15,13,40,15,4,18,52,70,32,49,35,50,108,20,11,20,16,43,6,9,29,43,36,90,52,105,91,50,89,104,56,31,84,19,35,15,41,59,39,26,25,17,42,8,35,49,95,15,16,21,73,14,41,30,42,42,85,39,38,22,39,13,66,40,14,18,47,13,13,17,2,25,34,45,22,30,35,19,52,56,57,58,61,64,67,25,8,4,5,2,5,4,28,20,19,4,40,30,38,4,5,32,33,25,,9,48,53,87,53,43,82,52,42,78,59,55,50,65,20,51,75,69,41,36,70,20,50,74,40,89,35,65,75,90,45,7,27,16,21,68,47,48,62,42,54,65,62,48,83,67,64,52,25,40,52,56,46,38,80,28,12,63,51,8,44,11,27,22,27,60,65,76,
20190228,1,CO,1.09,1.37,2.86,1.23,3.46,0.90,2.05,0.72,0.72,1.27,1.37,1.35,1.63,1.61,1.68,2.02,1.24,1.19,1.16,0.57,0.68,0.51,0.38,0.92,1.23,0.37,0.76,0.60,0.38,0.60,0.80,0.43,0.80,0.99,0.75,0.90,0.90,0.80,0.83,0.50,0.53,0.63,0.57,0.87,0.56,0.56,0.67,1.13,1.14,0.84,0.55,0.54,0.74,2.09,0.68,0.55,1.84,1.03,1.00,0.96,0.68,1.97,1.27,0.53,0.83,0.92,0.71,0.68,0.48,1.07,1.30,1.13,1.14,1.97,0.74,0.57,1.82,0.74,0.68,2.70,0.97,2.52,0.50,1.63,1.00,0.90,1.60,2.33,0.90,1.65,1.70,1.10,1.23,0.97,1.37,1.52,1.20,0.87,0.52,0.57,0.90,0.63,0.90,2.00,1.75,1.15,1.32,3.15,1.90,0.80,2.80,1.25,2.54,1.57,0.65,4.90,2.07,2.75,2.10,0.92,3.17,1.30,0.68,0.73,0.57,1.03,0.66,1.23,0.77,1.47,0.77,1.23,0.74,1.05,0.82,1.13,0.50,1.07,0.83,1.05,0.55,0.72,0.74,0.36,0.73,0.80,0.95,0.74,0.70,0.55,0.97,1.17,2.00,1.04,0.73,1.20,0.70,1.03,0.82,1.23,2.80,1.15,1.45,0.65,,1.90,3.45,3.00,3.10,,1.95,1.60,2.15,0.67,0.50,,0.75,0.50,0.90,0.77,2.00,,1.15,,,,0.60,,1.85,0.70,0.93,0.80,1.18,1.12,0.97,1.52,1.50,1.00,1.83,0.83,0.30,1.15,0.65,1.03,0.25,0.65,1.42,2.95,1.77,1.52,1.60,1.60,1.30,1.60,0.80,0.45,0.57,1.63,1.50,2.07,1.60,1.77,1.20,0.55,1.60,0.40,0.72,0.60,0.90,0.57,0.63,0.67,0.55,0.57,0.80,0.55,0.70,0.60,0.80,0.85,1.27,0.87,0.80,0.60,0.75,0.90,0.93,0.57,1.35,0.85,1.30,0.88,0.95,0.97,0.93,0.85,0.93,0.70,0.90,0.53,0.67,1.34,1.05,1.13,0.53,0.67,0.70,0.65,0.50,0.80,1.05,0.70,0.88,0.95,0.90,0.70,0.87,0.47,0.85,1.10,1.50,1.17,1.17,1.25,1.45,0.75,0.90,0.85,1.15,0.93,0.77,0.93,0.90,0.90,0.78,0.67,0.67,,0.82,0.45,0.50,0.38,0.98,0.73,0.85,0.85,0.30,0.90,0.60,0.45,0.90,0.60,0.45,0.65,0.55,0.37,0.55,0.65,0.60,0.80,0.60,0.60,0.50,0.45,0.75,1.15,0.40,0.35,1.10,2.75,0.95,1.05,1.00,0.65,1.20,1.05,0.80,0.70,0.85,0.85,1.10,0.95,1.10,0.80,0.90,1.00,1.00,1.00,0.80,0.40,0.67,0.90,1.15,1.70,1.75,1.65,1.50,1.65,0.70,3.00,2.20,3.43,1.40,1.30,1.80,1.40,
20190228,1,CO_24h,1.09,1.40,1.71,1.90,2.22,1.63,1.32,0.97,1.00,1.42,1.57,2.00,1.83,1.74,1.13,1.97,1.16,1.21,1.62,0.64,0.77,0.54,0.50,0.65,0.93,0.43,0.75,0.75,0.45,0.58,0.80,0.47,0.47,0.88,0.75,0.90,0.63,0.77,0.77,0.50,0.53,0.77,0.77,0.90,0.57,0.68,0.57,1.07,1.06,0.69,0.94,0.70,0.94,1.61,0.65,0.70,1.58,1.30,1.30,0.90,0.70,1.70,1.39,0.53,0.81,0.75,0.63,0.76,0.56,1.04,1.10,1.27,1.40,1.65,0.88,0.77,1.54,0.82,1.50,1.65,1.50,1.48,0.57,0.78,1.20,0.85,1.73,1.82,0.76,1.15,1.63,0.95,0.97,0.43,0.97,1.42,1.30,0.70,0.63,0.70,1.10,0.60,1.30,1.40,2.30,0.95,0.95,1.85,1.27,0.90,1.72,1.47,1.98,1.52,0.60,2.02,1.63,2.38,1.40,1.07,2.33,1.78,0.90,0.80,0.67,0.55,1.09,1.43,0.87,1.60,0.80,1.10,0.86,1.00,0.88,1.05,0.63,1.07,1.00,1.15,0.60,0.55,0.74,0.72,0.70,0.77,0.80,0.72,0.64,0.60,1.00,1.13,1.33,1.00,0.93,0.80,0.55,0.97,0.72,0.73,2.05,1.25,1.00,0.55,,1.75,2.30,2.10,2.40,,1.10,1.10,1.55,0.80,0.70,,0.85,0.70,1.00,0.97,2.15,,1.25,,,,0.70,,1.35,0.53,0.75,0.80,1.56,1.00,1.33,1.32,1.65,1.53,1.27,0.90,0.30,1.00,0.50,1.03,0.40,0.65,0.98,2.17,1.27,1.20,1.13,1.30,0.95,1.30,0.65,0.55,0.70,1.33,1.00,1.67,1.15,1.30,1.30,0.75,2.35,0.40,0.63,0.50,0.70,0.70,0.63,0.77,0.55,0.47,0.60,0.53,0.45,0.70,0.63,0.80,1.13,0.80,0.87,0.80,0.85,1.38,1.17,0.75,1.40,0.93,1.27,1.05,1.20,0.93,1.55,0.90,0.97,0.57,0.90,0.53,0.43,1.26,1.10,1.07,0.70,0.78,0.75,0.75,0.77,0.80,1.00,0.98,1.13,1.10,1.07,0.92,1.07,1.40,1.00,1.45,1.53,1.80,1.20,1.90,1.40,0.80,1.10,1.00,1.05,0.87,0.73,0.93,0.77,0.73,0.75,0.55,0.70,,0.67,0.35,0.50,0.57,1.48,0.80,1.10,0.80,0.30,0.85,0.40,0.55,0.85,0.60,0.40,0.75,0.65,0.50,0.70,0.60,0.60,0.80,0.75,0.40,0.45,0.50,0.60,0.85,0.40,0.35,1.00,1.50,0.85,1.05,0.90,0.95,1.10,0.80,0.80,0.75,0.85,0.90,1.10,0.85,1.00,0.70,0.70,0.70,0.90,1.00,0.50,0.30,0.53,0.85,1.15,1.50,0.85,1.35,0.80,0.90,0.60,1.35,0.70,2.63,1.00,0.90,1.50,1.60,
20190228,2,AQI,99,144,271,140,146,146,234,55,56,134,196,186,203,156,78,220,83,160,263,39,53,53,44,61,105,71,46,59,58,53,76,56,85,69,44,29,78,51,58,20,31,24,20,20,66,59,63,46,153,70,100,37,51,116,54,51,101,53,59,74,59,183,33,31,103,70,15,33,28,103,63,58,89,187,61,51,92,69,106,159,105,207,104,161,180,133,222,250,120,240,240,96,173,79,239,243,14,55,28,41,54,44,64,63,46,83,65,76,49,80,81,135,211,164,51,148,218,150,206,126,439,246,166,80,71,84,125,136,91,170,100,140,58,76,39,59,55,20,56,19,29,75,89,26,101,90,85,89,20,28,193,193,101,79,111,87,79,76,79,181,280,138,94,53,,266,267,232,351,,148,108,103,66,44,,68,43,59,54,51,55,68,,,,26,,120,84,84,66,166,103,120,179,204,113,101,68,29,96,56,104,62,68,156,157,190,76,150,169,80,78,234,78,64,232,363,437,364,464,216,49,419,31,88,86,100,73,33,12,93,90,75,44,93,40,93,73,15,14,50,66,29,73,41,31,24,32,64,35,21,141,95,95,99,109,111,91,86,58,83,99,44,78,44,38,44,54,56,76,73,81,39,68,69,71,61,18,55,43,36,49,65,14,9,12,57,54,71,73,89,73,68,66,66,,74,24,21,27,40,13,71,14,41,25,19,21,25,26,61,54,23,52,39,58,24,29,31,27,21,28,34,53,23,28,68,145,80,63,53,65,113,197,79,73,90,61,54,52,40,86,59,53,46,40,32,36,76,85,58,89,78,140,64,187,140,277,115,111,39,21,241,139,
20190228,2,PM2.5,74,110,221,107,112,112,184,23,26,102,147,140,153,119,51,170,61,122,213,27,37,35,31,44,79,52,30,42,41,37,56,40,63,50,31,20,57,36,41,14,18,11,14,14,48,42,45,30,117,49,75,26,36,88,35,34,74,37,39,54,42,138,18,14,77,51,9,21,5,77,45,41,66,141,44,36,56,36,80,121,79,157,78,123,136,101,172,200,91,190,190,61,131,58,189,193,10,39,18,24,38,31,46,45,31,61,46,54,22,58,48,103,161,125,19,113,168,115,156,96,409,196,126,59,52,62,95,104,68,129,75,107,41,49,25,42,39,9,32,13,12,55,66,13,76,67,63,66,12,13,145,145,76,58,84,59,36,54,55,74,230,105,70,32,,216,217,182,301,,113,81,77,48,31,,49,30,42,38,36,39,49,,,,18,,91,62,62,48,126,69,91,135,154,85,48,49,20,61,30,78,15,49,119,120,143,56,115,128,59,57,184,57,46,182,313,406,314,446,166,25,378,22,65,64,75,53,23,8,69,67,55,31,69,28,69,53,6,10,28,48,20,53,29,22,17,11,46,23,12,108,71,71,74,82,84,68,64,41,61,74,19,57,30,21,31,37,40,56,53,60,27,49,50,52,44,9,35,30,21,34,47,10,5,5,36,38,52,53,66,53,49,48,48,,54,17,15,12,20,5,52,10,11,9,5,15,17,4,35,26,16,25,22,39,14,15,22,19,4,5,13,20,4,4,49,111,59,45,37,47,85,148,58,37,67,44,38,31,28,64,38,35,32,15,18,14,56,63,41,45,47,107,41,103,63,135,37,84,27,8,191,106,
20190228,2,PM2.5_24h,91,71,126,75,74,155,91,47,40,77,131,183,156,150,34,173,58,140,315,27,37,33,24,24,55,38,32,38,36,31,38,30,37,33,23,51,39,26,28,26,12,19,16,19,33,48,34,35,98,32,114,30,57,62,30,32,75,52,37,50,40,98,29,16,65,43,14,16,15,76,47,43,49,117,70,56,44,32,121,86,126,110,47,67,145,95,183,168,61,130,176,42,105,27,107,155,19,36,26,28,38,32,37,52,50,56,46,45,17,57,38,113,131,114,27,118,151,104,128,128,471,303,163,46,41,41,154,135,80,148,74,132,77,56,47,58,50,9,31,14,19,35,48,12,55,53,39,65,12,10,153,135,88,79,109,35,39,42,41,55,198,95,72,26,,178,175,151,213,,41,62,58,46,31,,31,30,46,35,34,40,52,,,,13,,79,54,53,51,139,64,100,120,148,123,46,89,15,56,27,92,14,44,92,135,141,67,124,149,74,64,123,95,57,168,140,285,228,267,199,61,454,27,45,46,53,45,29,17,46,46,42,28,47,28,46,51,17,19,28,43,22,40,37,27,15,26,30,30,14,125,125,86,71,58,74,50,51,57,62,91,36,79,30,35,57,38,46,50,38,88,15,36,37,45,47,17,35,28,21,42,50,10,14,16,36,34,40,58,47,45,58,45,35,,50,17,11,10,45,23,38,12,15,10,7,16,16,8,28,25,15,26,28,25,12,18,20,13,11,10,11,17,5,6,38,86,59,48,46,39,69,78,50,39,48,36,29,22,28,56,35,35,42,20,10,11,55,62,34,37,23,115,33,64,45,79,35,62,14,6,149,104,
20190228,2,PM10,103,143,335,150,227,183,245,60,61,156,196,193,246,169,105,223,81,146,227,30,48,56,39,71,132,47,46,57,46,48,80,52,119,66,42,29,71,51,59,20,31,14,16,15,37,49,70,46,174,90,96,29,,170,57,52,152,48,68,82,59,166,33,31,96,76,15,33,17,135,73,63,122,172,40,39,133,87,106,168,84,208,,176,194,148,196,264,158,274,261,141,196,93,239,251,10,60,28,41,55,41,56,61,46,84,80,101,49,110,112,137,222,174,52,170,213,170,186,112,488,232,154,,64,57,120,132,95,196,106,138,53,102,39,,46,13,62,18,29,80,78,26,89,80,82,87,20,28,173,178,97,71,115,124,108,102,108,311,303,166,114,55,,274,370,240,361,,136,159,142,71,41,,,37,60,46,52,57,71,,,,,,86,92,97,78,199,156,140,182,190,144,152,77,26,142,62,110,73,77,163,193,188,93,153,157,68,77,210,98,54,210,369,449,359,467,226,49,314,,91,95,103,68,27,12,75,94,92,43,102,30,,66,15,,50,54,21,71,35,,22,32,57,35,21,144,108,106,94,102,111,102,96,62,98,106,44,,44,38,34,57,57,62,63,73,33,66,78,67,53,18,59,39,36,37,73,11,8,12,63,53,71,61,78,93,65,65,57,,70,24,18,24,40,9,58,13,41,11,10,17,25,26,72,58,18,53,39,66,24,29,31,,21,12,34,55,5,6,85,152,70,76,56,70,138,242,85,96,81,48,50,53,38,72,68,56,44,40,32,36,61,64,62,128,106,152,78,324,229,404,179,129,,12,223,155,
20190228,2,PM10_24h,107,105,205,128,138,245,138,81,79,126,192,253,235,200,79,213,89,159,306,41,50,48,38,41,91,45,56,56,47,42,57,45,61,51,36,66,50,38,47,39,22,28,20,24,35,76,49,49,151,67,140,34,52,123,46,53,156,76,71,60,55,122,43,31,88,62,25,33,45,122,67,65,106,137,78,63,100,85,154,116,133,141,59,97,207,140,207,218,106,201,245,86,135,48,151,215,24,49,39,48,57,45,48,60,72,75,71,70,38,102,74,149,177,166,53,167,195,151,158,150,449,368,208,42,50,42,195,167,99,213,96,144,64,90,58,54,68,13,51,21,33,46,52,27,69,69,52,82,19,29,149,149,101,87,143,93,122,103,61,221,256,151,122,50,,225,296,221,268,,62,120,102,68,49,,50,48,66,53,48,55,70,,,,18,,106,72,82,83,200,160,150,169,185,159,129,127,21,128,58,114,42,74,127,181,171,104,154,167,92,94,147,132,73,206,176,344,270,264,273,102,508,60,60,61,69,53,25,21,52,68,71,40,68,32,38,62,34,29,44,59,32,54,52,16,23,45,39,43,24,154,173,109,80,77,93,77,75,74,87,95,54,89,47,54,35,54,67,53,35,101,24,44,56,63,59,32,45,45,30,61,71,13,19,18,53,51,54,70,56,70,78,61,42,,64,23,15,20,72,28,48,19,30,14,13,28,41,26,46,43,25,43,41,46,21,33,50,14,21,18,36,29,8,12,64,108,69,61,68,52,115,145,65,114,69,48,45,49,32,64,45,45,45,33,23,38,101,92,53,128,69,149,60,257,227,282,157,93,31,9,174,135,
20190228,2,SO2,5,21,38,22,44,18,41,9,6,16,26,24,47,32,17,46,22,18,15,6,6,5,8,12,11,6,8,8,5,5,4,4,7,8,7,6,9,8,8,3,5,5,4,5,2,5,4,4,18,16,9,5,4,8,4,6,12,4,5,8,6,17,6,5,8,7,8,17,3,7,14,14,16,12,10,8,21,29,11,19,12,44,9,20,24,14,19,43,20,14,17,15,21,9,15,21,6,10,4,4,7,7,7,7,8,16,13,8,11,7,57,18,55,34,14,77,25,21,51,14,22,5,9,5,6,10,11,12,10,8,11,9,8,6,3,4,1,7,6,9,2,7,9,9,7,7,5,4,9,13,6,10,9,5,5,14,4,27,4,5,30,19,26,9,,25,21,24,13,,13,9,7,10,7,,5,10,6,8,7,9,6,,,,2,,40,4,12,8,22,61,37,16,46,30,214,10,2,46,21,8,3,13,80,54,27,26,35,10,13,9,13,11,9,16,22,28,7,29,18,10,8,22,7,15,18,22,10,8,10,2,6,6,3,8,10,7,10,4,11,9,5,7,13,6,4,6,11,6,8,18,17,16,6,7,6,6,5,7,10,9,4,7,5,3,5,6,5,6,10,2,4,5,3,3,6,8,9,9,7,11,21,6,7,6,4,8,12,7,4,12,7,11,6,,6,9,16,19,16,12,2,7,3,24,3,5,8,7,5,8,9,13,5,5,4,6,7,6,3,4,9,4,8,3,9,21,17,22,16,11,9,14,7,25,11,5,6,16,8,8,24,9,10,16,2,5,10,10,6,17,7,13,11,13,6,18,28,42,3,1,12,6,
20190228,2,SO2_24h,8,19,33,47,41,25,24,13,11,18,35,35,44,34,17,56,30,19,30,6,8,4,8,12,12,7,7,9,6,4,5,5,5,8,6,6,7,5,6,4,5,6,4,6,3,5,6,4,23,13,12,5,4,7,4,6,11,7,6,8,6,15,8,5,10,6,10,13,4,6,11,14,27,8,11,7,24,20,25,37,30,45,11,20,25,16,31,40,17,20,32,14,24,6,21,35,7,10,4,4,7,7,7,6,9,15,12,10,10,14,28,19,31,39,15,45,37,37,64,18,40,17,20,4,10,8,11,16,13,16,14,10,7,7,5,4,2,7,7,6,2,5,9,17,10,7,3,4,13,12,7,11,11,5,7,9,6,48,7,5,37,23,25,9,,29,27,30,22,,13,14,12,9,7,,5,23,6,8,7,10,6,,,,3,,53,4,10,7,20,49,36,13,39,31,71,23,3,29,18,15,7,13,62,43,36,43,20,17,20,17,18,14,14,16,17,20,13,21,20,13,16,30,7,13,12,12,9,10,8,3,7,7,6,8,7,8,10,7,12,10,6,6,12,8,4,8,8,6,8,14,14,18,7,8,5,10,5,8,25,11,4,8,5,2,6,6,5,8,11,3,5,5,3,4,8,11,7,11,9,12,23,6,7,6,6,8,8,8,5,7,9,8,6,,4,9,18,16,21,19,2,9,2,17,4,5,9,7,5,9,13,13,6,6,4,7,8,6,4,4,9,4,9,2,6,17,16,23,32,15,10,15,6,19,11,14,8,8,11,11,16,15,11,25,6,6,22,19,7,13,19,14,12,9,6,12,21,28,4,2,18,10,
20190228,2,NO2,72,97,110,76,84,47,92,11,31,94,66,78,85,90,72,87,60,50,40,34,33,33,19,63,62,20,36,36,31,25,44,18,67,44,29,56,45,57,52,25,12,48,33,27,45,19,35,38,77,79,37,35,26,78,31,35,71,45,36,63,35,67,30,9,32,65,10,44,6,59,76,27,77,82,21,28,67,42,66,54,45,80,28,80,68,44,67,91,56,65,89,43,87,83,33,99,17,35,6,9,38,9,27,47,32,34,35,34,37,27,55,31,87,77,14,85,62,64,86,25,55,51,27,62,49,33,47,72,32,65,48,47,33,49,19,40,11,13,19,15,4,48,22,18,32,21,49,20,15,10,57,45,45,36,61,28,43,38,29,41,101,49,94,55,,69,81,55,72,,28,56,48,40,20,,31,29,42,31,31,27,28,,,,32,,50,36,39,46,89,64,85,58,82,78,86,19,6,76,45,20,6,10,58,83,70,50,69,37,27,30,25,22,12,45,44,56,52,50,35,12,39,15,56,33,70,33,8,21,47,57,89,52,73,32,35,19,14,12,25,21,17,14,33,17,13,13,25,15,19,61,85,27,33,64,60,35,48,34,29,62,30,23,9,38,19,37,29,24,22,21,16,22,9,12,16,11,30,18,18,17,32,9,14,11,26,35,31,18,41,50,20,51,26,,40,8,10,7,26,8,13,11,12,12,6,12,18,6,30,9,9,11,29,32,5,24,4,4,17,2,7,2,16,4,33,96,31,57,35,24,42,49,36,44,23,18,24,25,17,12,27,14,11,18,7,19,28,39,18,69,65,63,44,52,12,79,41,84,10,11,39,25,
20190228,2,NO2_24h,61,71,81,69,80,54,73,24,34,61,78,74,83,70,44,87,66,53,67,48,39,50,24,40,40,25,48,45,29,22,26,19,33,48,47,55,53,43,45,30,21,42,37,29,38,40,29,34,66,64,49,30,27,80,25,39,73,48,40,47,28,69,31,11,38,46,17,27,11,46,58,35,52,58,25,33,52,35,62,39,56,70,32,50,51,46,63,65,39,60,77,37,48,45,39,81,23,22,9,12,34,9,22,31,37,22,26,41,25,31,36,35,46,64,20,66,64,67,81,34,54,74,43,51,45,29,56,46,33,52,34,42,27,30,19,19,16,19,18,19,7,32,30,29,36,19,33,17,22,10,46,40,41,34,45,21,29,42,27,24,64,47,73,47,,40,54,49,63,,35,43,46,62,25,,40,35,40,45,51,37,39,,,,44,,56,21,27,37,52,52,60,36,67,54,52,41,7,41,34,28,5,11,42,69,63,37,49,38,40,28,23,21,26,45,26,44,42,39,62,16,47,15,35,28,46,34,15,23,35,31,33,28,35,37,33,28,22,15,23,24,20,27,35,24,18,26,29,17,30,43,66,36,30,30,29,26,24,32,32,42,27,25,10,25,31,20,27,30,23,22,20,24,10,16,18,16,35,23,22,23,28,17,20,22,25,32,25,26,32,42,23,37,25,,27,7,13,9,35,13,16,16,13,17,9,15,19,9,23,11,20,11,16,22,8,18,16,4,20,5,9,3,11,5,24,60,26,39,31,29,33,33,28,29,21,24,28,21,16,32,21,18,22,16,11,23,40,39,22,31,31,36,27,35,10,37,29,57,10,14,38,20,
20190228,2,O3,22,9,5,28,5,37,15,69,32,12,57,29,15,11,6,16,35,35,40,57,42,48,61,23,13,53,34,43,39,45,21,58,4,18,50,4,28,17,20,32,70,10,18,26,29,86,44,24,32,18,60,35,43,3,46,51,4,4,14,3,45,3,3,39,22,2,46,31,88,20,5,65,28,37,46,44,13,51,31,8,42,16,60,6,40,69,32,11,20,50,12,38,16,4,102,14,21,40,70,53,4,70,42,2,4,25,40,3,23,60,11,99,25,18,47,25,23,13,12,77,42,41,38,10,21,22,54,17,54,30,47,41,25,13,41,24,57,65,33,26,60,16,33,64,8,17,20,36,55,53,13,37,3,24,26,66,45,54,65,15,5,57,10,49,,22,14,67,22,,114,34,33,48,50,,44,58,38,45,35,49,50,,,,41,,46,18,47,40,23,19,15,38,11,3,12,51,69,15,45,36,47,108,18,14,27,14,31,5,14,24,41,39,86,34,101,84,53,85,99,56,30,76,16,32,15,41,63,34,22,18,9,25,5,29,44,88,24,18,24,64,11,39,30,39,41,85,37,37,22,30,15,68,40,9,19,42,11,14,13,4,29,46,40,19,30,20,22,54,54,53,52,55,62,65,24,10,4,5,3,5,4,31,20,30,4,38,28,38,4,4,32,31,18,,7,45,38,85,47,42,78,46,44,80,60,45,51,66,20,40,73,65,32,27,74,16,61,79,39,90,36,65,72,89,33,6,40,17,28,65,46,21,48,35,56,67,55,46,84,75,68,57,58,43,84,69,43,43,76,13,24,43,38,20,46,13,34,18,36,66,71,75,
20190228,2,O3_24h,98,93,69,93,61,131,87,103,95,101,74,115,79,120,91,90,60,91,119,77,71,71,94,106,89,88,68,72,74,86,78,91,101,54,64,76,44,63,68,77,80,41,38,61,74,102,101,56,112,101,128,66,87,68,87,104,62,91,89,100,105,15,8,80,42,70,54,83,96,91,75,102,109,82,76,69,99,107,89,91,125,97,136,82,122,131,125,143,108,129,124,126,109,107,135,126,22,125,83,83,90,105,97,89,5,145,123,13,86,124,95,141,146,117,76,111,82,66,92,122,204,161,116,49,62,55,123,132,122,147,103,136,97,89,86,103,96,65,89,32,87,91,52,88,33,47,85,86,57,77,110,122,75,79,122,113,115,119,120,88,134,138,139,105,,136,150,185,159,,114,157,158,58,81,,76,147,77,66,54,76,67,,,,65,,98,74,107,132,154,109,128,139,127,119,116,102,86,109,107,83,106,126,102,91,81,100,98,99,72,93,93,103,108,114,129,137,132,120,175,99,93,84,79,72,89,55,68,66,80,81,96,61,97,51,69,133,43,68,79,103,29,50,45,44,49,88,50,47,22,119,130,115,99,109,105,98,93,54,85,86,65,92,70,72,51,81,56,88,73,91,63,81,88,78,82,11,20,14,9,8,72,31,22,30,16,79,69,53,40,68,70,84,58,,63,108,68,101,99,48,103,65,85,80,60,87,95,80,88,91,91,100,96,106,84,81,76,90,72,103,43,85,80,99,99,100,103,85,89,107,110,128,101,110,72,99,95,99,116,106,115,89,109,121,99,91,107,103,94,99,99,147,92,102,87,101,73,102,84,76,100,102,
20190228,2,O3_8h,20,11,5,28,6,44,14,69,32,20,54,25,18,10,6,17,33,34,40,57,41,48,62,20,13,53,37,45,40,47,25,57,5,17,49,6,26,20,17,33,72,7,16,27,33,87,45,24,31,16,61,36,45,3,44,51,4,5,13,3,50,3,3,39,20,3,44,33,85,26,6,63,23,39,48,45,10,52,40,9,38,16,58,6,49,68,33,10,22,46,12,40,16,5,103,15,20,44,73,52,5,72,48,3,4,30,41,3,20,61,14,104,27,19,49,24,24,15,11,78,50,45,40,9,24,23,53,21,56,35,47,33,26,9,41,32,60,64,39,26,58,15,33,61,7,15,20,41,52,53,18,35,3,22,25,64,36,51,68,18,5,58,10,48,,38,13,67,21,,107,35,31,46,51,,48,59,40,46,28,50,43,,,,38,,44,20,49,42,24,17,14,39,13,4,15,52,69,23,47,36,48,108,19,13,24,15,37,6,11,27,42,38,88,43,103,87,51,87,102,56,30,80,18,34,16,41,61,37,24,22,13,34,6,32,47,91,20,17,22,68,13,40,30,41,42,85,38,38,22,34,14,67,40,12,19,44,13,13,15,3,27,40,42,20,30,28,20,54,55,55,55,58,63,66,24,9,4,5,2,5,4,30,20,24,4,39,29,38,3,5,32,32,21,,8,47,46,86,50,42,80,49,43,79,60,50,51,66,20,46,74,67,36,31,72,18,55,76,40,90,36,65,74,90,39,7,33,17,24,67,46,35,55,39,55,66,58,47,84,71,66,54,42,42,68,62,45,40,78,20,18,53,44,14,45,12,30,20,32,63,68,76,
20190228,2,O3_8h_24h,20,12,5,28,7,51,15,70,33,29,55,25,22,11,7,19,34,35,41,59,42,48,63,20,15,53,40,47,41,51,29,57,6,17,50,8,26,22,17,34,75,7,16,29,37,88,49,24,31,17,63,37,47,3,45,52,4,5,13,4,55,4,4,41,20,3,45,34,85,32,7,63,23,42,50,46,10,53,49,10,39,17,61,6,58,69,37,10,25,47,12,42,17,5,105,17,20,48,75,52,6,75,53,5,4,35,44,3,20,62,17,110,29,20,50,26,26,16,12,79,58,50,41,10,28,24,61,25,59,41,48,33,28,9,43,40,63,64,44,26,58,15,33,62,7,15,21,46,52,54,23,35,3,23,25,67,36,52,70,22,6,61,10,49,,56,16,70,22,,107,36,31,46,53,,53,59,43,47,28,50,43,,,,38,,46,22,52,44,26,19,15,41,15,4,19,52,70,32,51,37,50,109,20,14,24,17,43,6,11,29,43,38,90,52,106,91,52,89,104,57,31,84,20,36,18,42,61,39,26,25,17,42,8,35,49,95,20,17,24,73,14,41,31,42,42,86,39,38,22,39,15,68,41,14,19,49,14,14,17,3,28,40,45,22,31,35,20,54,57,57,58,61,64,67,27,9,4,5,2,5,4,30,20,24,4,40,32,38,4,5,33,34,25,,9,48,54,87,53,43,82,52,43,79,60,55,51,66,21,51,75,69,41,36,72,20,55,76,40,90,36,65,75,90,45,7,34,18,24,68,47,48,62,43,55,66,62,48,84,71,66,54,42,42,68,62,47,40,80,28,18,63,51,14,45,12,30,22,32,63,68,76,
20190228,2,CO,0.96,1.44,2.53,1.23,3.32,0.93,1.97,0.70,0.70,1.32,1.27,1.25,2.33,1.46,1.82,2.39,1.19,1.24,1.11,0.56,0.66,0.66,0.40,0.80,1.07,0.37,0.83,0.70,0.40,0.55,0.82,0.38,0.77,0.96,0.70,0.85,0.83,0.80,0.83,0.47,0.53,0.60,0.53,0.83,0.58,0.54,0.63,1.16,1.08,0.88,0.53,0.52,0.74,2.09,0.66,0.52,1.75,1.03,0.97,1.04,0.66,1.87,1.26,0.55,0.79,0.88,0.73,0.65,0.48,1.09,1.40,1.10,1.08,1.88,0.74,0.53,1.82,0.92,0.85,2.30,0.93,2.42,0.47,1.78,1.00,0.85,1.47,2.10,0.92,1.57,1.43,1.10,0.97,0.75,1.37,1.43,1.20,0.92,0.52,0.60,0.95,0.63,0.90,1.30,1.35,1.00,1.45,2.70,1.07,0.77,2.38,1.30,2.50,1.58,0.70,4.10,2.07,2.88,1.98,0.92,2.75,1.42,0.58,0.63,0.53,1.00,0.71,1.30,0.77,1.47,0.77,1.30,0.82,0.90,0.78,1.07,0.50,1.07,0.93,1.05,0.50,0.72,0.72,0.44,0.70,0.77,0.93,0.74,0.70,0.60,1.07,1.10,1.80,0.96,0.70,1.25,0.50,1.27,0.74,1.03,2.50,1.05,1.30,0.65,,1.65,3.10,2.75,3.60,,1.90,1.45,2.00,0.67,0.50,,0.70,0.50,0.90,0.77,2.00,1.40,1.00,,,,0.60,,1.90,0.73,0.95,0.70,1.14,1.06,1.02,1.46,1.55,0.97,2.40,0.80,0.25,2.30,0.75,1.20,0.25,0.65,1.40,3.38,1.57,1.40,1.77,1.40,1.30,1.50,0.80,0.50,0.60,1.67,1.60,2.13,1.55,1.67,1.20,0.55,1.55,0.40,0.75,0.64,0.83,0.57,0.60,0.67,0.55,0.53,0.80,0.53,0.70,0.50,0.77,1.00,1.20,0.87,0.70,0.60,0.73,0.78,0.97,0.60,1.38,0.80,1.40,0.82,1.00,1.03,0.93,0.80,0.97,0.78,0.88,0.50,0.73,1.20,1.00,0.90,0.43,0.53,0.65,0.60,0.53,0.83,0.95,0.70,0.85,0.95,0.88,0.68,0.80,0.55,0.80,1.05,1.53,1.17,1.13,1.35,1.40,0.75,0.90,0.80,1.15,0.90,0.73,0.90,0.93,0.83,0.80,0.67,0.67,,0.75,0.30,0.45,0.55,0.97,0.73,0.85,0.80,0.20,0.85,0.60,0.40,0.95,0.55,0.40,0.65,0.55,0.37,0.55,0.60,0.55,0.70,0.55,0.40,0.40,0.45,0.55,0.95,0.40,0.35,1.20,1.90,0.90,1.00,1.00,0.75,1.20,1.50,0.95,0.70,0.80,0.85,1.10,0.95,1.10,0.80,0.80,0.90,0.90,1.00,0.50,0.30,0.67,0.85,1.15,2.90,1.00,1.95,1.60,1.25,0.60,3.00,1.70,3.47,1.20,1.30,1.75,1.50,
20190228,2,CO_24h,1.08,1.41,1.77,1.82,2.28,1.58,1.37,0.95,0.98,1.40,1.57,1.95,1.88,1.73,1.18,2.00,1.15,1.21,1.55,0.64,0.77,0.54,0.50,0.65,0.94,0.43,0.75,0.73,0.45,0.58,0.80,0.47,0.50,0.88,0.75,0.90,0.67,0.80,0.77,0.50,0.53,0.77,0.73,0.90,0.58,0.68,0.57,1.09,1.06,0.69,0.91,0.69,0.92,1.63,0.65,0.70,1.59,1.27,1.30,0.90,0.68,1.77,1.39,0.53,0.80,0.75,0.63,0.74,0.56,1.05,1.13,1.27,1.38,1.65,0.88,0.75,1.58,0.82,1.48,1.60,1.47,1.52,0.57,0.82,1.13,0.85,1.73,1.87,0.78,1.20,1.70,0.95,0.97,0.30,1.00,1.42,1.32,0.70,0.62,0.70,1.10,0.63,1.30,1.40,2.30,0.95,1.00,1.90,1.27,0.90,1.77,1.48,2.00,1.52,0.60,2.12,1.68,2.45,1.45,1.05,2.35,1.80,0.80,0.80,0.67,0.57,1.07,1.43,0.87,1.60,0.80,1.13,0.84,1.00,0.88,0.97,0.63,1.07,1.00,1.15,0.55,0.55,0.74,0.72,0.73,0.77,0.80,0.72,0.62,0.60,1.00,1.17,1.40,1.00,0.93,0.80,0.55,0.97,0.72,0.73,2.05,1.20,1.00,0.55,,1.70,2.35,2.10,2.40,,1.15,1.15,1.55,0.80,0.65,,0.90,0.70,1.00,0.97,2.15,1.45,1.25,,,,0.70,,1.40,0.53,0.75,0.80,1.52,1.00,1.30,1.32,1.60,1.47,1.30,0.83,0.30,1.05,0.50,1.07,0.40,0.65,0.94,2.23,1.30,1.23,1.17,1.30,0.95,1.35,0.65,0.45,0.70,1.33,1.10,1.73,1.20,1.37,1.30,0.75,2.15,0.40,0.63,0.52,0.70,0.70,0.63,0.77,0.55,0.50,0.70,0.53,0.45,0.70,0.63,0.80,1.13,0.80,0.87,0.80,0.85,1.30,1.17,0.75,1.40,0.93,1.27,1.05,1.15,0.93,1.53,0.90,0.97,0.57,0.90,0.60,0.43,1.24,1.10,1.02,0.70,0.78,0.75,0.75,0.77,0.80,1.00,0.98,1.13,1.07,1.07,0.92,1.03,1.40,1.00,1.45,1.53,1.73,1.20,1.90,1.40,0.80,1.10,1.00,1.05,0.90,0.73,0.93,0.77,0.73,0.75,0.57,0.70,,0.67,0.35,0.50,0.57,1.48,0.80,1.10,0.80,0.30,0.85,0.40,0.55,0.85,0.60,0.40,0.75,0.65,0.50,0.70,0.60,0.60,0.80,0.75,0.40,0.45,0.50,0.60,0.85,0.40,0.35,1.00,1.53,0.85,1.05,0.90,0.90,1.10,0.80,0.80,0.75,0.85,0.90,1.10,0.85,1.00,0.70,0.70,0.70,0.90,1.00,0.50,0.30,0.53,0.85,1.15,1.50,0.85,1.35,0.90,0.95,0.60,1.45,0.70,2.67,1.00,0.90,1.50,1.60,
20190228,3,AQI,74,150,288,135,141,145,234,54,55,141,190,177,209,148,78,203,84,163,242,40,54,51,47,64,101,70,45,64,63,54,75,55,89,73,44,24,80,52,54,20,35,23,24,24,69,63,71,44,151,71,105,37,53,121,54,52,96,50,56,74,59,184,33,36,94,73,16,36,27,99,63,55,89,194,61,53,88,63,148,151,101,209,113,173,179,126,224,242,123,235,214,85,161,69,243,232,17,59,26,36,53,53,64,59,46,84,70,70,44,75,84,138,206,169,53,124,208,149,202,126,435,260,153,83,70,79,126,150,95,171,103,130,56,71,37,51,54,23,54,19,28,75,93,31,85,79,86,89,20,29,202,186,96,83,113,81,71,70,65,170,245,140,98,56,115,230,253,228,350,241,157,99,105,60,46,48,66,46,70,55,54,58,76,35,52,71,29,66,146,81,84,68,166,110,134,203,181,114,129,58,30,150,54,90,62,66,157,143,199,70,166,154,65,83,235,81,65,233,368,437,357,458,225,46,407,33,86,94,103,66,33,17,93,91,80,47,94,36,105,79,9,13,44,59,23,76,43,33,21,36,64,35,24,145,100,86,100,110,103,86,85,60,73,96,48,75,46,42,46,53,53,73,73,89,43,71,63,59,58,19,52,41,31,47,66,12,10,13,59,52,70,73,86,86,61,63,65,,75,21,16,25,38,12,65,14,38,25,21,23,29,27,47,36,22,31,41,51,22,26,29,24,19,29,11,56,21,27,73,144,79,66,51,66,106,133,79,72,88,58,59,58,34,66,79,49,43,41,27,28,75,93,60,100,74,154,64,180,138,266,113,121,29,19,237,146,
20190228,3,PM2.5,54,115,238,103,108,111,184,21,23,108,143,134,159,113,53,153,62,124,192,28,38,36,33,46,76,51,29,46,45,38,55,39,66,53,31,14,59,36,38,13,22,12,17,17,50,45,52,31,116,52,79,26,37,92,36,36,71,35,38,54,42,139,17,13,70,53,7,23,6,74,45,39,66,146,44,37,55,34,113,116,76,159,85,131,135,96,174,192,93,185,164,53,123,50,193,182,10,42,18,25,32,37,46,42,26,62,51,51,23,52,54,105,156,128,19,94,158,114,152,96,403,210,117,61,51,58,96,115,71,130,77,99,40,50,26,36,38,12,36,13,11,55,69,14,63,58,64,66,14,13,152,140,72,61,85,53,39,51,47,67,195,107,73,37,87,180,203,178,300,191,120,73,79,43,32,33,48,32,51,39,38,41,56,21,36,52,20,48,112,60,62,49,126,64,102,153,137,86,57,41,21,115,32,67,14,48,120,109,149,51,126,118,47,61,185,60,47,183,318,406,307,437,175,26,360,23,64,70,77,48,23,4,69,68,59,33,70,25,79,58,6,9,31,42,16,56,30,23,12,14,46,22,13,111,75,64,75,83,77,64,63,43,53,72,18,55,30,19,32,36,33,53,53,66,30,52,45,39,41,7,36,29,14,33,48,7,6,9,42,35,51,53,64,64,44,45,47,,55,15,11,12,21,4,47,9,12,13,6,16,19,6,30,21,15,22,27,36,12,15,13,13,9,6,4,23,2,4,53,110,58,48,36,48,80,96,58,39,65,41,42,29,24,48,58,34,30,19,9,8,55,69,43,38,42,118,46,85,44,130,39,92,20,5,187,112,
20190228,3,PM2.5_24h,90,73,132,76,76,150,96,44,39,79,132,178,156,149,35,171,59,140,297,28,37,34,25,26,57,39,32,38,37,32,39,30,39,35,24,48,41,27,28,25,13,18,16,19,33,48,36,33,98,34,111,28,54,64,30,31,76,50,37,50,40,102,29,16,66,43,14,17,15,77,47,43,49,118,66,55,46,32,118,88,123,112,49,70,142,93,181,171,63,136,180,43,107,28,113,160,18,37,25,28,38,33,37,51,50,58,47,47,17,56,38,112,131,116,27,117,151,105,130,126,479,303,180,47,42,41,150,132,78,146,74,128,73,55,44,56,49,9,31,14,18,36,49,13,56,53,39,65,12,10,155,138,87,79,109,36,38,40,42,55,197,96,72,27,73,178,177,152,218,166,45,62,59,46,31,31,32,30,46,35,34,40,52,20,24,24,13,27,81,53,54,51,138,65,100,121,144,119,46,87,15,58,28,92,14,44,92,131,141,66,124,147,72,63,127,91,58,167,151,293,237,282,196,59,421,27,47,47,54,45,27,16,48,47,44,28,48,27,47,52,16,18,27,44,21,40,36,27,15,25,30,29,14,124,121,85,73,60,72,51,51,54,61,86,33,75,29,33,54,36,45,50,40,85,16,37,39,43,47,17,36,28,21,42,50,10,14,16,37,33,41,58,48,46,57,45,37,,50,16,11,11,43,22,39,12,15,10,7,16,16,8,28,25,15,26,28,25,12,18,20,13,11,10,11,17,5,6,38,87,59,48,45,40,69,78,51,39,48,36,30,22,27,55,36,35,42,20,10,11,55,62,35,37,24,115,33,64,45,82,35,61,14,6,152,103,
20190228,3,PM10,80,146,337,163,197,174,250,57,59,162,203,175,231,165,105,201,83,151,208,31,51,46,36,77,134,,45,60,48,49,87,51,122,69,44,20,74,53,55,20,35,18,20,,,57,73,44,172,91,94,31,,169,57,53,141,48,61,83,54,155,33,36,93,78,15,36,12,130,61,59,116,168,,40,125,76,144,154,91,211,,175,192,141,194,248,166,267,225,120,168,82,238,238,17,56,24,36,55,46,57,59,46,76,86,89,44,100,117,135,216,177,56,149,206,176,178,110,447,249,146,,54,53,133,135,90,197,94,129,61,91,34,48,52,14,58,17,28,80,82,31,95,77,78,87,20,29,164,160,88,58,122,111,92,88,70,289,262,156,107,61,125,247,342,241,355,290,151,147,137,66,40,48,66,38,71,48,46,55,77,35,53,70,28,58,130,84,101,84,192,170,151,194,178,153,207,57,23,190,58,77,74,65,156,175,177,76,175,144,59,79,223,90,51,211,385,454,351,458,244,46,294,33,93,109,104,60,22,17,75,91,103,47,101,28,,73,8,10,40,50,22,71,40,,21,36,58,35,24,153,109,88,86,101,93,96,100,64,88,96,48,,46,42,37,56,55,59,62,72,35,71,75,67,49,19,54,38,31,37,67,12,4,10,62,53,67,59,76,85,62,60,56,,67,21,15,24,38,8,58,12,38,15,11,19,29,27,47,36,22,31,41,51,13,26,29,,19,12,10,61,6,6,87,138,69,68,52,70,117,215,86,94,74,44,52,65,33,54,61,45,40,41,16,28,58,70,64,150,97,164,78,309,226,396,175,123,28,5,220,170,
20190228,3,PM10_24h,106,108,213,130,141,239,145,78,77,129,195,247,234,199,82,211,89,160,304,41,51,49,38,44,94,45,56,57,48,43,59,46,64,52,37,62,51,39,48,38,23,27,20,24,35,75,50,47,152,69,136,33,52,126,47,52,159,74,70,62,55,126,43,31,89,63,25,33,43,125,67,65,106,142,76,61,102,84,150,120,130,143,60,102,204,138,203,222,109,208,250,88,139,51,158,220,23,50,38,47,55,46,48,61,72,76,72,72,39,102,77,148,179,168,53,167,197,152,157,147,450,368,220,40,51,42,191,164,96,211,95,142,63,89,54,44,66,13,50,21,33,47,53,28,71,70,53,82,19,29,151,153,101,86,143,94,128,102,61,225,256,152,122,51,117,226,299,222,273,260,68,122,104,67,48,52,56,47,66,53,48,55,70,39,40,34,21,41,107,72,84,83,199,160,150,171,181,156,134,125,21,131,59,114,45,74,126,177,171,103,155,166,90,93,150,128,73,206,190,349,280,284,270,99,485,61,63,64,71,53,24,21,54,70,74,40,70,30,38,63,33,29,44,59,31,54,51,16,23,44,39,43,23,154,169,108,82,79,89,79,77,71,87,95,52,89,47,52,36,53,65,53,35,98,25,45,58,61,58,32,46,44,31,61,72,13,19,17,54,50,55,70,57,71,77,61,43,,64,23,16,21,70,27,49,19,30,14,12,28,41,26,46,43,25,43,41,46,21,33,50,14,22,17,36,31,8,12,64,111,69,62,66,54,115,148,66,113,69,48,46,50,32,63,45,45,45,34,23,38,99,90,54,128,71,149,60,258,226,287,159,92,31,9,177,136,
20190228,3,SO2,4,22,35,23,40,17,39,8,6,15,26,25,42,26,16,50,23,20,16,6,6,6,8,9,14,6,8,10,5,6,5,4,7,8,7,6,10,5,7,4,5,5,3,6,2,5,8,4,17,15,10,5,4,8,4,5,11,4,5,9,6,18,7,5,8,7,7,20,3,7,14,12,15,9,10,6,20,11,15,20,12,46,9,18,29,19,23,42,20,16,14,13,20,7,18,19,6,9,4,4,6,7,6,6,8,17,14,8,10,7,40,18,46,33,18,63,23,19,63,13,27,9,9,5,6,11,9,16,11,8,10,10,7,6,4,6,2,6,6,11,2,7,8,12,8,7,4,4,8,13,5,10,7,5,5,10,4,18,4,4,25,19,24,10,23,30,16,29,11,35,14,9,7,10,7,14,5,10,6,8,6,11,6,9,7,1,3,3,48,5,10,15,23,68,53,16,33,34,203,14,2,39,22,6,3,13,156,50,24,19,41,9,17,10,13,11,9,20,24,24,9,25,18,10,7,9,8,15,22,17,9,10,9,3,4,7,4,7,13,6,11,4,17,8,5,7,13,6,3,6,9,6,23,20,19,15,6,7,7,6,5,7,8,9,5,7,4,4,5,7,5,6,11,3,4,5,3,3,6,8,12,10,7,11,19,6,7,6,5,9,12,7,5,12,7,10,4,,5,9,15,23,16,9,2,7,3,32,4,5,8,7,5,8,10,11,5,5,4,5,7,6,4,4,8,4,6,3,11,16,13,55,19,12,8,12,7,38,10,5,4,15,7,6,23,9,9,15,1,5,8,12,7,16,7,12,10,10,6,14,28,36,3,1,14,5,
20190228,3,SO2_24h,8,19,34,45,40,25,25,13,10,18,34,34,44,33,17,56,29,19,28,6,8,4,8,12,13,7,8,9,6,4,5,5,5,8,6,6,7,5,6,4,5,5,4,6,3,5,6,3,23,13,12,5,4,7,4,6,11,7,6,8,6,16,8,5,10,6,10,14,4,6,11,14,25,8,11,7,24,20,24,46,29,45,11,21,25,16,31,40,17,21,32,14,23,6,21,34,7,10,4,4,7,7,7,6,9,15,12,10,10,13,30,20,31,39,15,47,37,38,63,17,41,17,18,4,10,8,11,15,13,16,13,10,7,7,5,4,2,7,7,6,2,5,9,17,10,7,3,4,13,12,7,11,11,5,7,9,7,39,7,5,36,22,25,9,22,29,26,30,21,50,13,14,12,9,7,14,5,22,6,8,7,10,6,9,5,1,3,4,52,4,10,8,20,50,37,13,39,29,79,23,3,30,18,15,7,13,63,44,36,41,21,17,20,17,18,14,14,17,18,20,14,22,20,13,15,30,7,13,13,12,9,10,8,3,7,7,6,8,7,8,10,7,12,10,6,6,13,8,4,8,9,6,9,14,14,18,7,8,5,10,5,8,25,11,4,8,5,2,6,6,5,8,11,3,5,5,3,4,8,11,8,11,9,12,23,6,7,6,5,8,9,8,5,7,8,8,6,,4,9,18,16,21,18,2,9,3,17,4,5,10,7,5,9,13,13,6,6,4,7,8,6,4,4,9,4,9,3,7,17,16,25,26,16,10,15,6,20,11,14,8,8,10,11,17,15,11,24,6,6,21,19,7,13,19,14,12,9,6,12,21,28,4,2,18,10,
20190228,3,NO2,67,99,109,82,84,46,93,10,36,94,58,76,92,85,70,90,59,52,38,33,33,40,18,70,64,20,44,38,34,26,53,16,64,41,28,48,45,46,40,23,15,45,33,26,43,22,18,33,74,68,35,35,23,72,30,28,66,40,33,62,25,72,29,9,31,61,10,36,4,59,72,28,83,80,19,31,58,36,90,49,41,80,27,78,69,52,69,87,57,59,86,45,82,81,33,100,17,34,5,9,27,9,42,43,31,37,39,29,31,23,53,35,80,75,18,72,58,62,83,26,52,47,27,54,44,27,54,64,32,63,29,38,27,40,21,36,13,13,18,15,4,45,22,20,32,19,46,26,14,9,57,38,40,35,73,22,26,31,38,33,93,41,92,57,56,77,67,57,57,51,30,47,49,40,17,38,32,31,40,28,46,35,38,17,28,21,27,47,63,31,42,52,76,70,82,46,87,78,92,16,7,51,45,20,3,10,58,75,70,47,74,37,26,27,25,15,14,52,43,53,42,43,29,13,38,8,60,27,72,29,7,17,47,51,86,47,67,26,44,21,11,11,19,16,14,11,30,17,12,13,22,13,20,73,71,22,29,63,53,25,45,35,32,62,27,18,8,25,24,37,27,19,21,19,14,22,6,11,12,10,29,19,16,16,30,8,14,16,30,34,29,20,36,46,19,48,24,,38,4,9,10,27,7,12,11,21,12,6,10,20,5,29,9,13,16,12,28,5,30,3,4,14,3,8,3,18,3,31,88,29,43,30,23,30,29,36,42,24,25,27,21,13,24,22,14,26,15,3,18,28,38,29,65,61,62,32,47,7,74,51,84,6,9,35,24,
20190228,3,NO2_24h,61,72,82,69,80,53,74,22,33,62,77,73,84,71,45,87,65,52,64,48,39,50,24,42,41,25,48,44,30,23,27,19,35,49,46,55,53,44,45,30,21,43,37,28,39,39,29,34,67,65,49,31,27,81,27,37,74,48,40,49,28,70,32,11,38,46,16,28,10,47,59,35,53,59,25,33,52,35,63,45,55,70,32,52,51,46,61,66,40,61,79,37,51,48,39,82,22,23,9,12,34,10,23,31,37,23,27,41,26,31,38,35,48,64,20,66,65,67,82,34,55,73,43,52,45,29,55,47,32,53,34,43,26,31,19,20,15,19,18,19,7,34,30,30,36,20,33,17,22,10,46,40,42,35,46,21,22,41,27,24,65,47,74,47,50,42,56,49,63,83,35,43,46,60,24,43,41,35,40,44,51,37,39,15,46,25,43,50,57,21,28,38,52,51,61,37,67,54,54,40,8,42,35,28,5,11,43,70,64,38,49,38,40,28,23,20,25,46,28,44,42,40,63,17,45,15,37,28,47,34,15,23,36,32,37,29,37,37,34,28,21,15,24,24,20,26,35,24,18,25,29,17,30,44,65,35,31,31,30,26,26,32,32,43,27,25,10,25,30,20,27,30,23,22,20,24,10,16,18,16,36,23,22,23,28,17,20,21,26,32,26,26,32,42,23,39,25,,28,7,13,10,35,13,16,16,14,17,9,15,19,9,24,11,19,12,17,22,8,18,16,5,21,5,9,3,11,5,25,63,26,40,31,29,33,32,28,30,21,24,28,22,16,30,20,18,22,16,11,23,39,38,22,33,31,37,27,35,10,38,31,57,10,14,38,20,
20190228,3,O3,21,7,5,16,5,33,14,68,25,8,56,28,5,12,6,18,35,33,40,57,37,36,61,11,12,53,24,38,33,41,9,60,4,20,50,8,25,25,32,33,63,11,19,27,28,75,63,26,33,24,58,36,42,4,42,52,4,5,13,3,54,4,3,40,21,3,50,35,87,17,4,64,18,34,46,39,18,50,7,11,39,16,56,7,37,51,28,11,17,56,10,35,18,6,95,14,22,36,69,49,13,64,13,2,4,19,29,3,25,59,11,91,25,17,42,32,21,11,11,73,46,38,36,14,23,24,50,24,52,28,69,49,28,21,38,24,48,74,30,28,63,17,32,60,7,13,17,28,59,52,8,37,3,21,8,64,52,53,55,27,4,64,8,40,33,21,16,64,31,69,108,46,27,46,50,47,42,55,35,49,20,38,24,69,28,17,43,18,27,13,40,37,30,12,17,40,9,4,9,51,65,29,36,38,48,111,15,19,27,14,26,5,22,26,41,47,77,40,81,79,70,82,95,59,28,78,12,33,8,45,62,35,20,16,8,27,3,34,40,79,25,23,26,66,13,41,33,35,39,78,37,38,25,16,20,66,45,9,31,55,14,15,7,2,33,55,40,34,23,15,22,57,55,45,52,53,67,64,24,11,4,5,4,5,3,32,20,22,4,41,29,32,3,3,31,29,17,,6,51,36,79,47,37,77,44,28,81,68,47,50,68,21,36,64,49,41,29,71,10,59,78,40,92,35,62,66,87,21,5,36,33,30,69,54,23,40,30,55,54,49,45,91,56,80,56,44,42,87,74,42,40,56,11,27,40,54,25,59,13,27,16,46,62,74,74,
20190228,3,O3_24h,98,93,69,93,61,131,87,103,95,101,74,115,79,120,91,90,60,91,119,77,71,71,94,106,89,88,68,72,74,86,78,91,101,48,64,76,42,61,68,77,80,41,38,61,72,102,101,56,112,101,128,66,87,68,87,104,62,91,89,100,105,15,8,80,41,70,54,83,96,91,75,102,109,82,76,69,99,107,89,88,125,97,136,82,122,131,125,143,107,129,124,126,109,107,135,126,23,125,83,83,90,105,97,89,5,145,123,13,86,124,95,141,146,117,76,111,82,66,97,122,204,161,111,49,60,55,123,132,122,147,103,136,97,86,86,103,96,74,89,32,87,91,52,88,32,47,85,86,59,77,110,122,75,79,122,113,116,122,120,88,134,138,139,105,138,136,150,185,159,133,114,157,158,58,81,87,74,147,77,66,54,76,67,111,23,22,56,47,98,74,107,132,154,109,128,139,127,119,116,102,86,109,107,83,106,126,102,91,81,100,98,99,72,93,93,103,108,114,129,137,132,120,175,99,85,84,79,70,89,55,67,66,80,81,96,61,97,45,66,133,43,68,79,103,29,50,45,44,49,88,50,47,25,119,130,115,99,109,105,98,93,54,85,86,65,92,70,72,51,81,56,88,73,91,63,81,88,78,82,13,20,14,8,8,72,32,22,30,16,79,69,53,40,68,70,83,58,,63,108,68,101,99,48,103,65,85,84,68,87,95,80,88,91,91,100,96,106,84,81,76,90,72,103,43,85,80,99,99,100,103,85,89,107,110,128,101,110,72,99,95,99,116,106,115,89,109,121,99,91,107,103,94,99,99,147,92,102,87,101,73,102,84,76,100,102,
20190228,3,O3_8h,20,9,5,24,6,40,14,69,29,16,54,26,14,11,6,17,33,33,40,57,40,44,62,16,13,53,32,43,38,45,19,58,5,18,49,7,25,21,22,33,69,9,17,27,31,83,51,25,32,19,60,36,44,3,41,51,4,5,13,3,51,3,3,40,20,3,46,33,86,23,5,63,21,37,47,43,13,51,29,9,38,16,57,6,45,63,31,10,21,50,11,38,17,5,101,14,21,41,72,51,8,70,36,3,4,26,37,3,21,61,12,100,26,18,46,27,23,13,9,76,49,43,36,11,24,23,47,22,55,32,55,38,27,13,40,29,56,67,36,26,60,16,32,61,7,15,19,37,54,53,15,36,3,21,19,64,48,53,63,21,5,61,10,45,34,33,14,66,25,50,107,37,30,46,51,54,43,57,39,47,25,45,37,69,26,18,40,27,38,18,46,40,26,16,15,39,12,3,13,51,68,25,43,36,48,109,18,15,25,15,33,5,15,26,41,41,85,42,96,84,58,85,99,57,30,79,16,34,13,42,61,36,23,20,11,31,6,33,44,87,21,19,23,68,13,41,31,38,41,83,37,38,23,28,16,67,42,10,23,48,11,14,12,3,29,45,41,25,28,24,21,55,55,52,54,57,64,65,24,10,4,5,3,5,4,31,20,24,4,39,29,36,3,4,32,31,20,,8,48,42,83,49,41,79,47,38,80,62,49,51,67,20,42,71,61,38,31,72,15,57,77,40,91,36,64,71,89,33,6,34,22,26,67,49,31,50,36,55,62,55,46,86,66,71,55,42,42,74,66,44,40,71,17,21,48,48,18,50,12,29,19,36,63,70,75,
20190228,3,O3_8h_24h,21,12,5,28,7,51,15,70,33,29,57,26,22,12,7,20,35,35,41,59,42,48,63,20,17,53,40,47,41,51,29,58,6,19,52,8,26,22,22,34,75,9,17,29,37,88,55,25,32,21,63,38,47,3,43,53,4,5,13,4,58,4,4,41,21,3,46,36,86,32,7,64,23,44,50,46,13,54,49,11,41,17,61,7,58,69,37,11,26,52,12,42,17,5,105,18,21,48,75,52,8,75,53,5,4,35,44,3,22,63,17,110,29,20,50,29,26,16,10,79,58,50,39,11,28,25,61,25,59,43,56,38,30,13,44,40,63,67,44,27,60,16,33,63,7,16,22,46,54,54,23,36,3,23,25,67,48,55,70,23,6,63,10,51,37,56,18,71,25,50,107,42,32,46,53,67,46,59,43,48,28,50,43,70,20,18,40,32,46,22,53,44,30,19,16,43,15,4,19,53,70,32,51,38,50,109,20,18,25,18,43,6,15,29,43,41,90,52,106,91,58,89,104,57,31,84,20,36,19,43,62,39,26,25,17,42,8,35,49,95,21,19,26,73,14,41,32,42,42,86,39,39,23,39,17,69,42,14,23,50,14,15,17,3,31,45,45,25,31,35,21,56,57,57,58,61,64,67,27,10,4,5,3,5,4,31,21,24,4,41,33,38,4,5,33,34,25,,9,49,55,87,54,43,82,52,43,80,62,55,51,67,21,51,75,69,45,37,72,20,57,77,40,91,36,65,75,90,45,7,35,22,26,68,49,48,62,44,55,66,62,48,86,71,71,55,42,42,74,66,47,41,80,28,21,63,51,18,50,12,32,23,36,63,70,76,
20190228,3,CO,0.69,1.54,2.46,1.55,3.10,0.90,2.08,0.70,0.75,1.40,1.20,1.30,1.93,1.47,1.62,2.68,1.21,1.31,1.08,0.51,0.67,1.00,0.43,0.87,1.07,0.37,0.91,0.67,0.43,0.58,0.84,0.38,0.73,0.94,0.70,0.88,0.77,0.80,0.80,0.43,0.53,0.60,0.50,0.83,0.53,0.56,0.57,1.14,1.04,0.86,0.54,0.52,0.72,2.10,0.64,0.52,1.66,1.00,0.97,1.06,0.64,1.70,1.24,0.50,0.78,0.97,0.76,0.64,0.48,1.16,1.47,1.10,1.28,1.85,0.76,0.52,1.86,0.66,1.40,2.40,1.03,2.42,0.47,1.67,1.00,0.95,1.47,2.13,0.98,1.52,1.37,1.05,0.87,0.65,1.33,1.32,1.16,0.95,0.50,0.57,0.75,0.63,1.10,1.25,1.25,1.10,1.38,2.65,1.17,0.73,2.40,1.26,2.64,1.60,0.80,3.38,1.97,2.95,1.90,0.92,3.10,1.22,0.70,0.60,0.57,0.97,0.76,1.33,0.73,1.50,0.67,1.00,0.80,0.85,0.82,0.97,0.50,1.00,0.93,1.13,0.50,0.65,0.70,0.44,0.67,0.77,0.90,0.70,0.68,0.60,1.10,1.00,1.53,0.99,0.77,1.15,0.40,0.75,1.10,0.73,2.35,1.00,1.25,0.70,0.70,2.10,3.00,2.75,2.90,2.70,2.00,1.40,2.15,0.67,0.50,0.95,0.80,0.50,0.90,0.77,2.00,1.25,1.10,0.20,0.90,0.70,0.60,0.90,2.20,0.75,0.85,0.80,1.26,1.08,1.13,1.48,1.30,1.03,2.63,0.50,0.35,1.65,0.75,0.93,0.40,0.60,1.40,3.08,1.60,1.23,1.80,1.30,0.65,1.55,0.70,0.45,0.57,1.60,1.83,2.00,1.45,1.60,1.20,0.60,1.45,0.40,0.77,0.60,0.93,0.57,0.60,0.60,0.55,0.53,0.90,0.57,0.60,0.50,0.73,0.97,0.77,0.87,0.70,0.60,0.73,0.75,1.00,0.63,1.35,0.82,1.37,0.80,1.05,1.03,0.88,0.72,0.93,0.75,0.86,0.47,0.70,1.08,1.05,0.93,0.57,0.53,0.65,0.50,0.50,0.83,0.85,0.64,0.85,0.98,0.82,0.65,0.77,0.53,0.80,1.00,1.57,1.17,1.00,1.30,1.35,0.75,0.95,0.85,1.20,0.87,0.77,0.93,0.87,0.80,0.78,0.65,0.70,,0.75,0.30,0.40,0.82,1.05,0.73,0.85,0.80,0.20,0.85,0.60,0.40,0.85,0.50,0.35,0.65,0.60,0.40,0.60,0.60,0.60,0.70,0.55,0.40,0.30,0.45,0.55,0.85,0.50,0.35,1.13,1.77,0.85,1.10,1.00,0.70,1.20,1.00,0.90,0.75,0.80,0.95,1.10,1.00,0.90,0.80,0.70,1.00,0.90,1.10,0.40,0.20,0.63,0.85,1.40,2.20,1.00,1.95,0.90,1.50,0.50,2.80,1.00,3.30,0.80,1.20,1.70,1.50,
20190228,3,CO_24h,1.06,1.39,1.81,1.73,2.32,1.52,1.42,0.92,0.90,1.40,1.57,1.95,1.88,1.71,1.22,2.07,1.15,1.19,1.47,0.64,0.76,0.57,0.50,0.68,0.97,0.43,0.76,0.73,0.45,0.58,0.82,0.47,0.50,0.88,0.76,0.93,0.70,0.80,0.77,0.50,0.53,0.73,0.70,0.90,0.58,0.68,0.57,1.09,1.06,0.73,0.88,0.67,0.89,1.66,0.64,0.65,1.59,1.27,1.27,0.90,0.66,1.77,1.39,0.53,0.80,0.75,0.63,0.74,0.56,1.06,1.13,1.30,1.36,1.68,0.82,0.75,1.60,0.82,1.40,1.63,1.43,1.55,0.57,0.90,1.13,0.85,1.63,1.88,0.80,1.23,1.70,0.95,0.97,0.30,1.00,1.45,1.32,0.72,0.60,0.70,1.05,0.63,1.30,1.40,2.30,0.95,1.02,1.95,1.23,0.90,1.83,1.46,2.02,1.55,0.57,2.25,1.70,2.52,1.46,1.05,2.45,1.78,0.88,0.80,0.67,0.58,1.04,1.43,0.87,1.60,0.77,1.13,0.84,1.00,0.88,0.97,0.63,1.07,0.97,1.13,0.55,0.55,0.74,0.68,0.73,0.77,0.80,0.72,0.66,0.60,1.00,1.23,1.40,1.00,0.93,0.85,0.50,0.75,0.74,0.73,2.10,1.20,1.05,0.55,0.60,1.75,2.40,2.20,2.50,2.70,1.20,1.15,1.65,0.80,0.60,0.65,0.85,0.70,1.00,0.97,2.15,1.45,1.20,0.20,0.75,1.20,0.65,0.80,1.45,0.53,0.75,0.80,1.50,1.00,1.30,1.34,1.55,1.40,1.40,0.83,0.30,1.10,0.50,1.07,0.40,0.65,0.94,2.27,1.33,1.23,1.20,1.30,0.95,1.40,0.65,0.45,0.70,1.37,1.10,1.77,1.25,1.40,1.30,0.75,2.05,0.40,0.63,0.52,0.70,0.70,0.63,0.77,0.55,0.50,0.70,0.53,0.45,0.70,0.63,0.80,1.13,0.80,0.87,0.80,0.85,1.28,1.17,0.75,1.40,0.93,1.27,1.05,1.15,0.97,1.48,0.90,0.97,0.57,0.88,0.60,0.47,1.24,1.05,1.02,0.67,0.75,0.75,0.70,0.73,0.77,1.00,0.98,1.13,1.05,1.10,0.92,1.03,1.40,1.00,1.45,1.53,1.70,1.20,1.85,1.40,0.80,1.10,1.00,1.05,0.90,0.73,0.93,0.80,0.73,0.75,0.57,0.70,,0.67,0.35,0.50,0.60,1.50,0.80,1.10,0.80,0.30,0.85,0.50,0.55,0.85,0.60,0.40,0.75,0.65,0.50,0.70,0.60,0.60,0.80,0.75,0.40,0.45,0.45,0.60,0.85,0.40,0.35,1.00,1.57,0.85,1.05,0.90,0.90,1.10,0.80,0.80,0.75,0.85,0.90,1.10,0.85,1.00,0.80,0.70,0.70,0.90,1.00,0.50,0.30,0.53,0.85,1.15,1.50,0.80,1.40,0.90,0.95,0.60,1.45,0.75,2.60,1.00,0.90,1.55,1.60,
20190228,4,AQI,63,166,275,164,119,135,254,52,54,140,183,167,210,149,73,196,86,164,232,37,59,58,50,76,104,70,51,69,66,58,88,55,93,74,45,24,86,50,52,21,39,21,24,24,70,68,90,53,149,80,108,40,50,118,52,50,92,49,62,76,60,181,30,30,90,73,18,30,27,95,56,61,90,204,61,53,83,61,169,139,109,203,104,171,180,129,219,244,130,236,190,73,151,68,237,221,14,65,29,37,33,54,61,56,29,88,78,67,40,72,80,138,204,163,54,108,204,145,189,134,428,232,151,86,73,76,129,154,99,181,96,136,55,65,38,50,54,25,55,20,25,75,94,31,95,81,83,93,22,26,206,191,91,83,119,74,74,71,75,151,222,130,101,66,119,280,253,216,340,233,133,103,116,58,44,51,64,46,71,53,54,71,81,35,56,68,37,74,143,83,86,65,171,122,150,154,144,116,124,55,31,93,61,89,63,64,161,134,219,69,186,136,68,84,204,76,65,243,390,431,362,457,231,53,395,33,93,91,104,73,36,20,95,88,81,51,88,43,113,83,8,11,43,53,23,68,44,36,22,33,64,35,31,144,94,88,108,113,106,88,89,58,71,104,44,81,47,44,46,54,51,69,70,96,37,79,61,58,55,18,55,42,20,46,64,13,10,23,68,48,75,74,83,68,60,60,63,,76,18,12,25,36,11,63,13,35,26,21,20,30,26,52,36,21,33,44,56,22,28,27,24,16,29,34,44,20,28,70,146,81,68,55,69,96,133,85,67,78,58,60,51,33,70,56,44,41,37,28,24,75,91,61,88,66,186,64,173,138,269,110,131,20,21,233,149,
20190228,4,PM2.5,45,126,225,125,90,103,204,20,25,107,138,127,160,114,46,147,64,125,182,26,42,41,35,56,78,51,35,50,48,41,65,39,69,54,31,10,64,35,36,13,27,12,17,17,51,49,67,37,114,59,81,28,35,89,35,32,68,34,39,56,43,137,16,14,67,53,7,21,6,71,40,44,67,154,44,37,53,31,128,106,82,153,78,130,136,98,169,194,99,186,143,44,116,49,187,171,10,47,20,24,21,38,44,40,20,65,57,48,27,50,59,105,154,124,22,81,154,111,142,102,392,182,116,64,53,56,98,118,74,137,72,104,39,42,24,35,38,15,39,13,10,55,70,14,71,60,61,69,15,12,156,144,68,61,90,43,29,41,55,63,172,99,76,48,90,230,203,166,290,183,101,77,88,41,31,35,46,32,52,37,38,52,60,21,40,49,21,54,109,61,64,47,130,66,115,118,110,88,71,33,22,69,31,66,21,46,123,102,169,50,140,104,49,62,154,56,47,193,340,396,312,436,181,29,345,23,69,68,78,53,25,6,71,65,51,36,65,30,85,61,5,8,30,37,14,49,31,25,11,14,46,22,20,110,70,65,81,85,80,65,66,39,52,78,19,60,32,19,32,37,34,50,51,72,26,58,44,40,39,7,34,27,10,32,46,7,5,16,49,33,55,54,61,49,43,43,45,,56,12,3,13,21,5,45,8,12,17,4,14,13,5,34,16,15,22,31,40,14,14,12,11,7,5,5,31,3,3,51,112,60,49,39,50,72,75,63,33,57,41,43,24,22,51,40,31,29,19,5,10,55,68,44,37,34,140,40,90,44,140,43,100,12,8,183,114,
20190228,4,PM2.5_24h,88,76,138,79,78,146,102,41,37,82,132,174,156,148,36,168,59,140,281,28,38,35,26,27,58,40,33,39,38,33,41,31,41,36,25,46,42,28,29,24,13,17,16,18,35,48,37,31,98,36,110,26,52,66,30,30,77,49,37,50,40,105,29,16,66,43,14,17,14,78,47,43,50,120,63,53,46,32,114,89,119,114,51,74,140,92,178,175,65,142,178,43,109,31,119,164,18,37,25,27,37,33,38,51,49,59,48,47,18,56,40,112,131,118,26,116,152,106,131,123,488,298,177,48,43,41,146,129,76,145,74,126,69,53,41,53,48,10,32,14,18,37,50,13,56,53,40,65,12,10,157,140,87,78,110,37,38,41,43,56,196,96,72,27,73,182,177,152,217,166,44,62,59,46,32,31,32,30,46,35,34,41,52,20,24,24,13,28,80,53,54,51,137,65,101,122,138,115,48,85,15,59,29,91,14,44,92,128,145,65,125,145,70,63,129,86,58,167,164,297,245,291,194,58,400,27,48,49,56,44,25,15,50,48,45,28,49,26,49,53,15,18,27,44,20,40,36,27,15,25,31,29,13,122,116,85,74,62,71,52,52,51,61,81,31,71,29,31,51,35,43,50,40,83,17,38,37,42,45,17,36,29,21,42,51,10,14,16,38,32,41,58,49,46,56,45,38,,49,16,11,11,43,21,40,12,15,10,7,17,16,8,29,25,16,26,28,27,12,18,20,13,11,10,10,15,5,6,39,89,59,48,44,41,70,79,51,39,49,36,31,23,26,56,35,35,41,21,10,11,56,62,36,37,24,117,33,65,45,85,35,61,14,6,154,103,
20190228,4,PM10,72,158,344,183,184,162,271,54,58,166,188,168,227,166,96,193,86,154,199,30,54,47,34,83,131,56,52,65,51,51,95,46,105,72,45,14,80,49,53,21,39,14,16,24,41,54,81,47,172,89,92,30,,166,54,50,133,42,73,74,49,120,30,30,90,78,15,30,14,125,59,62,121,181,,42,116,71,161,143,88,208,,187,198,141,187,250,176,268,203,96,161,79,238,223,12,57,23,37,33,43,55,54,26,75,82,84,40,94,106,130,207,179,57,133,194,168,164,117,480,216,136,,53,,136,143,93,194,99,126,52,79,38,40,53,16,49,20,25,79,85,31,86,75,80,90,22,26,177,151,84,78,131,98,97,92,70,251,237,150,116,81,123,294,336,237,340,294,130,146,159,56,38,51,67,42,70,48,44,58,80,35,59,63,37,66,121,84,100,76,194,193,166,181,141,143,198,60,26,134,71,79,75,70,183,160,187,70,184,116,59,81,178,80,56,237,423,468,352,433,245,55,258,,95,96,106,63,27,20,72,101,112,48,101,34,,59,5,8,38,,23,66,41,,22,33,61,35,31,148,108,77,78,102,92,81,104,66,83,95,44,,47,44,30,58,51,,,80,37,68,70,65,47,18,60,42,20,38,60,13,6,17,75,48,69,58,73,83,62,56,53,,67,18,11,25,36,9,58,10,35,19,7,16,30,26,54,36,17,33,41,54,,28,27,,16,10,34,39,6,5,84,144,62,69,60,74,108,215,90,84,67,44,55,51,33,62,54,42,35,37,11,24,56,76,69,125,82,172,78,295,226,398,170,133,20,12,214,167,
20190228,4,PM10_24h,104,111,221,133,143,233,153,74,76,131,195,240,232,197,84,210,90,160,302,41,52,49,38,45,96,46,57,58,48,44,62,46,67,54,37,58,53,40,48,36,24,25,20,24,35,74,51,45,154,71,132,31,52,130,47,50,161,72,70,62,54,131,43,31,89,63,25,34,42,126,67,65,107,150,71,60,103,83,146,121,128,146,60,108,201,137,199,227,113,216,251,89,141,56,166,224,22,50,38,47,54,46,49,60,71,77,73,74,39,102,79,148,180,169,53,167,198,153,158,145,452,362,218,35,52,42,186,160,94,209,95,141,61,87,51,42,65,14,49,21,32,50,54,28,72,71,54,83,20,30,154,156,102,85,144,95,127,103,61,227,255,151,122,52,117,229,298,222,272,260,66,121,105,67,48,52,56,47,66,53,48,55,70,39,38,33,21,42,107,72,85,84,198,160,151,172,175,152,139,122,21,132,61,113,48,75,127,176,174,102,157,164,88,92,153,123,73,207,205,354,288,299,267,97,457,61,66,66,74,52,23,20,55,73,77,41,72,29,38,63,32,28,44,60,28,55,50,16,23,43,40,42,23,153,164,107,84,81,88,80,79,69,86,95,50,89,46,50,35,50,63,53,35,96,26,47,55,59,56,32,48,43,31,62,72,13,19,18,56,48,55,70,58,72,77,61,45,,64,23,16,21,70,26,50,19,30,15,12,27,41,26,46,43,26,42,42,47,21,34,51,14,22,17,37,25,8,12,65,113,69,62,64,55,116,152,67,112,69,48,48,49,31,63,45,45,45,35,22,38,97,87,56,128,71,150,60,259,226,292,160,91,31,10,179,137,
20190228,4,SO2,4,25,34,25,41,11,39,8,6,14,25,23,29,24,14,63,29,21,17,6,7,6,8,10,15,6,8,10,5,7,7,4,5,8,8,6,12,5,6,4,5,4,4,5,3,4,11,4,17,16,11,5,4,8,4,6,13,5,5,9,7,19,7,5,8,6,7,17,3,8,14,12,14,8,10,6,22,10,18,24,12,111,9,16,29,15,32,47,23,20,12,10,18,11,28,21,7,8,4,4,6,7,6,6,7,15,15,8,10,7,51,18,37,33,16,59,21,19,46,12,24,5,11,4,14,11,10,22,10,7,10,15,7,10,4,9,2,6,7,8,2,7,10,13,7,7,5,4,8,12,6,9,7,6,5,9,5,12,4,3,22,18,25,11,20,24,14,49,11,32,14,9,7,11,7,13,5,10,6,8,6,13,6,9,8,1,4,3,33,4,10,6,32,69,86,12,23,33,166,8,2,22,25,7,4,13,112,43,24,17,36,10,19,54,11,11,8,16,20,21,11,23,16,9,8,8,8,17,18,11,9,12,7,2,4,7,3,8,9,5,6,4,15,8,5,8,12,6,4,6,11,6,18,13,16,12,6,7,7,6,5,7,8,13,6,8,4,3,5,6,5,6,12,4,5,5,3,3,6,7,10,9,7,11,17,6,7,6,4,8,12,7,4,11,7,9,5,,5,9,20,20,16,9,2,7,4,25,3,5,9,7,5,8,13,28,7,5,4,5,7,6,4,4,10,3,4,3,9,17,15,56,16,12,7,11,8,33,6,7,4,14,15,5,21,8,10,15,3,5,8,11,7,13,6,10,8,8,5,12,25,31,3,1,13,4,
20190228,4,SO2_24h,8,19,34,42,40,24,26,13,10,17,33,33,43,33,17,56,29,19,28,6,8,4,8,12,13,7,8,9,6,4,5,5,5,8,6,6,7,5,6,4,5,5,4,6,3,5,6,3,23,13,12,5,4,7,4,6,12,7,6,8,6,16,8,5,10,6,10,14,4,7,12,14,25,8,11,7,25,20,23,37,28,48,11,21,25,16,30,41,17,21,31,14,23,8,21,34,7,10,4,4,7,7,7,6,9,15,12,10,10,13,31,20,32,39,15,48,37,38,62,16,40,17,18,4,10,9,11,16,13,16,13,11,7,8,5,4,2,7,7,7,2,5,9,17,10,7,3,4,13,12,7,12,11,5,7,9,7,38,7,5,36,22,25,9,22,29,26,31,21,50,13,14,12,9,7,14,5,22,6,8,7,10,6,9,7,1,3,4,52,4,10,8,21,51,39,14,39,29,85,23,3,30,18,15,7,13,62,45,33,40,22,17,21,19,18,14,14,17,18,20,14,22,20,13,15,29,7,13,13,12,9,10,8,3,7,7,5,8,7,8,10,7,12,10,5,7,13,8,4,8,9,6,10,14,14,17,7,7,5,9,5,8,25,11,4,8,5,2,6,6,5,8,11,3,5,5,3,4,8,11,8,11,9,12,23,6,7,6,5,8,9,8,5,8,8,8,6,,5,9,19,17,21,18,2,9,3,18,4,5,10,7,5,9,13,13,7,6,4,7,8,6,4,4,9,4,8,3,7,17,16,27,24,16,10,15,7,20,11,14,8,9,11,11,17,15,11,24,6,6,20,19,7,14,19,14,12,9,6,12,21,28,4,2,18,10,
20190228,4,NO2,58,100,106,86,85,43,96,9,36,96,57,70,91,81,65,94,60,56,40,32,32,45,17,71,62,19,42,39,30,26,49,18,59,40,27,47,44,40,32,27,17,42,40,27,37,22,17,29,65,56,35,30,21,66,25,24,62,36,33,60,24,70,29,7,30,58,9,20,5,59,69,37,74,86,17,31,59,37,86,49,50,79,23,75,73,49,68,80,56,52,78,33,83,67,32,105,13,34,6,9,14,9,38,40,29,37,47,26,31,21,49,34,66,71,16,64,56,60,80,28,47,40,28,49,43,27,49,59,36,73,39,36,23,37,20,28,14,12,17,14,3,43,22,20,32,17,43,28,13,7,56,36,36,31,64,17,28,28,35,35,89,25,92,63,48,74,58,51,51,58,31,60,48,46,21,30,33,37,36,29,38,44,35,13,26,15,27,50,55,27,44,64,82,71,82,52,78,77,88,11,8,19,61,20,3,9,54,62,71,42,62,37,23,29,25,14,13,48,43,51,40,55,30,11,36,9,59,26,73,23,10,18,40,54,81,35,63,23,54,20,9,12,18,11,13,12,25,16,11,13,24,12,19,58,68,21,34,61,57,27,52,32,27,60,28,19,7,17,23,40,26,20,19,17,13,21,5,11,23,10,27,19,13,16,27,7,14,15,29,36,30,22,35,41,18,45,21,,35,4,9,11,27,6,7,11,16,11,5,8,18,4,28,7,16,17,13,27,6,20,3,3,15,2,7,2,13,3,35,90,40,43,32,25,25,23,36,37,16,23,24,17,12,43,20,13,37,14,2,18,25,47,35,50,63,76,20,48,7,53,51,65,5,8,33,26,
20190228,4,NO2_24h,60,73,83,69,80,52,76,21,33,63,75,72,84,71,46,88,66,52,62,48,40,51,23,44,43,25,49,44,30,23,28,19,36,50,46,55,54,45,46,30,21,43,37,28,40,37,29,34,67,66,48,31,26,82,27,34,75,47,39,50,27,71,31,10,38,47,16,27,10,48,60,35,54,61,24,33,53,35,63,40,54,70,32,54,51,47,60,68,41,61,80,37,52,53,39,83,22,24,9,12,33,10,23,32,37,24,28,41,26,30,39,35,48,64,20,67,65,68,82,33,56,73,42,53,46,30,54,47,32,54,34,43,26,32,19,20,16,19,18,19,6,35,30,30,37,20,34,18,22,10,47,40,43,35,47,21,23,41,28,24,65,46,74,48,49,42,55,49,62,84,35,43,46,61,24,43,41,35,40,44,50,38,39,15,48,24,44,50,57,22,29,39,53,51,62,38,66,54,55,40,8,42,36,28,5,11,42,70,68,39,50,38,39,29,24,20,26,46,29,44,42,42,63,17,44,15,39,29,49,33,15,23,37,34,39,30,38,36,35,27,21,15,24,24,19,25,34,23,18,24,29,17,29,44,64,35,32,33,32,26,28,32,33,44,28,25,10,25,29,21,26,29,23,22,20,24,11,15,18,16,36,23,22,23,28,17,19,20,26,32,26,26,33,43,23,39,26,,29,7,13,10,35,13,16,16,14,17,8,15,19,9,24,11,18,12,17,23,8,18,16,5,21,5,8,2,10,5,26,65,27,40,32,29,33,32,27,30,21,24,28,22,16,30,20,18,22,16,11,23,38,38,23,33,31,39,27,37,10,39,32,56,10,14,38,20,
20190228,4,O3,25,7,5,9,5,31,10,67,21,4,55,30,5,12,9,17,37,29,37,58,37,26,61,5,10,53,23,35,35,40,12,59,7,19,51,7,24,29,37,30,59,13,11,26,32,68,63,30,41,34,54,40,42,4,48,54,5,5,9,3,48,3,3,38,20,3,56,57,86,14,4,53,16,27,46,40,14,47,5,11,24,14,69,6,31,45,28,17,14,66,14,48,11,17,97,11,29,30,70,46,24,61,12,1,5,13,21,3,23,61,13,91,28,17,41,35,20,11,13,67,35,38,32,16,20,21,35,23,45,14,48,46,29,21,36,32,44,81,32,29,63,18,34,58,5,23,12,26,60,52,8,32,3,21,9,67,52,54,59,29,4,84,6,28,38,25,19,70,38,56,90,17,29,37,42,53,41,44,38,46,21,22,29,76,31,20,43,13,64,13,33,30,19,9,17,32,7,4,12,54,58,53,25,38,45,113,14,26,26,17,36,4,24,32,35,54,72,55,63,73,72,62,92,61,25,73,10,33,5,51,65,37,23,8,8,21,5,37,32,75,26,23,24,71,13,38,36,34,39,76,36,40,26,18,19,60,35,8,11,53,9,18,9,2,34,45,42,41,22,9,17,56,56,47,53,55,65,60,17,13,4,5,6,5,3,38,20,21,4,36,27,26,3,3,29,31,13,,6,51,37,76,45,34,86,41,30,83,68,44,50,70,21,32,55,43,35,25,69,15,55,78,38,92,34,86,65,88,13,5,20,29,24,62,62,32,32,32,65,56,46,49,102,28,78,54,22,46,90,78,45,26,48,27,21,21,66,18,63,23,19,27,53,66,76,60,
20190228,4,O3_24h,98,93,69,93,61,131,87,103,95,101,74,115,79,120,91,90,62,91,119,76,69,71,94,106,89,88,67,72,74,86,78,91,101,43,64,76,38,61,68,77,80,41,38,61,70,102,101,56,112,101,128,66,87,68,87,104,62,91,89,100,105,15,8,80,40,70,57,83,96,92,75,102,109,82,76,69,99,107,89,91,125,97,136,82,122,131,125,143,107,129,121,126,109,106,135,126,29,125,83,83,90,105,97,89,5,145,123,13,86,124,95,141,146,117,76,111,82,66,97,122,204,161,111,49,58,55,123,132,122,147,103,136,97,84,84,103,96,81,89,32,87,90,52,88,32,47,85,86,61,77,110,122,75,79,122,113,116,122,120,88,134,138,139,105,138,136,150,185,159,133,114,157,158,58,81,87,74,147,77,66,54,76,67,111,36,22,56,47,98,74,107,132,154,109,128,139,127,119,116,102,86,109,107,83,106,126,102,91,79,100,98,99,72,93,93,103,108,114,129,137,132,122,175,99,85,84,76,68,89,56,68,66,80,78,96,61,97,45,66,133,43,68,79,103,29,50,45,44,49,88,50,47,26,119,130,115,99,109,105,98,93,54,85,86,65,92,70,72,51,81,56,88,73,91,63,81,87,78,82,14,20,14,8,8,72,38,22,30,16,79,69,53,39,68,70,82,58,,63,108,68,101,99,48,103,65,85,85,68,87,95,80,88,91,91,100,96,106,84,81,76,90,72,103,43,106,80,99,99,100,103,85,89,107,110,128,101,110,72,99,95,99,116,106,115,89,109,121,99,91,107,103,94,99,99,147,92,102,87,101,73,102,84,76,97,102,
20190228,4,O3_8h,19,9,5,20,6,38,13,68,27,14,55,27,12,11,7,17,34,32,40,57,39,39,62,13,12,53,30,41,37,44,18,58,5,18,50,7,25,24,26,32,67,10,15,27,31,79,54,26,34,23,59,37,44,4,43,52,5,5,12,3,51,3,3,39,20,3,49,38,86,21,5,61,20,35,47,42,13,50,23,10,35,15,61,6,42,58,30,12,19,54,16,40,15,8,100,13,23,38,71,50,12,67,30,2,4,23,33,3,22,61,12,98,27,18,45,29,22,13,10,74,45,42,35,12,23,23,44,23,52,28,53,41,27,16,39,30,53,70,35,27,60,17,33,60,7,17,17,34,56,53,13,35,3,22,17,65,49,53,62,23,5,67,9,41,36,34,16,68,27,45,101,27,31,43,49,56,42,54,40,46,26,38,38,72,27,19,41,26,40,17,43,38,24,14,16,37,11,3,13,51,65,32,39,37,47,110,17,18,25,15,34,5,17,28,40,44,81,42,87,81,62,68,98,58,29,78,14,33,11,44,62,36,23,17,10,29,6,34,41,84,22,20,24,68,13,40,32,37,40,81,37,38,24,26,17,65,40,10,20,49,11,15,11,3,31,45,42,29,26,20,20,55,55,50,54,56,64,64,22,10,4,5,4,5,4,32,20,23,4,39,28,33,3,4,31,31,18,,7,49,41,82,48,39,81,46,36,81,64,48,51,67,20,40,67,56,37,29,71,15,56,77,39,91,35,82,70,88,28,6,31,24,26,66,52,31,46,35,57,60,53,47,90,56,72,55,37,43,78,69,44,37,65,20,21,42,52,18,53,15,27,21,40,64,72,71,
20190228,4,O3_8h_24h,21,12,5,28,7,51,15,70,33,29,58,28,22,13,7,20,36,35,41,59,42,48,63,20,18,54,40,47,41,51,29,58,6,19,53,9,26,24,26,34,75,10,17,29,37,88,56,26,34,24,63,39,47,4,45,53,4,5,13,4,59,4,4,41,22,3,49,39,86,32,7,64,24,44,50,46,14,55,49,11,41,17,63,7,58,69,38,12,26,55,17,43,17,8,105,18,23,48,75,52,12,75,53,5,4,35,44,3,23,63,17,111,30,20,50,31,26,16,11,79,58,50,39,13,28,25,61,25,59,43,56,41,31,16,44,40,63,70,44,27,60,17,33,63,7,18,22,46,56,54,23,36,3,23,25,67,49,55,71,25,6,67,10,49,37,56,18,72,27,45,107,36,31,46,53,67,46,59,43,48,28,50,43,72,28,19,41,32,46,22,53,44,30,19,17,45,15,4,20,53,70,35,51,39,50,110,20,21,27,19,43,6,17,29,43,44,90,52,106,91,62,73,104,58,31,84,20,36,19,44,62,39,26,25,17,42,8,35,49,95,22,20,27,73,14,41,33,42,42,86,39,39,24,39,17,69,43,14,23,51,14,15,17,3,32,46,45,29,31,35,21,57,58,57,58,61,64,67,27,10,4,5,4,5,4,32,21,24,4,41,33,38,4,5,33,34,25,,9,50,55,87,54,43,83,52,43,81,64,55,51,67,22,51,75,69,46,37,72,20,57,77,40,91,36,83,75,90,45,7,35,24,26,68,52,48,62,45,57,66,62,48,90,71,72,55,42,43,78,69,48,41,80,28,23,63,52,19,53,15,32,24,40,64,72,76,
20190228,4,CO,0.63,1.64,2.37,1.70,2.77,0.90,2.35,0.68,0.82,1.42,1.13,1.20,1.68,1.41,1.33,3.22,1.21,1.39,1.08,0.53,0.71,1.07,0.43,0.90,1.07,0.40,0.94,0.70,0.43,0.60,1.22,0.40,0.63,0.93,0.71,0.85,0.77,0.80,0.73,0.47,0.57,0.60,0.47,0.83,0.54,0.54,0.67,1.07,0.95,0.89,0.56,0.51,0.73,1.93,0.63,0.52,1.57,1.15,1.13,1.06,0.68,1.63,1.21,0.50,0.79,0.97,0.78,0.60,0.48,1.17,1.37,1.07,1.26,1.82,0.72,0.52,2.28,0.64,1.73,1.93,1.03,2.20,0.43,1.77,1.03,0.95,1.53,2.02,1.08,1.47,1.28,0.90,0.87,0.60,1.30,1.32,1.16,0.97,0.50,0.53,0.85,0.70,1.30,1.40,1.15,1.05,1.27,2.65,1.33,0.73,2.95,1.22,2.38,1.60,0.72,3.58,1.85,3.05,1.86,0.95,2.67,1.08,0.62,0.60,0.60,0.95,0.71,1.30,0.73,1.73,0.73,1.03,0.70,1.00,0.80,0.97,0.47,0.97,0.87,1.17,0.50,0.63,0.70,0.52,0.67,0.77,0.95,0.68,0.68,0.65,1.17,1.00,1.40,0.96,0.77,1.10,0.40,0.55,0.86,0.63,2.35,1.00,1.35,0.85,0.60,2.25,2.95,2.90,2.70,2.70,1.95,1.55,2.05,0.77,0.55,0.65,0.80,0.50,0.90,0.77,2.00,1.35,1.05,0.20,1.10,0.80,0.65,1.00,2.05,0.70,0.88,0.80,1.36,1.14,1.43,1.56,1.40,1.00,2.33,0.55,0.25,0.60,0.65,0.90,0.25,0.60,1.48,2.88,1.57,1.23,1.57,1.20,0.60,1.25,0.65,0.35,0.60,1.43,2.23,1.97,1.50,1.60,1.20,0.55,1.30,0.40,0.73,0.62,1.00,0.53,0.63,0.63,0.55,0.63,0.70,0.60,0.60,0.50,0.70,0.83,0.73,0.87,0.70,0.50,0.70,0.85,1.00,0.63,1.38,0.82,1.47,0.82,1.05,0.90,0.93,0.72,1.00,0.72,0.86,0.47,0.50,0.90,1.05,0.95,0.47,0.50,0.70,0.50,0.50,0.77,1.15,0.64,0.82,0.95,0.77,0.65,0.73,0.40,0.80,0.95,1.57,1.13,0.90,1.25,1.35,0.70,0.95,0.95,1.15,0.93,0.73,0.93,0.80,0.77,0.78,0.63,0.67,,0.77,0.25,0.40,0.85,1.18,0.77,0.80,0.80,0.20,0.75,0.50,0.40,0.90,0.50,0.35,0.65,0.65,0.43,0.65,0.60,0.60,0.80,0.55,0.50,0.30,0.40,0.50,0.30,0.40,0.35,1.10,1.53,1.00,1.10,1.05,0.75,1.00,0.85,0.95,0.70,0.75,0.90,1.20,0.80,0.70,0.80,0.70,1.00,0.90,1.10,0.40,0.20,0.60,0.90,1.50,2.30,1.40,2.55,0.50,2.15,0.50,2.15,1.90,2.67,0.90,1.10,1.75,1.80,
20190228,4,CO_24h,1.05,1.40,1.87,1.68,2.34,1.48,1.45,0.88,0.90,1.38,1.57,1.85,1.82,1.71,1.22,2.11,1.15,1.20,1.45,0.63,0.76,0.60,0.50,0.68,0.96,0.43,0.78,0.73,0.45,0.58,0.86,0.47,0.50,0.88,0.77,0.93,0.70,0.80,0.77,0.50,0.53,0.70,0.70,0.90,0.58,0.68,0.60,1.07,1.06,0.74,0.85,0.64,0.89,1.69,0.64,0.63,1.60,1.23,1.23,0.90,0.68,1.77,1.39,0.53,0.81,0.75,0.63,0.74,0.54,1.07,1.17,1.30,1.36,1.70,0.80,0.73,1.62,0.82,1.40,1.67,1.43,1.60,0.57,0.93,1.13,0.85,1.63,1.88,0.82,1.27,1.67,0.95,0.97,0.47,1.07,1.45,1.34,0.73,0.58,0.67,1.05,0.67,1.30,1.40,2.30,1.00,1.02,2.05,1.23,0.87,1.95,1.46,2.06,1.55,0.55,2.35,1.77,2.62,1.48,1.05,2.50,1.76,0.88,0.80,0.67,0.62,1.03,1.40,0.80,1.57,0.73,1.07,0.82,1.00,0.84,0.97,0.63,1.07,0.97,1.13,0.55,0.57,0.74,0.68,0.73,0.77,0.80,0.72,0.66,0.60,1.00,1.23,1.43,1.00,0.93,0.85,0.50,0.75,0.74,0.73,2.10,1.20,1.10,0.60,0.60,1.80,2.40,2.20,2.50,2.70,1.20,1.20,1.65,0.80,0.60,0.60,0.85,0.70,1.00,0.97,2.15,1.45,1.20,0.20,0.90,1.20,0.65,0.80,1.40,0.55,0.80,0.80,1.48,1.00,1.30,1.34,1.55,1.37,1.40,0.83,0.30,1.05,0.55,1.03,0.40,0.65,1.00,2.33,1.28,1.23,1.20,1.30,0.95,1.40,0.65,0.45,0.70,1.37,1.20,1.77,1.25,1.40,1.30,0.75,1.90,0.40,0.63,0.54,0.77,0.68,0.63,0.73,0.60,0.50,0.70,0.53,0.45,0.70,0.63,0.80,1.13,0.80,0.87,0.80,0.82,1.28,1.13,0.70,1.40,0.90,1.30,1.02,1.15,0.93,1.45,0.85,0.97,0.60,0.88,0.60,0.47,1.22,1.05,1.00,0.67,0.72,0.75,0.70,0.73,0.77,1.00,0.96,1.10,1.05,1.10,0.92,1.08,1.33,0.95,1.45,1.53,1.67,1.17,1.85,1.40,0.80,1.10,1.00,1.05,0.90,0.73,0.93,0.80,0.73,0.78,0.57,0.70,,0.67,0.35,0.50,0.60,1.50,0.77,1.10,0.80,0.30,0.85,0.50,0.55,0.85,0.60,0.40,0.75,0.65,0.47,0.70,0.60,0.60,0.80,0.75,0.40,0.45,0.45,0.60,0.40,0.40,0.35,1.03,1.60,0.85,1.05,0.90,0.85,1.10,0.80,0.75,0.75,0.85,0.90,1.10,0.85,1.00,0.80,0.70,0.70,0.90,1.00,0.50,0.30,0.57,0.85,1.20,1.60,0.85,1.40,0.80,1.00,0.60,1.50,0.80,2.60,1.00,0.90,1.55,1.60,
20190228,5,AQI,62,184,268,150,114,131,263,51,56,157,177,156,214,148,70,200,94,163,227,41,63,74,51,70,108,76,60,71,66,56,91,58,88,73,49,24,84,54,52,22,43,21,23,24,76,68,85,53,148,84,108,39,50,109,51,46,96,49,80,81,64,171,33,28,86,74,20,27,27,95,64,63,89,203,55,47,88,61,189,136,104,194,99,174,174,123,213,231,134,236,194,66,145,70,232,223,16,69,29,39,21,59,35,58,28,88,85,61,43,70,77,133,190,164,55,106,203,146,201,131,371,214,146,88,78,75,131,151,101,167,95,131,56,60,38,49,55,27,42,21,24,71,95,31,78,76,76,85,21,25,194,179,88,86,116,71,74,65,71,149,219,148,114,85,116,312,252,205,343,227,146,110,131,68,47,53,68,44,73,56,50,78,75,30,59,75,37,,130,73,89,71,176,131,191,180,150,111,120,55,29,65,61,70,62,59,133,129,231,69,179,124,71,88,189,63,69,240,390,413,347,439,217,55,385,37,89,90,104,76,49,20,89,89,71,63,89,49,108,85,10,11,43,46,24,66,47,31,20,33,64,31,36,134,108,91,116,116,123,86,83,61,70,120,34,81,50,32,49,52,50,60,70,103,43,73,55,56,51,22,48,53,10,41,63,12,10,26,66,54,74,76,79,65,59,60,61,,71,20,15,25,37,13,66,13,41,30,21,22,23,23,45,33,20,35,41,54,24,27,20,24,12,28,48,27,22,26,69,143,80,64,56,69,84,127,75,66,70,54,55,41,30,83,56,44,34,30,27,24,73,105,67,82,60,213,62,175,125,184,116,120,25,21,230,139,
20190228,5,PM2.5,44,139,218,115,86,100,213,19,29,120,134,119,164,113,39,150,70,124,177,29,45,54,36,51,81,56,43,52,48,40,68,41,65,53,34,12,62,38,36,14,26,15,16,17,56,49,63,37,113,62,81,27,35,82,33,30,68,34,54,60,46,130,14,15,64,54,6,19,6,71,46,45,66,153,39,33,59,31,142,104,78,146,74,132,132,93,163,181,102,186,146,46,111,51,182,173,11,50,20,22,15,42,24,41,15,65,63,44,23,51,55,101,143,125,23,80,153,112,151,100,321,164,112,65,57,55,100,116,76,127,71,100,40,39,25,34,39,19,29,15,11,52,71,15,57,56,56,63,15,13,146,135,65,64,88,43,34,47,52,51,169,113,86,63,88,262,202,155,293,177,112,83,100,49,33,37,49,31,53,40,35,57,55,18,42,55,18,,99,53,66,45,133,70,144,136,115,84,68,33,20,40,28,51,14,42,101,98,181,50,135,94,52,65,142,45,50,190,340,369,297,409,167,29,335,26,66,67,78,56,34,11,66,66,52,45,66,34,81,63,6,8,30,32,12,48,33,22,10,17,46,21,22,102,81,68,88,88,93,64,61,37,51,91,17,60,35,13,34,33,30,43,51,77,30,53,33,40,36,7,30,29,7,29,45,8,3,18,46,38,54,56,58,47,42,43,44,,52,13,5,13,21,9,48,8,16,21,1,11,15,4,30,18,14,19,29,38,17,12,11,9,5,6,10,17,4,3,50,109,59,46,40,50,62,73,55,33,51,38,39,24,15,61,37,31,24,16,5,7,53,79,44,32,32,163,43,110,39,100,45,91,8,2,180,106,
20190228,5,PM2.5_24h,87,79,144,81,79,141,109,38,35,84,134,170,156,145,37,165,60,139,267,28,39,36,27,28,59,41,34,40,39,33,42,32,42,37,26,43,43,29,29,23,14,17,15,18,36,49,38,30,99,37,108,25,49,67,30,29,78,47,37,49,40,109,28,16,66,44,14,17,14,79,48,43,51,122,59,50,48,32,110,95,115,116,52,77,138,91,176,177,67,148,181,44,110,33,125,167,17,38,24,27,35,33,38,50,48,60,50,48,18,55,41,112,131,119,25,115,153,106,132,122,495,292,175,49,44,41,142,126,75,142,74,122,65,50,38,53,46,10,32,14,17,38,51,13,57,54,41,65,13,10,158,141,86,78,110,37,39,42,43,56,196,97,73,29,73,184,177,151,217,165,45,63,60,46,32,31,32,30,46,35,34,41,52,19,24,25,13,,80,52,55,51,136,66,103,123,134,112,50,83,16,59,29,89,15,44,91,126,145,64,126,142,69,63,130,81,58,167,175,295,251,305,190,56,381,27,50,51,58,45,24,14,52,50,45,29,50,26,50,53,15,17,27,45,19,41,36,26,15,24,32,28,14,121,113,84,75,63,70,54,54,48,60,78,29,67,29,29,47,34,41,50,40,81,18,40,37,41,45,16,36,29,21,42,51,10,13,17,39,31,42,58,50,46,55,45,39,,50,16,11,11,42,21,41,12,15,11,7,17,16,8,29,25,16,26,28,28,12,18,20,13,11,9,11,15,5,6,40,91,59,49,44,42,70,79,52,39,49,36,32,23,25,56,35,35,41,20,10,11,56,62,36,37,25,118,34,67,45,86,36,61,14,6,156,102,
20190228,5,PM10,74,168,332,197,165,171,285,51,62,176,187,154,240,164,89,202,93,148,190,33,59,54,37,68,129,,60,68,53,53,93,46,94,70,47,16,79,49,54,22,43,21,17,19,,18,92,51,161,95,91,30,,149,51,46,142,43,109,77,53,134,33,28,79,80,15,22,12,123,59,64,103,173,,36,125,71,180,137,86,196,76,192,186,138,180,224,185,267,203,81,152,73,224,224,11,57,23,39,20,49,35,59,28,73,88,72,43,86,104,128,196,178,60,131,191,165,162,115,458,201,121,,56,,127,150,90,200,105,123,47,69,38,31,55,,42,20,24,78,79,31,75,74,82,87,20,25,171,144,81,67,125,92,97,79,66,247,237,153,118,99,121,324,326,237,347,277,139,144,159,57,42,52,61,43,69,49,43,73,75,30,61,74,37,,115,77,94,92,183,212,190,201,146,133,189,60,23,80,72,63,73,64,136,142,187,70,183,105,59,86,171,61,54,217,425,452,342,408,226,59,,,98,96,104,67,,20,76,89,90,56,96,38,,66,6,9,36,,24,68,46,,20,33,63,31,36,143,113,78,90,106,108,75,88,72,83,109,34,,47,32,24,53,50,48,55,86,39,67,60,57,48,22,48,55,10,30,61,11,10,21,82,52,68,57,72,65,60,54,51,,65,20,15,25,37,13,60,11,41,26,6,22,23,20,45,33,20,35,37,51,,27,20,,12,11,48,27,6,4,82,161,64,66,52,74,107,204,84,81,64,45,53,41,25,72,61,37,34,30,12,23,,82,84,114,70,212,73,300,199,318,182,125,25,9,215,224,
20190228,5,PM10_24h,102,114,229,137,145,227,161,70,74,134,197,234,231,196,86,209,90,158,301,41,53,50,39,46,98,47,58,59,49,44,63,46,69,55,38,55,54,40,49,35,25,25,20,24,35,74,52,43,155,73,131,30,52,133,47,49,163,70,71,63,54,133,43,31,90,64,25,34,41,128,67,65,107,153,68,58,105,82,142,129,126,148,61,113,199,136,196,230,117,223,255,89,144,58,172,226,21,51,37,47,53,46,48,60,71,78,75,76,40,101,81,148,180,171,53,166,199,155,158,142,453,355,215,35,52,42,182,157,93,207,96,139,58,84,49,43,63,14,49,20,31,52,55,29,73,71,55,83,20,31,155,159,101,84,145,96,120,103,62,230,255,151,122,53,117,231,298,222,272,259,67,121,105,67,48,52,56,47,66,53,48,56,70,38,38,34,22,,107,71,87,84,197,163,153,173,171,147,143,119,21,130,62,111,50,74,125,174,174,100,158,161,86,91,155,117,73,208,219,352,296,316,262,95,445,61,68,68,76,52,22,19,58,75,78,42,74,28,38,63,32,28,44,61,25,56,49,16,23,42,42,41,23,152,159,105,85,83,87,81,81,67,86,97,49,89,46,48,34,48,61,53,36,93,27,48,56,58,55,32,49,45,30,62,72,13,19,18,57,48,56,69,59,72,76,61,46,,64,23,16,21,69,25,52,19,31,15,11,28,40,27,47,43,26,42,42,48,21,34,52,14,22,17,38,26,7,12,67,115,69,63,63,57,116,156,69,111,69,48,49,50,31,63,46,45,45,35,22,38,97,86,58,127,72,153,61,262,225,294,162,91,31,10,183,139,
20190228,5,SO2,4,26,32,29,42,10,41,8,6,14,25,20,27,27,13,72,30,25,17,6,7,6,8,11,15,6,9,11,6,7,6,7,5,9,8,6,12,5,7,4,5,5,4,6,2,4,6,3,17,17,11,5,4,8,4,6,14,5,6,10,8,18,7,5,8,7,7,16,3,8,13,11,13,8,9,6,25,10,15,26,12,116,10,15,29,15,24,41,22,16,14,9,17,18,20,18,7,8,3,4,6,7,6,6,7,13,17,8,10,7,45,23,28,36,21,58,20,18,43,13,16,5,9,4,9,10,9,19,14,8,10,11,6,12,5,6,2,7,6,12,3,7,10,9,8,6,5,4,8,13,6,8,6,6,5,7,5,34,4,3,20,18,26,10,16,23,18,43,12,33,17,9,7,12,7,13,5,10,6,8,7,15,6,9,9,2,4,,47,4,11,4,26,74,90,12,26,31,163,12,2,12,23,5,3,13,99,38,35,16,32,10,21,47,9,12,8,17,21,19,11,23,14,8,7,23,7,18,14,15,11,9,7,3,5,6,4,5,8,5,10,4,14,7,5,7,15,8,4,6,11,6,13,12,15,11,6,9,6,6,5,6,9,14,4,9,6,2,5,6,5,7,14,4,4,5,3,3,6,7,8,8,6,9,16,6,7,6,4,9,10,8,4,9,8,9,6,,5,10,17,18,16,16,2,7,3,20,4,5,10,7,5,9,10,24,7,5,4,5,7,6,5,4,8,4,4,3,7,17,11,43,14,11,8,11,6,34,5,6,4,13,23,6,18,10,10,16,3,5,7,18,7,10,5,9,8,7,5,12,22,24,3,2,13,3,
20190228,5,SO2_24h,8,20,35,40,39,24,26,12,9,17,33,31,43,33,17,57,28,20,27,5,7,4,8,12,13,7,8,9,6,5,5,5,5,8,6,6,7,5,6,4,5,5,4,6,3,5,6,3,23,14,12,5,4,7,4,6,12,7,6,8,6,16,8,5,10,6,10,14,4,7,12,14,24,8,10,7,25,19,21,38,27,51,11,21,25,15,29,41,17,21,31,14,23,8,21,33,7,10,4,4,7,7,7,6,9,15,13,10,11,13,32,20,31,39,14,49,37,38,61,16,39,17,18,4,10,9,11,16,13,16,13,11,7,8,5,4,2,7,7,7,2,5,9,17,10,7,4,4,13,13,7,12,10,5,7,9,6,27,7,5,36,22,25,9,22,29,26,31,21,50,13,14,12,9,7,14,5,22,6,8,7,10,6,9,7,1,3,,52,4,10,7,21,51,42,14,38,28,90,22,3,30,19,15,7,13,62,45,33,39,22,17,21,21,17,14,14,17,18,20,14,22,20,13,14,30,7,13,13,12,9,10,8,3,7,7,5,8,7,8,10,7,12,10,5,7,13,7,4,8,9,6,10,14,15,17,7,8,6,9,5,7,25,11,4,8,5,2,6,6,5,7,11,3,5,5,3,4,8,11,8,11,8,12,23,6,7,6,5,8,9,8,5,8,8,8,6,,5,9,19,17,21,18,2,9,3,17,4,5,10,7,5,9,13,14,7,6,4,7,8,6,4,4,9,4,8,3,7,18,16,29,24,15,10,15,7,20,11,14,8,9,11,11,17,15,11,23,6,6,19,19,7,13,19,14,12,9,6,12,22,28,4,2,18,10,
20190228,5,NO2,62,102,101,85,85,46,98,8,34,95,52,65,89,77,62,95,62,58,42,33,28,45,17,63,61,21,42,37,33,26,32,22,58,40,29,47,44,44,36,31,17,37,44,27,34,21,10,27,60,51,36,28,21,60,22,20,61,35,39,61,38,65,28,7,28,57,8,14,4,56,66,24,75,82,16,25,60,32,73,44,50,75,23,72,67,55,84,72,56,52,80,45,77,63,32,100,12,35,6,10,11,12,16,41,28,38,57,35,28,28,45,32,47,74,21,62,56,58,72,31,35,42,29,49,40,30,51,66,39,81,46,38,24,38,22,25,11,12,15,15,2,36,21,21,31,17,46,25,13,9,50,31,33,32,64,16,26,33,28,33,85,28,87,50,48,79,66,46,58,94,32,60,45,49,22,29,32,28,33,33,30,40,30,13,27,12,27,,65,25,46,80,76,75,82,48,74,70,84,14,7,15,55,15,3,9,51,53,76,41,53,36,21,38,25,15,17,43,49,48,46,59,29,8,34,14,60,29,73,24,10,16,34,54,73,24,57,25,51,21,10,11,18,10,12,11,24,15,10,14,25,12,19,44,64,21,36,62,55,16,53,30,26,62,19,21,9,15,15,41,25,19,18,16,12,18,6,10,22,8,25,19,10,15,26,5,9,16,29,37,28,24,33,37,18,42,19,,34,4,6,11,28,8,8,11,15,9,6,10,17,3,26,8,21,15,11,25,8,16,4,4,14,3,7,1,12,4,42,86,31,47,34,31,30,29,31,33,13,20,29,15,17,57,25,11,32,14,2,18,25,46,38,45,51,82,23,54,6,37,39,51,6,7,30,20,
20190228,5,NO2_24h,60,74,84,70,80,50,77,20,33,64,75,71,84,71,47,88,66,52,60,48,40,52,23,46,45,25,49,45,31,23,28,20,38,50,46,54,54,45,46,31,22,44,37,28,40,36,29,33,68,67,48,32,26,82,25,32,75,46,38,51,28,72,32,10,38,48,16,27,10,49,61,35,55,62,24,32,54,34,62,44,54,71,32,55,52,47,60,68,42,62,82,38,54,55,40,84,22,25,9,12,31,10,23,32,37,25,30,42,26,29,40,35,48,63,20,68,66,69,82,33,57,72,42,54,47,30,53,48,32,56,34,43,26,33,19,21,16,19,18,18,6,36,30,29,37,20,35,18,22,10,47,40,43,36,47,21,30,40,28,24,65,46,74,47,49,42,55,48,63,86,35,44,46,61,24,43,41,35,40,45,50,38,39,15,48,24,44,,57,23,30,42,54,52,62,39,66,55,56,39,8,41,37,28,5,11,42,70,69,39,50,38,39,29,24,20,26,47,30,44,42,43,64,17,41,15,40,29,51,33,15,23,37,36,42,31,40,36,36,26,21,14,24,24,19,24,34,23,18,24,29,17,29,44,64,34,32,35,33,26,29,33,33,48,28,25,10,24,28,23,27,29,23,22,20,24,11,15,19,16,37,23,21,23,28,17,19,20,27,33,27,26,34,44,23,41,26,,29,7,13,10,35,12,15,16,15,17,8,15,19,9,24,11,17,12,17,24,8,18,15,5,22,5,8,2,10,5,28,67,27,40,31,29,34,31,27,30,21,24,29,22,15,30,20,18,22,16,10,23,37,37,24,33,32,40,27,38,10,39,32,56,10,14,38,20,
20190228,5,O3,20,6,5,9,5,24,9,67,19,4,57,34,5,13,9,13,33,27,33,56,40,26,58,9,11,47,23,36,34,39,27,53,5,18,47,7,22,23,30,24,59,18,13,27,34,67,75,31,42,34,53,42,44,4,49,55,4,2,5,3,25,3,3,45,21,3,64,72,86,13,3,63,12,31,47,50,13,48,7,15,20,13,69,6,33,33,9,22,9,60,10,28,15,17,94,9,33,23,69,42,23,57,25,3,5,12,9,3,19,53,13,91,42,14,36,35,18,12,14,64,33,33,29,14,20,16,30,13,38,10,36,38,21,16,33,30,45,85,36,28,61,26,34,50,6,24,9,25,63,47,7,33,3,18,4,70,54,46,68,33,5,76,6,39,34,14,10,79,28,22,95,12,38,28,40,55,40,59,41,38,25,24,35,74,29,20,41,,25,13,28,19,21,9,13,35,7,5,11,46,59,57,26,46,42,113,16,30,23,16,44,4,23,31,31,54,62,48,51,64,61,51,87,66,24,67,9,26,2,48,62,34,25,10,8,24,5,38,30,69,24,22,18,62,14,36,35,37,39,70,33,37,29,25,18,56,30,5,6,66,5,18,11,2,40,43,35,41,30,6,17,56,59,47,54,62,63,62,22,15,4,5,9,5,3,39,30,19,3,34,23,26,3,3,29,29,16,,7,54,40,72,41,30,85,41,33,87,66,38,50,73,20,30,53,45,34,22,70,14,54,78,37,90,33,82,69,84,4,5,27,20,19,51,51,25,35,39,70,64,44,55,97,6,69,51,20,44,87,78,39,27,43,29,22,16,63,9,68,33,23,40,53,68,79,66,
20190228,5,O3_24h,98,93,69,93,61,131,87,103,95,101,74,115,79,120,91,90,62,91,119,75,65,71,94,104,89,88,67,69,74,86,78,91,101,39,63,76,37,61,68,77,80,41,38,61,67,102,101,56,112,101,128,64,87,68,87,104,62,91,89,100,105,15,8,80,40,70,64,83,96,92,75,102,109,82,76,69,99,107,89,89,125,97,136,82,122,131,125,143,106,129,121,126,109,106,135,126,33,125,83,83,90,105,97,89,6,145,123,13,86,124,95,141,146,117,76,111,82,66,97,122,204,161,111,49,57,55,123,132,122,147,103,136,97,81,80,103,96,85,89,33,87,89,52,88,32,47,85,86,63,77,110,122,75,79,122,113,115,122,120,88,134,138,139,105,138,136,150,185,159,133,114,157,158,58,81,87,74,147,77,66,54,76,67,111,36,22,56,,98,74,107,132,154,109,128,139,127,119,116,102,86,109,107,83,106,126,102,91,79,100,98,99,72,93,93,103,108,114,129,137,132,122,175,99,85,84,75,68,89,49,68,65,80,73,96,60,97,42,66,133,43,68,79,103,29,50,45,44,49,88,50,47,29,119,130,115,99,109,105,98,93,54,85,86,65,92,70,72,51,81,56,88,73,91,63,81,87,78,82,16,20,14,10,8,72,39,30,30,16,79,69,53,39,68,70,75,58,,63,108,68,101,99,48,103,65,85,87,68,87,95,80,88,91,91,100,96,106,84,81,76,90,72,103,43,106,80,99,99,100,103,85,89,107,110,128,101,110,72,99,95,99,116,106,115,89,109,121,99,91,107,103,94,99,99,147,92,102,87,101,73,102,84,76,97,102,
20190228,5,O3_8h,18,8,5,18,6,35,12,68,26,12,55,29,10,12,7,16,34,31,38,57,39,37,61,14,12,52,29,40,36,43,20,57,6,18,49,7,24,23,26,31,65,12,15,27,32,77,58,27,36,25,57,38,43,3,47,52,4,4,11,3,45,3,3,40,21,3,52,43,86,20,4,61,18,34,47,44,13,50,20,11,32,15,62,6,40,53,26,14,17,55,14,38,15,9,99,12,25,35,71,48,14,65,29,2,4,21,28,3,22,59,12,96,30,17,43,30,22,13,11,72,43,40,34,13,22,22,42,21,49,24,49,40,26,15,38,28,51,73,35,27,61,18,33,58,6,19,15,32,57,52,12,34,3,21,15,66,38,52,63,25,5,64,9,45,35,31,13,71,23,34,103,25,34,40,48,57,42,59,41,44,27,39,40,71,26,19,39,,38,15,40,34,24,13,15,37,10,4,12,50,64,37,36,39,47,111,17,20,24,16,36,5,18,28,38,46,78,44,80,78,61,64,95,60,28,76,13,32,9,45,62,36,24,15,10,28,6,35,39,81,23,20,23,67,13,39,33,37,40,79,36,38,25,26,17,63,38,9,17,53,9,15,11,3,33,45,40,31,27,17,19,55,56,50,54,57,63,64,22,12,4,5,5,5,3,34,22,22,4,37,28,32,3,4,31,30,18,,7,50,41,80,47,37,82,45,35,82,64,45,50,68,20,38,64,54,36,28,71,15,56,77,39,90,35,82,69,88,23,6,30,23,24,63,52,30,43,36,60,61,51,49,91,46,72,54,34,43,80,71,43,35,61,22,21,37,54,16,56,19,26,25,43,64,73,70,
20190228,5,O3_8h_24h,22,12,5,28,7,51,15,70,33,29,58,29,22,13,7,20,38,35,41,59,42,48,63,21,18,54,40,47,41,51,30,59,7,19,53,9,26,25,27,34,75,12,17,29,37,88,59,27,36,26,63,40,47,4,49,54,4,5,13,4,60,4,4,42,22,3,52,44,86,32,7,65,24,45,50,47,14,56,49,14,41,17,64,7,58,69,38,14,26,57,17,43,17,9,105,18,25,48,75,52,14,75,53,5,4,35,44,3,23,63,17,111,32,20,50,32,26,16,12,79,58,50,39,13,28,25,61,25,59,43,56,41,31,16,44,35,63,73,44,28,61,19,34,64,7,20,22,46,57,54,23,36,3,23,25,68,38,55,72,27,6,64,10,51,37,56,16,73,24,40,107,36,34,46,53,67,46,59,43,47,28,50,43,71,28,19,39,,46,22,53,44,30,19,17,46,15,4,20,53,70,38,51,40,50,111,20,23,27,20,43,6,18,31,43,46,90,53,106,91,62,73,104,60,31,84,20,36,19,45,63,39,26,25,17,42,8,35,49,95,23,20,28,73,14,41,33,42,42,86,39,39,25,39,17,69,43,14,23,53,14,15,17,4,33,46,45,31,31,35,21,57,58,57,58,61,63,67,27,12,4,5,5,5,4,34,22,24,4,41,33,38,4,5,33,34,25,,9,50,55,87,54,43,83,52,43,82,64,55,51,68,22,51,75,69,47,37,72,20,57,77,40,91,36,83,75,90,45,7,35,24,26,68,52,48,62,46,60,66,62,49,91,71,72,55,42,43,80,71,48,41,80,28,23,63,54,19,56,19,32,28,43,64,73,76,
20190228,5,CO,0.67,1.71,2.07,1.65,2.70,0.88,2.52,0.65,0.85,1.48,1.13,1.20,1.80,1.39,1.30,3.54,1.29,1.43,1.09,0.51,0.71,0.97,0.45,1.00,1.17,0.43,1.00,0.70,0.40,0.60,0.98,0.57,0.63,0.94,0.74,0.82,0.77,0.80,0.73,0.57,0.57,0.63,0.43,0.83,0.57,0.54,0.60,1.07,0.97,0.91,0.58,0.52,0.73,1.91,0.62,0.52,1.61,1.00,1.30,1.06,0.74,1.60,1.23,0.48,0.77,1.00,0.74,0.54,0.48,1.14,1.40,1.03,1.22,2.00,0.70,0.48,2.88,0.68,2.00,2.40,1.17,2.25,0.57,1.45,1.07,0.95,1.43,1.90,1.06,1.53,1.38,0.95,0.93,0.60,1.30,1.43,1.14,0.92,0.50,0.57,0.85,0.67,1.10,1.40,1.10,1.05,1.22,1.75,1.87,0.77,3.25,1.96,1.96,1.68,0.75,3.90,1.77,3.10,1.88,1.00,2.05,1.12,0.64,0.67,0.63,0.92,0.64,1.43,0.77,1.67,0.77,0.93,0.70,1.20,0.84,0.97,0.47,0.87,0.73,1.17,0.45,0.55,0.68,0.40,0.70,0.73,1.00,0.68,0.68,0.65,1.10,0.97,1.27,0.96,0.80,1.05,0.40,0.70,0.66,0.63,2.25,1.00,1.30,0.75,0.60,2.55,3.45,2.65,2.80,2.90,2.20,1.60,2.15,1.10,0.55,0.55,0.80,0.50,0.90,0.77,1.95,1.45,1.00,0.20,1.10,0.80,0.75,,2.00,0.70,0.90,0.80,1.34,1.14,1.58,1.60,1.50,1.07,2.30,0.70,0.25,0.50,0.50,0.53,0.25,0.60,1.34,2.52,1.70,1.23,1.43,1.30,0.60,1.25,0.65,0.35,0.63,1.43,2.33,1.93,1.60,1.57,1.10,0.50,1.25,0.40,0.72,0.64,1.07,0.53,0.67,0.63,0.50,0.77,1.00,0.60,0.65,0.50,0.67,0.80,0.97,0.87,0.70,0.40,0.70,0.80,1.00,0.63,1.40,0.75,1.60,0.82,0.95,0.77,1.03,0.70,1.03,0.78,0.92,0.47,0.53,0.86,1.10,0.97,0.40,0.50,0.70,0.50,0.47,0.80,1.10,0.66,0.82,0.95,0.77,0.60,1.15,0.55,0.75,0.95,1.37,1.13,0.90,1.15,1.40,0.75,0.90,1.05,1.20,0.97,0.73,0.90,0.87,0.73,0.78,0.63,0.67,,0.70,0.25,0.25,0.73,1.13,0.80,0.75,0.80,0.20,0.75,0.60,0.40,0.85,0.50,0.35,0.65,0.55,0.47,0.70,0.60,0.60,0.70,0.55,0.40,0.30,0.45,0.55,0.40,0.40,0.35,1.37,1.47,0.85,0.95,1.05,0.90,0.90,0.90,0.90,0.60,0.75,0.95,1.00,0.60,0.70,0.80,0.70,0.90,0.90,1.30,0.40,0.20,0.57,0.95,1.50,1.80,1.20,2.85,0.30,1.90,0.50,1.80,1.30,2.40,1.00,1.10,1.70,1.60,
20190228,5,CO_24h,1.03,1.41,1.91,1.70,2.38,1.48,1.52,0.85,0.90,1.38,1.53,1.85,1.83,1.69,1.22,2.20,1.15,1.21,1.39,0.63,0.76,0.64,0.47,0.70,0.97,0.43,0.79,0.73,0.45,0.58,0.86,0.45,0.50,0.88,0.77,0.93,0.70,0.80,0.77,0.50,0.53,0.70,0.67,0.90,0.58,0.68,0.60,1.04,1.06,0.74,0.85,0.63,0.86,1.70,0.64,0.63,1.59,1.17,1.23,0.90,0.68,1.77,1.39,0.53,0.81,0.75,0.63,0.72,0.54,1.08,1.17,1.30,1.34,1.73,0.80,0.72,1.68,0.82,1.35,1.75,1.43,1.60,0.57,1.00,1.10,0.85,1.63,1.92,0.82,1.28,1.67,0.95,1.00,0.50,1.10,1.45,1.34,0.77,0.57,0.67,1.05,0.67,1.20,1.45,2.25,1.00,1.05,2.10,1.27,0.87,2.00,1.48,2.04,1.55,0.53,2.47,1.80,2.68,1.50,1.05,2.52,1.74,0.86,0.80,0.67,0.63,0.99,1.33,0.80,1.57,0.73,1.03,0.82,1.00,0.84,1.00,0.60,1.03,0.97,1.15,0.55,0.57,0.74,0.66,0.73,0.77,0.80,0.72,0.66,0.60,1.03,1.23,1.47,1.00,0.93,0.85,0.55,0.75,0.72,0.73,2.10,1.20,1.05,0.60,0.60,1.80,2.45,2.15,2.50,2.70,1.20,1.20,1.60,0.80,0.65,0.60,0.85,0.70,1.00,0.97,2.15,1.45,1.20,0.20,0.90,1.20,0.70,,1.45,0.58,0.80,0.80,1.48,1.00,1.27,1.34,1.45,1.33,1.50,0.83,0.30,1.05,0.55,1.03,0.40,0.65,1.02,2.35,1.32,1.23,1.23,1.30,0.90,1.40,0.65,0.45,0.73,1.37,1.23,1.77,1.25,1.40,1.30,0.75,1.80,0.40,0.65,0.56,0.80,0.67,0.63,0.73,0.60,0.50,0.70,0.53,0.45,0.60,0.63,0.82,1.13,0.83,0.87,0.80,0.82,1.25,1.13,0.68,1.40,0.90,1.33,1.00,1.15,0.90,1.38,0.85,1.00,0.63,0.88,0.60,0.47,1.18,1.05,1.00,0.67,0.72,0.75,0.70,0.70,0.77,1.00,0.94,1.10,1.03,1.07,0.90,1.05,1.30,0.90,1.45,1.53,1.63,1.17,1.85,1.40,0.75,1.10,1.00,1.05,0.90,0.73,0.93,0.80,0.73,0.78,0.60,0.70,,0.70,0.35,0.50,0.63,1.50,0.77,1.05,0.80,0.30,0.85,0.50,0.55,0.85,0.60,0.40,0.75,0.65,0.43,0.65,0.60,0.60,0.80,0.75,0.50,0.45,0.45,0.60,0.40,0.40,0.35,1.03,1.60,0.90,1.10,0.90,0.85,1.10,0.80,0.75,0.75,0.85,0.90,1.10,0.85,1.00,0.80,0.70,0.70,0.90,1.00,0.50,0.30,0.60,0.85,1.20,1.60,0.85,1.45,0.80,1.05,0.60,1.55,0.80,2.53,1.00,1.00,1.60,1.60,
20190228,6,AQI,63,200,241,171,103,131,270,52,56,151,190,138,220,150,68,187,111,159,224,41,65,80,49,64,118,76,66,71,65,59,95,60,81,74,56,24,86,54,53,22,41,24,21,21,80,66,89,53,146,95,106,41,55,105,49,47,96,55,104,86,61,141,36,29,83,75,20,26,27,94,53,58,86,208,49,47,87,62,187,134,95,207,98,170,166,124,216,224,141,240,205,76,161,75,221,240,16,76,27,40,20,61,31,58,20,83,93,63,51,73,78,129,164,169,56,106,194,144,214,138,297,235,139,93,79,76,130,148,105,174,106,141,60,59,39,53,58,26,36,23,23,73,93,32,90,84,81,88,26,34,181,177,80,89,118,71,69,70,70,150,223,148,118,84,124,299,253,228,347,217,148,110,145,88,54,55,68,46,76,59,55,81,103,39,68,75,36,,110,73,93,69,170,130,193,199,149,115,113,53,29,61,57,60,61,59,136,139,189,65,169,125,65,96,186,57,73,266,400,335,337,419,219,52,377,49,89,94,105,81,59,26,88,88,75,71,89,55,106,79,11,13,43,40,21,50,50,31,23,33,63,31,37,131,101,95,125,118,135,89,81,61,76,114,31,78,51,32,46,52,51,39,65,100,39,70,55,54,54,20,51,51,10,34,70,15,11,24,57,54,76,71,75,62,60,56,58,,68,19,19,25,40,16,63,17,45,31,21,19,26,23,37,36,23,32,41,51,22,23,18,24,15,28,55,26,23,28,66,130,79,68,56,69,84,124,78,71,66,53,51,34,32,86,59,36,35,36,25,26,74,94,59,110,55,215,60,165,140,159,118,104,35,22,227,148,
20190228,6,PM2.5,44,150,191,130,77,100,220,23,26,116,143,105,170,115,36,141,84,121,174,29,47,59,34,46,89,56,48,52,47,42,71,43,60,54,40,12,64,38,37,13,26,17,15,15,59,48,66,37,112,71,80,29,39,79,33,31,72,39,67,64,44,108,15,16,61,55,7,18,8,70,37,41,64,158,34,33,60,34,141,102,71,157,73,129,126,94,166,174,108,190,155,48,123,55,171,190,11,56,19,25,13,44,19,41,13,61,69,45,23,53,56,98,125,128,26,80,146,110,164,105,247,185,106,69,58,56,99,113,79,132,80,108,43,37,27,37,41,18,23,16,10,53,69,14,67,62,60,65,18,16,137,134,59,66,89,43,31,47,51,54,173,113,89,62,94,249,203,178,297,167,113,83,111,65,38,39,49,32,56,42,39,60,77,27,49,55,15,,83,53,69,46,129,75,145,149,114,87,75,30,20,33,29,43,9,41,104,106,142,47,128,95,47,72,140,36,53,216,349,285,287,378,169,29,327,34,66,70,79,60,42,14,65,65,55,52,66,39,80,58,6,8,30,28,13,34,35,22,16,19,45,22,24,100,76,71,95,89,103,66,60,37,56,86,18,57,32,14,32,30,34,27,47,75,27,51,38,33,38,11,32,28,7,24,51,5,3,17,36,38,56,52,55,44,43,40,41,,49,11,13,13,25,11,45,12,20,22,5,13,12,2,26,18,16,17,29,36,14,15,10,12,4,6,11,6,2,5,43,99,58,49,40,50,62,71,57,30,48,37,36,24,9,64,42,25,22,16,5,7,54,70,41,35,29,165,36,90,30,89,45,78,9,7,177,113,
20190228,6,PM2.5_24h,85,83,148,84,81,138,115,35,34,86,137,165,156,143,38,163,61,138,257,29,40,38,27,29,61,42,35,41,40,34,44,32,44,39,26,41,44,30,30,22,15,16,15,17,37,49,39,29,100,40,106,25,47,68,30,29,78,46,38,50,40,111,29,16,67,45,14,17,14,80,48,43,52,125,56,48,49,33,107,97,110,118,53,81,135,90,173,179,69,154,184,44,111,34,131,171,17,39,24,27,34,34,37,49,48,60,51,49,18,54,43,112,130,120,24,114,153,107,133,120,499,288,173,50,45,41,136,124,74,141,74,120,61,49,36,51,45,10,31,14,17,39,52,14,58,55,42,65,13,11,159,143,85,77,109,38,39,43,44,56,196,96,73,28,74,183,177,152,218,165,45,63,60,47,32,31,33,30,46,35,34,41,52,20,24,25,13,,79,52,56,52,135,66,105,123,131,108,52,80,16,59,30,86,15,44,90,126,145,63,126,140,67,63,132,78,57,169,187,288,256,314,186,54,363,27,52,52,60,46,23,14,53,52,46,30,51,26,51,53,15,16,27,45,17,40,35,25,15,23,33,27,14,120,109,83,75,65,70,55,55,45,59,74,28,63,28,27,45,33,40,50,40,79,18,41,38,40,44,17,37,29,21,42,51,10,13,17,39,31,43,58,51,46,55,44,40,,50,16,11,11,42,21,42,12,16,12,7,17,16,8,30,25,16,26,28,28,12,18,20,13,12,9,11,15,4,6,41,92,58,49,43,42,70,79,52,39,50,36,32,22,24,56,35,35,41,20,9,11,56,62,37,37,25,120,34,68,44,87,37,60,14,7,158,102,
20190228,6,PM10,75,177,302,193,149,160,294,53,62,177,183,155,266,163,85,194,102,147,185,36,61,66,36,68,152,,64,66,55,54,94,57,93,71,58,15,81,51,53,22,41,21,19,21,,33,70,47,159,105,90,30,,140,49,47,140,49,158,81,60,96,36,29,78,83,14,25,13,123,53,64,116,165,,35,123,74,180,133,72,201,80,193,173,141,181,214,191,272,208,101,146,82,228,246,10,58,24,40,20,35,31,55,20,70,92,69,52,96,106,125,171,182,61,132,186,160,184,121,406,231,112,,59,,125,156,89,196,104,118,51,67,38,51,52,18,36,21,23,76,76,32,90,77,96,81,20,34,162,129,63,80,124,91,87,90,76,250,227,157,114,92,130,309,346,248,354,261,153,151,180,61,45,51,60,43,75,49,48,75,,30,72,74,36,,102,72,93,87,202,209,199,211,149,131,175,55,22,72,64,54,71,67,131,132,177,78,168,106,55,94,167,64,54,241,500,378,317,374,223,53,,,96,89,106,73,39,26,74,88,97,60,95,45,,57,11,13,34,,21,50,49,,23,33,65,30,37,132,109,81,86,107,124,72,82,71,84,110,31,44,51,32,,54,51,21,46,85,33,66,59,57,49,20,51,51,10,24,68,8,8,16,64,48,66,66,68,73,60,53,47,,65,19,,25,40,15,58,16,45,30,15,18,26,22,37,36,20,32,39,47,,23,18,,15,9,59,16,6,8,82,146,53,62,54,70,91,197,76,92,53,43,51,32,19,,59,34,35,36,12,26,57,75,68,169,60,225,69,279,229,268,185,105,35,,215,184,
20190228,6,PM10_24h,100,118,235,141,145,221,169,67,73,137,199,226,232,194,87,208,91,156,300,41,54,51,39,48,101,49,58,60,50,45,65,47,71,57,38,51,56,42,50,34,25,25,19,24,35,73,52,41,156,76,129,29,52,135,48,47,164,68,72,64,55,136,45,31,89,65,24,34,40,130,66,65,108,157,67,56,107,81,138,131,121,151,61,119,195,136,194,232,121,232,259,90,146,60,179,230,20,51,37,47,52,46,48,60,70,79,77,78,41,99,83,147,180,171,52,166,200,156,159,141,454,351,214,35,53,42,176,155,92,205,97,136,56,82,46,43,62,14,48,20,31,53,57,29,75,72,57,83,20,32,157,160,100,84,144,97,118,103,63,233,255,151,122,53,117,230,299,222,273,258,68,122,106,68,48,52,56,47,67,53,48,56,66,38,39,34,21,,106,71,88,85,197,165,155,174,168,145,146,117,22,128,64,108,52,74,122,173,175,99,159,158,84,91,156,112,73,209,236,349,302,322,256,92,423,63,71,70,78,52,21,19,60,77,81,43,75,29,38,64,32,28,44,63,24,56,49,16,23,42,43,40,24,151,154,104,85,84,86,82,82,66,85,95,48,89,45,46,34,48,59,52,36,91,28,50,58,57,53,32,49,46,31,61,73,13,19,18,58,46,57,69,60,73,75,60,47,,64,23,16,22,69,25,52,19,32,16,11,28,41,27,46,44,26,42,42,50,21,34,53,14,22,17,40,26,7,12,68,117,68,64,62,58,115,159,69,110,69,47,49,47,30,62,47,45,44,36,21,38,95,84,59,128,72,156,61,264,225,294,164,91,32,10,186,141,
20190228,6,SO2,4,23,30,41,42,13,39,10,6,15,27,21,22,26,15,80,29,25,18,6,7,6,8,16,16,6,10,12,5,8,5,8,5,9,9,6,14,5,9,4,5,6,4,5,2,4,6,3,17,16,10,5,4,7,4,4,14,5,6,11,7,15,8,4,9,7,8,15,3,8,12,10,12,7,9,6,20,28,15,58,13,107,10,20,31,14,29,42,30,17,19,9,15,17,19,22,5,9,3,4,6,7,6,6,7,13,18,9,11,7,45,26,22,35,30,51,20,17,48,13,15,7,9,4,7,10,9,17,13,26,10,15,6,18,4,8,3,6,6,11,3,7,11,9,11,7,5,4,8,13,5,9,5,7,7,6,4,38,4,4,19,16,25,11,16,26,18,34,11,33,17,9,9,12,8,13,5,10,5,8,6,15,7,9,8,1,4,,99,5,11,4,28,88,74,13,29,31,152,11,2,11,24,5,4,13,174,29,40,18,31,16,32,34,9,13,9,17,23,17,14,19,17,9,7,18,8,17,13,12,10,12,9,3,8,6,4,7,8,6,7,7,14,7,5,4,19,7,4,9,10,5,19,10,14,13,6,10,6,6,5,6,12,13,3,8,5,2,5,6,4,6,11,3,4,5,4,2,6,7,8,7,6,8,16,6,7,6,3,9,10,8,4,9,7,8,4,,6,10,25,20,15,16,2,7,2,28,5,5,9,7,5,8,11,42,9,5,4,7,7,5,4,4,8,3,3,3,6,15,11,75,12,11,8,11,6,34,6,10,5,17,6,5,21,12,9,17,3,5,11,11,7,26,6,10,11,7,5,10,17,22,3,2,12,2,
20190228,6,SO2_24h,8,20,35,38,39,24,27,12,9,17,33,30,42,32,17,58,28,20,26,5,7,5,8,12,13,7,8,9,6,5,5,5,5,8,6,6,8,5,6,4,5,5,4,6,3,5,6,3,23,14,12,5,4,7,4,6,12,7,6,8,6,16,9,5,10,6,10,13,4,7,12,14,23,8,10,7,25,20,20,37,26,54,10,21,25,16,29,41,18,21,32,14,23,9,21,32,7,10,4,4,7,7,7,6,9,15,13,10,11,12,33,21,31,39,15,50,37,38,58,16,38,17,17,4,10,9,11,16,13,16,13,11,7,8,5,4,2,7,7,7,2,5,9,17,10,7,4,4,13,13,7,12,10,5,7,9,5,24,7,5,36,22,25,9,22,29,26,30,21,50,13,14,12,9,7,14,5,22,6,8,7,10,5,9,7,1,3,,55,4,10,7,21,53,43,14,37,27,93,21,3,30,19,15,7,13,66,46,34,38,22,17,22,21,17,14,15,17,19,20,14,22,20,13,14,29,7,14,13,12,9,10,8,3,7,7,5,8,7,8,10,7,12,10,5,7,13,7,4,8,9,6,11,14,14,17,7,8,6,9,5,7,25,11,4,8,5,2,6,6,5,7,11,3,5,5,3,4,8,11,8,11,8,12,24,6,7,6,5,8,9,8,5,8,8,8,6,,5,9,19,17,21,18,2,9,3,18,4,5,10,7,5,9,13,15,7,6,4,7,8,6,4,4,9,4,7,3,7,18,16,32,24,15,10,15,7,21,11,14,8,12,11,10,17,15,10,22,6,6,19,18,7,14,19,14,12,9,6,12,21,28,4,2,18,10,
20190228,6,NO2,62,102,95,85,80,43,99,11,36,94,66,51,83,76,61,98,70,59,43,38,30,46,19,52,65,28,44,37,36,27,38,23,58,41,34,47,45,52,45,31,15,34,35,27,36,20,11,26,56,57,36,27,22,55,28,21,59,38,51,59,44,56,28,8,28,54,8,12,3,54,64,25,66,81,16,25,58,34,69,53,53,74,22,67,67,69,96,72,55,57,84,56,72,70,34,100,12,36,5,10,12,11,14,37,27,36,59,33,32,29,45,34,36,73,23,56,53,59,72,37,24,49,35,49,44,32,48,71,40,91,48,38,26,44,26,31,10,13,13,16,3,34,22,23,33,17,50,20,14,11,48,35,34,33,65,13,32,32,29,29,78,45,83,49,62,61,59,46,61,105,34,55,41,49,22,28,31,28,35,31,35,39,39,17,28,11,26,,71,36,47,44,73,76,82,46,74,67,82,15,8,16,44,15,3,9,52,52,78,38,55,38,25,35,25,18,21,43,51,45,43,52,40,12,33,14,64,34,69,31,9,13,39,56,70,21,56,26,58,24,12,14,18,12,11,9,24,15,10,14,27,11,19,37,63,23,37,59,52,25,50,28,25,54,25,26,16,18,12,41,25,17,16,14,12,18,6,10,10,9,25,18,8,14,24,7,9,15,27,39,23,24,28,36,19,43,16,,34,5,6,12,27,9,7,12,4,9,5,14,16,3,23,8,37,15,13,20,7,28,4,2,7,2,9,2,9,4,42,81,36,48,39,34,26,37,24,32,14,22,28,10,9,54,23,10,19,12,4,18,29,40,44,61,35,74,23,55,6,34,20,46,5,5,28,25,
20190228,6,NO2_24h,59,75,85,71,80,49,77,19,32,65,75,70,85,70,48,89,66,52,59,48,40,52,24,47,46,25,50,45,31,24,29,20,39,51,45,54,54,46,46,31,22,44,37,28,41,35,29,33,67,67,48,32,26,83,27,29,76,46,39,52,28,73,33,10,38,49,16,26,10,49,62,35,56,64,23,32,55,34,61,44,53,71,32,57,52,48,60,69,44,62,83,39,57,57,39,84,22,26,9,12,30,10,22,32,37,26,32,42,26,29,40,36,48,63,20,68,66,69,82,33,57,71,42,55,48,30,52,49,32,57,35,42,26,33,19,22,15,19,18,18,6,37,30,29,37,19,37,18,22,10,47,41,43,36,48,21,31,40,28,24,65,47,73,47,50,41,55,48,63,86,35,43,45,61,24,43,41,35,40,45,50,37,38,15,49,24,43,,57,23,31,42,53,52,63,39,65,54,57,38,8,40,37,27,5,11,43,71,70,39,50,38,38,29,24,20,25,46,32,44,42,43,64,17,39,15,42,30,52,34,15,23,38,37,44,31,41,35,37,25,21,14,24,24,19,23,34,23,18,24,29,16,28,43,63,33,31,37,34,25,31,32,33,46,27,25,11,24,28,24,27,28,23,21,20,24,11,15,19,15,37,23,21,23,28,17,18,20,27,33,28,27,35,43,23,42,26,,30,7,13,10,35,12,15,16,15,17,8,15,18,9,24,11,17,12,17,24,8,19,15,5,9,5,8,2,10,5,29,69,27,41,32,30,34,31,27,30,21,24,29,18,15,30,20,18,22,16,10,23,36,37,24,35,32,42,28,38,10,39,31,55,10,14,38,20,
20190228,6,O3,28,6,4,9,8,23,8,62,17,3,40,47,4,9,9,8,25,25,31,50,36,23,54,31,5,38,20,36,31,37,21,53,5,16,38,6,20,14,20,24,60,23,19,22,28,64,71,31,46,27,53,41,41,4,39,49,4,2,3,3,9,3,3,46,20,4,65,74,87,13,4,58,20,30,46,51,12,43,11,16,15,14,66,9,31,16,4,18,11,53,6,13,14,7,90,5,34,21,71,43,20,62,22,9,6,11,5,2,17,50,11,89,56,13,30,38,18,11,11,55,33,23,23,11,14,12,29,6,34,3,37,35,12,8,24,20,42,83,41,30,63,23,33,44,5,20,6,29,66,41,5,30,3,14,3,77,52,48,64,31,8,49,6,40,22,28,14,77,23,9,93,28,61,27,41,57,39,58,35,39,17,28,22,63,30,21,40,,26,10,21,51,19,8,9,35,6,4,11,44,56,57,26,48,40,114,18,29,18,17,41,5,19,23,27,49,56,46,45,55,61,44,71,56,22,59,9,20,2,43,64,42,26,6,8,22,5,40,26,65,20,16,14,55,15,36,35,34,41,67,28,33,29,26,16,51,25,5,5,53,4,18,12,2,30,31,27,37,34,4,12,68,64,47,52,63,60,64,23,14,4,5,15,5,3,47,36,20,3,36,26,26,3,4,23,33,23,,7,51,46,66,32,27,83,36,48,85,66,31,50,72,22,27,22,37,27,27,70,5,52,76,46,91,31,84,73,88,3,5,21,18,14,41,54,14,39,44,76,59,46,56,103,6,73,54,29,41,81,76,29,33,37,6,39,23,64,6,65,34,40,41,56,70,79,50,
20190228,6,O3_24h,98,93,69,93,61,131,87,103,95,101,74,115,79,120,91,90,62,91,119,72,64,65,94,100,89,88,67,68,74,86,78,90,101,33,63,76,37,61,68,77,80,40,38,61,60,102,101,56,112,100,128,62,87,68,87,104,62,91,89,100,105,15,8,80,38,70,65,83,96,92,75,102,109,82,76,69,99,107,89,89,125,97,136,82,122,131,125,143,106,129,121,126,109,106,135,126,34,125,83,83,90,105,97,89,7,145,123,13,86,124,95,141,146,117,76,111,82,66,97,122,204,161,111,45,57,55,123,132,122,147,103,136,96,81,75,100,94,85,89,33,87,88,52,88,32,47,85,86,66,77,110,122,75,79,122,113,115,122,119,88,134,138,139,105,138,136,150,185,159,133,114,157,158,58,81,87,74,147,77,66,54,76,70,111,36,22,56,,98,74,107,132,154,109,128,139,127,119,116,102,86,109,107,83,106,126,102,91,79,100,98,99,72,93,93,103,108,114,129,137,132,122,175,99,85,84,75,68,89,46,68,65,80,73,96,60,97,42,66,133,43,68,79,103,29,50,45,44,49,88,50,47,29,119,130,115,99,109,105,98,93,54,85,86,65,92,70,72,51,81,56,88,73,91,63,81,87,78,82,16,20,14,15,8,72,47,36,30,16,79,69,53,39,68,70,71,58,,63,108,68,101,99,48,103,65,85,87,68,87,95,80,88,91,91,100,96,106,84,81,76,90,93,103,43,106,80,99,99,100,103,85,89,107,110,128,101,110,76,99,95,101,116,106,115,89,109,121,99,91,107,103,94,99,99,147,92,102,87,101,73,102,84,76,97,102,
20190228,6,O3_8h,19,8,5,16,6,33,12,67,24,10,53,32,9,11,7,15,33,30,37,56,39,34,60,17,11,49,27,39,35,42,20,57,5,18,47,6,23,22,26,30,64,14,16,26,31,75,60,28,37,25,57,39,43,3,43,52,4,4,9,3,39,3,3,42,20,3,54,47,86,19,4,61,19,33,47,45,13,49,18,12,29,15,63,7,39,47,22,14,16,55,12,34,15,9,97,11,26,33,71,47,15,65,28,4,5,19,25,3,21,58,12,95,34,17,41,32,21,12,11,69,41,37,32,12,21,20,39,18,47,21,47,39,23,14,36,27,50,75,36,28,61,19,33,56,6,19,14,32,59,50,10,34,3,19,13,67,42,51,63,26,6,56,9,45,31,35,14,70,22,30,102,32,41,40,48,58,42,58,38,44,24,41,37,67,26,19,38,,38,15,37,37,23,12,14,37,9,4,12,49,63,40,35,40,45,111,17,22,23,16,37,5,18,27,36,46,74,44,74,74,61,60,91,59,27,73,13,30,8,45,63,37,24,13,10,27,6,36,37,78,22,20,21,65,13,39,33,37,40,77,35,37,25,26,17,61,36,8,15,53,8,16,11,2,32,42,38,32,29,15,18,57,57,49,53,58,63,64,22,12,4,5,6,5,3,36,24,22,4,37,27,31,3,4,29,31,19,,7,50,42,77,44,35,82,44,38,83,64,43,50,69,20,36,57,51,35,28,71,13,55,77,49,90,34,83,70,88,20,6,29,22,22,59,52,27,43,37,63,61,50,51,93,40,72,54,33,43,80,72,40,34,57,19,24,34,56,14,58,21,29,28,45,65,74,67,
20190228,6,O3_8h_24h,22,12,5,28,7,51,15,70,33,29,58,32,22,13,8,20,38,35,41,59,42,48,63,24,18,54,40,47,42,51,30,59,7,19,53,9,26,25,27,34,75,14,17,29,37,88,60,28,38,27,63,41,47,4,47,54,4,5,13,4,60,4,3,43,22,3,54,48,86,32,7,65,24,45,50,48,14,56,49,15,41,17,65,7,58,69,38,15,26,58,17,43,17,9,105,18,26,48,75,52,15,75,53,5,5,35,44,3,24,63,17,111,35,20,50,34,26,16,12,79,58,50,39,13,28,25,61,25,59,43,57,41,31,16,44,35,63,75,44,28,61,20,34,64,7,20,22,46,59,54,23,37,3,23,25,68,42,55,73,28,7,61,10,52,37,56,16,73,23,40,107,36,41,46,53,67,46,59,43,48,28,50,44,70,28,19,38,,46,22,53,44,30,19,17,47,15,4,21,53,70,40,51,41,50,111,20,24,28,21,43,6,18,31,43,46,90,54,106,91,63,73,104,60,31,84,20,36,19,45,63,40,27,25,17,42,8,36,49,95,23,20,28,73,14,41,33,42,42,86,39,39,25,39,18,69,43,14,23,53,14,16,17,3,33,46,45,32,31,35,21,58,59,57,58,61,63,67,27,12,4,5,6,5,4,36,24,24,4,41,33,38,4,5,33,34,25,,10,50,55,87,54,43,83,52,43,83,64,55,51,69,22,51,75,69,47,37,72,20,57,77,51,91,36,83,75,90,45,7,35,24,26,68,52,48,62,47,63,66,62,51,93,71,72,55,42,43,80,72,48,41,80,28,25,63,56,19,58,21,32,30,45,65,74,76,
20190228,6,CO,0.70,1.85,1.83,1.55,2.43,0.85,2.78,0.70,0.93,1.52,1.23,1.15,2.15,1.44,1.30,3.75,1.38,1.40,1.12,0.54,0.71,1.03,0.43,1.05,1.16,0.47,1.09,0.62,0.38,0.60,0.98,0.70,0.70,0.94,0.74,0.82,0.77,0.80,0.77,0.63,0.57,0.63,0.43,0.83,0.56,0.54,0.60,1.13,0.95,0.99,0.59,0.52,0.76,1.87,0.64,0.50,1.71,1.07,1.47,1.06,0.82,1.43,1.22,0.50,0.79,1.02,0.74,0.56,0.48,1.13,1.33,1.03,1.18,1.95,0.72,0.50,2.32,0.82,1.90,2.15,1.17,2.40,0.63,1.10,1.00,1.00,1.63,1.88,1.14,1.60,1.43,1.00,0.97,0.60,1.33,1.70,1.14,0.92,0.50,0.60,0.85,0.67,1.20,1.25,1.05,0.90,1.23,1.60,1.60,0.77,1.77,2.32,1.62,1.65,0.97,3.35,1.78,3.15,1.84,1.10,1.48,1.20,0.70,0.63,0.67,0.87,0.67,1.60,0.80,1.63,0.80,1.03,0.78,1.50,0.92,1.08,0.50,0.87,0.67,1.17,0.45,0.63,0.70,0.36,0.77,0.73,1.00,0.84,0.64,1.00,1.03,0.97,1.10,0.99,0.83,0.90,0.55,0.75,0.64,0.60,2.15,1.00,1.25,0.70,0.70,2.50,3.55,2.50,2.90,3.20,1.95,1.55,2.25,1.10,0.55,0.60,0.80,0.50,0.90,0.80,2.00,1.55,1.20,0.20,1.10,0.80,0.80,,1.80,0.68,0.95,0.80,1.64,1.16,1.55,1.52,1.35,1.10,2.27,0.77,0.30,0.45,0.70,0.50,0.25,0.60,1.22,2.33,1.90,1.35,1.33,1.30,1.05,1.50,0.75,0.45,0.63,1.30,2.27,1.70,1.60,1.50,1.20,0.50,1.20,0.40,0.75,0.66,1.10,0.57,0.63,0.63,0.50,0.90,1.00,0.63,0.60,0.60,0.70,0.72,0.73,0.90,0.73,0.40,0.70,0.73,1.00,0.63,1.40,0.75,1.60,0.80,1.00,0.77,0.98,0.72,1.07,0.90,0.92,0.50,0.60,0.88,1.05,1.02,0.40,0.75,0.85,0.55,0.50,0.80,1.05,0.62,0.77,0.98,0.75,0.60,1.07,0.40,0.65,0.97,1.37,1.07,0.87,1.20,1.40,0.75,0.95,1.05,1.20,0.97,0.70,0.90,0.90,0.73,0.78,0.60,0.63,,0.77,0.30,0.25,0.80,1.05,0.80,0.75,0.80,0.20,0.75,0.50,0.40,0.95,0.50,0.35,0.70,0.50,0.47,0.65,0.60,0.60,0.80,0.55,0.40,0.30,0.40,0.60,0.30,0.40,0.35,1.50,1.43,0.85,1.00,1.00,0.95,1.00,1.00,1.00,0.60,0.70,1.00,1.10,0.80,0.70,0.80,0.70,0.70,0.90,1.20,0.40,0.20,0.63,0.90,1.45,2.10,0.85,2.70,0.20,2.60,0.50,1.70,0.50,2.50,0.70,1.00,1.65,2.00,
20190228,6,CO_24h,1.00,1.42,1.93,1.70,2.38,1.42,1.57,0.82,0.85,1.35,1.53,1.75,1.85,1.67,1.25,2.28,1.13,1.23,1.36,0.63,0.76,0.66,0.47,0.70,0.99,0.47,0.81,0.73,0.45,0.58,0.86,0.47,0.53,0.90,0.77,0.93,0.70,0.80,0.77,0.50,0.53,0.70,0.67,0.90,0.58,0.68,0.60,1.04,1.05,0.78,0.84,0.62,0.82,1.71,0.63,0.57,1.60,1.17,1.23,0.92,0.66,1.77,1.40,0.53,0.82,0.80,0.64,0.70,0.54,1.09,1.17,1.30,1.32,1.73,0.73,0.68,1.72,0.80,1.28,1.75,1.40,1.68,0.60,1.02,1.10,0.85,1.57,1.90,0.84,1.35,1.70,0.95,1.03,0.53,1.13,1.48,1.34,0.77,0.57,0.67,1.05,0.67,1.20,1.45,2.25,1.00,1.10,2.05,1.23,0.87,1.98,1.52,2.02,1.55,0.55,2.53,1.82,2.75,1.52,1.02,2.52,1.68,0.86,0.80,0.67,0.67,0.94,1.33,0.80,1.57,0.73,1.03,0.80,1.00,0.84,1.00,0.60,1.03,0.90,1.13,0.55,0.65,0.74,0.66,0.73,0.77,0.85,0.72,0.66,0.60,1.07,1.23,1.47,1.00,0.93,0.85,0.55,0.70,0.70,0.70,2.10,1.20,1.05,0.55,0.60,1.80,2.45,2.15,2.50,2.70,1.15,1.15,1.65,0.80,0.60,0.60,0.85,0.70,1.00,0.97,2.15,1.45,1.40,0.20,0.90,1.20,0.70,,1.45,0.60,0.80,0.80,1.48,1.00,1.35,1.34,1.45,1.27,1.50,0.87,0.30,0.95,0.55,1.03,0.40,0.65,1.02,2.40,1.35,1.27,1.27,1.30,0.90,1.40,0.65,0.45,0.73,1.37,1.33,1.77,1.35,1.40,1.30,0.75,1.65,0.40,0.65,0.58,0.80,0.67,0.60,0.73,0.60,0.53,0.70,0.53,0.45,0.60,0.63,0.80,1.13,0.83,0.87,0.80,0.82,1.20,1.13,0.68,1.43,0.88,1.37,1.00,1.15,0.93,1.35,0.85,1.03,0.65,0.88,0.57,0.47,1.14,1.05,0.95,0.67,0.70,0.75,0.65,0.70,0.77,1.00,0.92,1.08,1.00,1.05,0.90,1.07,1.30,0.90,1.45,1.53,1.63,1.17,1.85,1.40,0.75,1.10,1.00,1.10,0.90,0.70,0.93,0.80,0.73,0.78,0.63,0.70,,0.70,0.35,0.50,0.60,1.45,0.77,1.05,0.80,0.30,0.85,0.50,0.55,0.85,0.60,0.40,0.75,0.65,0.43,0.65,0.60,0.60,0.80,0.70,0.50,0.50,0.45,0.60,0.40,0.40,0.35,1.07,1.57,0.90,1.10,0.90,0.85,1.10,0.80,0.75,0.75,0.85,0.90,1.10,1.00,1.00,0.80,0.70,0.70,0.90,1.00,0.50,0.30,0.60,0.85,1.20,1.60,0.85,1.55,0.80,1.10,0.60,1.55,0.80,2.50,1.00,1.00,1.60,1.70,
20190228,7,AQI,64,209,220,169,104,139,269,54,57,154,189,144,240,141,66,199,130,160,229,47,74,78,47,74,123,75,61,71,66,64,99,65,85,75,61,23,89,51,51,24,34,26,17,21,85,58,98,54,141,103,109,43,56,89,49,46,94,56,108,86,63,128,32,25,83,78,20,32,27,99,58,59,80,208,53,47,82,61,171,138,100,222,100,173,151,126,207,218,141,248,208,80,171,85,225,243,19,75,29,39,21,59,26,56,22,68,90,60,48,80,80,121,167,173,57,110,190,149,187,148,220,251,138,93,76,78,134,145,106,173,115,139,55,61,40,60,59,24,33,20,21,76,91,34,101,80,88,83,26,28,177,173,78,89,120,66,71,63,74,145,228,151,134,86,124,304,255,224,352,240,164,129,176,86,54,64,61,53,85,55,60,85,98,37,68,83,39,,143,80,99,65,179,138,196,187,134,119,108,58,30,62,53,76,63,60,145,139,200,73,161,121,73,104,169,54,96,274,393,263,335,396,224,44,370,54,91,91,99,81,63,28,93,88,70,71,98,71,109,66,14,13,41,29,23,33,51,40,23,40,58,29,39,131,108,96,130,116,145,90,83,63,78,105,29,80,57,39,41,53,52,33,63,99,41,71,56,41,50,18,39,41,9,26,71,15,11,19,41,56,70,70,70,66,59,53,58,,76,19,19,27,41,21,61,16,39,30,20,26,20,21,40,36,24,40,46,56,22,30,22,25,19,28,49,29,21,27,65,128,78,69,56,69,90,123,69,68,74,53,46,37,33,99,54,31,34,36,23,25,75,96,56,108,56,220,58,165,118,141,103,108,42,22,215,160,
20190228,7,PM2.5,42,159,170,128,78,106,219,21,28,118,142,110,190,108,39,149,99,122,179,33,54,57,33,54,93,55,44,52,48,46,74,47,63,55,44,13,66,36,36,13,22,18,12,15,63,41,73,38,108,77,82,30,40,66,34,31,70,40,73,64,45,97,14,15,61,57,7,19,7,74,40,42,59,158,37,33,56,32,130,105,75,172,75,131,116,96,157,168,108,198,158,50,130,63,175,193,13,55,20,25,13,42,17,40,12,49,67,43,26,59,59,92,127,131,28,83,143,114,141,113,170,201,105,69,56,57,102,111,80,131,87,106,39,44,27,43,42,15,22,14,10,56,68,16,76,59,65,61,18,14,134,131,57,66,91,43,32,38,54,51,178,116,102,64,94,254,205,174,302,190,125,98,133,64,38,46,44,37,63,39,43,63,73,25,49,61,20,,109,59,74,46,135,78,147,141,102,90,74,31,21,31,32,56,12,43,111,106,150,53,123,92,53,78,128,38,72,224,343,213,285,346,174,24,320,38,68,68,74,60,45,12,69,65,51,52,73,52,82,48,9,8,29,20,15,23,35,28,16,23,41,19,27,100,81,72,99,88,111,67,61,37,57,79,17,59,36,22,29,36,36,23,45,74,29,52,40,28,34,11,23,26,6,18,52,9,5,13,29,40,51,51,51,48,42,37,41,,56,13,13,15,24,15,44,11,20,21,4,13,14,4,28,15,17,22,32,40,12,19,12,13,9,5,13,20,6,6,47,97,57,50,40,50,67,65,50,29,54,37,29,18,15,74,38,19,24,16,5,7,55,72,39,32,29,170,35,84,30,71,36,81,5,12,165,122,
20190228,7,PM2.5_24h,83,87,151,86,82,134,121,32,32,88,139,161,159,140,39,161,63,137,250,29,41,39,27,31,63,43,36,42,40,35,45,33,46,39,27,39,45,31,30,21,15,15,14,17,39,48,41,28,101,42,104,24,45,69,30,28,79,45,39,50,40,113,27,15,67,45,14,17,14,80,48,43,53,127,54,46,50,33,103,97,106,120,55,84,132,90,171,181,71,160,187,45,114,36,137,173,16,39,23,27,33,33,36,48,47,60,53,50,19,53,44,111,129,121,24,112,153,108,133,118,499,284,172,52,46,40,131,121,73,139,74,116,58,46,34,49,44,11,31,14,16,40,53,14,59,56,44,65,13,11,160,145,83,76,107,39,39,44,45,57,197,97,74,29,74,183,177,152,218,166,46,64,62,47,32,32,32,30,47,35,34,42,53,20,24,25,13,,81,52,57,52,135,67,106,123,127,104,53,78,16,58,30,84,15,44,89,126,144,61,126,137,65,63,133,73,57,171,197,282,262,319,183,51,350,27,53,54,61,46,24,12,55,53,47,30,53,27,53,53,15,16,27,44,16,40,35,23,15,23,33,26,15,118,106,82,75,67,71,56,56,43,58,72,27,59,28,26,42,32,39,49,40,78,20,43,39,39,43,17,37,30,20,41,51,10,13,16,38,31,43,59,52,47,54,44,41,,50,16,11,12,42,21,42,13,16,13,7,17,16,8,30,25,17,25,28,29,12,18,20,13,12,9,11,16,5,6,41,93,58,50,43,43,71,80,53,39,51,36,33,23,23,56,35,34,40,20,9,11,57,62,37,37,25,123,34,69,44,87,37,61,14,7,159,102,
20190228,7,PM10,77,185,277,191,149,160,283,58,64,191,194,151,271,156,81,205,113,143,184,36,67,77,36,78,139,58,62,64,55,53,103,65,112,74,66,17,83,49,52,24,34,23,12,14,,40,82,53,158,113,91,33,,116,49,46,135,54,166,83,59,111,32,25,79,85,17,32,15,123,65,61,101,171,,36,113,71,169,137,46,223,,180,162,148,169,216,196,283,212,110,160,96,225,249,11,54,24,39,21,46,26,44,22,50,86,68,48,100,103,119,167,184,64,133,186,165,149,130,357,239,120,,61,,126,155,89,196,115,133,55,72,40,,45,19,33,20,21,74,83,34,90,80,90,77,21,28,146,,65,77,134,82,91,75,76,239,230,162,133,90,134,313,314,236,368,273,162,165,200,76,45,61,68,43,84,47,48,77,91,37,75,83,39,,146,88,109,80,202,225,213,207,137,137,165,65,23,73,55,73,75,66,148,135,176,88,162,102,60,110,153,58,,254,464,287,341,334,239,44,201,,97,91,89,68,51,28,77,90,86,69,91,60,,39,12,13,34,,23,32,52,,22,40,60,29,35,130,122,78,111,106,132,88,95,75,88,103,29,,63,39,37,56,53,,42,89,34,64,62,41,50,18,39,41,7,,67,7,8,17,37,53,69,52,65,77,61,56,47,,70,17,16,27,41,18,62,16,39,25,17,26,20,20,33,36,24,40,40,46,18,30,22,,19,11,49,20,,4,78,131,59,67,57,71,97,195,78,86,54,42,46,37,16,,52,31,32,36,12,23,52,69,62,166,62,229,65,280,185,232,156,113,42,,193,186,
20190228,7,PM10_24h,99,122,239,145,146,216,175,63,71,140,201,220,234,191,88,208,93,154,299,41,55,52,39,50,104,49,59,61,51,46,66,48,74,58,40,48,57,43,50,32,26,24,19,23,35,72,54,40,157,79,127,29,52,136,48,47,164,67,74,65,55,136,43,31,89,66,24,34,40,132,67,65,108,159,67,54,108,79,134,131,119,154,63,124,190,137,191,235,125,240,263,92,148,63,185,231,20,51,36,47,50,45,47,59,70,79,78,79,42,98,85,146,179,172,52,164,201,157,150,138,453,346,212,35,54,42,169,153,92,204,98,133,54,79,44,43,60,14,47,20,30,55,58,30,76,73,60,82,20,33,159,162,99,84,142,97,117,103,64,236,254,152,123,53,118,230,298,222,274,259,68,123,107,68,48,52,56,47,67,53,48,56,71,39,39,34,22,,109,72,90,86,196,167,157,174,164,141,147,115,22,126,64,105,54,73,120,173,175,97,160,155,82,92,158,107,73,211,249,339,308,323,253,89,401,65,74,72,80,54,21,19,62,79,82,43,76,30,38,63,31,26,43,64,22,55,49,16,23,41,44,39,25,150,150,103,84,86,86,82,84,65,85,95,46,89,46,45,36,48,58,52,34,89,29,52,59,56,53,32,49,46,30,63,73,13,18,18,58,46,58,69,62,74,75,61,48,,65,22,17,22,68,25,53,20,33,16,11,29,41,28,46,44,27,42,42,50,22,34,54,14,22,17,41,26,7,12,70,119,68,65,61,60,115,162,70,110,69,47,50,50,29,62,46,45,44,36,21,38,94,82,60,131,72,159,61,268,224,293,164,91,33,10,187,144,
20190228,7,SO2,4,23,27,39,40,12,36,17,7,16,29,28,29,23,14,78,29,26,19,6,7,6,8,21,15,7,10,11,6,6,5,6,6,8,9,7,13,7,9,4,5,6,3,5,2,4,7,3,18,15,10,5,4,7,4,5,13,5,7,11,6,15,7,5,9,7,8,17,4,8,14,10,13,7,10,7,19,72,27,98,14,96,10,33,24,16,32,30,54,19,24,11,15,14,20,27,6,9,3,4,6,7,5,6,7,11,19,8,14,8,68,21,22,42,27,50,24,16,62,17,22,11,12,4,7,11,9,15,12,23,11,11,8,18,4,12,2,7,6,12,2,7,9,13,12,8,5,4,10,13,6,11,7,7,8,4,4,16,4,4,18,16,27,10,17,30,20,32,11,35,17,9,10,12,7,13,5,10,5,9,6,17,6,9,7,2,3,,54,5,9,5,32,96,66,14,27,34,104,11,2,12,24,11,5,12,77,28,36,23,38,21,35,31,10,20,12,14,25,13,14,17,15,10,7,7,8,13,12,14,9,10,10,4,8,6,3,7,6,5,13,4,14,7,5,5,14,6,4,10,10,5,20,10,13,14,7,12,6,6,6,7,11,13,4,9,7,2,5,7,4,6,11,5,4,5,4,3,6,7,7,8,6,8,15,6,7,6,3,9,11,8,4,8,7,8,4,,7,10,18,22,16,17,1,7,2,35,4,5,12,7,5,9,13,35,12,5,4,6,8,5,3,4,8,3,3,3,10,15,18,51,13,10,8,16,8,23,8,16,6,12,4,7,24,11,10,21,2,5,11,11,7,17,14,17,14,7,5,9,16,20,3,1,13,2,
20190228,7,SO2_24h,8,20,35,36,37,24,28,13,9,17,33,29,42,31,17,58,28,20,26,5,7,5,8,13,13,7,8,9,6,5,5,5,5,8,6,6,8,5,6,4,5,5,4,6,3,5,6,3,23,14,11,5,4,7,4,6,12,6,6,9,6,16,8,5,10,6,10,13,4,7,12,14,21,8,10,7,25,22,20,38,24,56,10,22,25,16,29,41,20,21,32,14,23,9,21,32,7,9,4,4,7,7,7,6,9,15,13,10,11,12,34,21,31,38,15,50,37,37,56,16,38,17,17,4,10,9,11,16,13,17,12,11,7,8,5,5,2,7,7,7,2,5,9,17,10,7,4,4,13,13,7,12,10,5,7,9,5,24,7,5,36,22,25,9,22,29,26,30,21,50,13,14,12,9,7,14,5,22,6,8,7,10,6,9,7,1,3,,53,4,10,7,21,54,44,14,37,27,93,21,3,30,20,15,7,13,66,46,35,35,23,17,22,22,17,14,14,17,19,19,14,22,20,13,13,28,7,14,13,12,9,10,8,3,7,6,5,8,7,8,10,7,11,10,5,6,13,7,4,8,9,6,11,14,14,17,6,8,6,9,5,7,25,11,4,8,5,2,5,6,5,7,11,3,5,5,3,4,7,11,8,10,8,12,24,6,7,6,5,8,9,8,5,8,8,8,6,,5,9,20,17,20,18,2,9,3,19,4,5,10,7,5,9,13,16,7,6,4,7,8,6,4,4,9,4,7,3,7,18,16,34,24,15,10,15,7,21,11,14,8,10,11,10,17,15,10,22,6,6,18,17,8,14,19,15,12,9,6,12,21,28,4,2,18,9,
20190228,7,NO2,66,103,92,87,80,47,99,18,43,94,81,51,77,75,60,94,82,65,49,48,40,53,26,62,65,42,48,40,37,28,42,24,56,45,41,46,48,47,49,32,14,31,31,27,40,21,17,27,58,69,46,37,26,50,34,29,51,34,57,56,42,48,26,10,31,51,10,17,3,57,63,38,63,81,19,28,64,44,67,66,51,78,24,68,68,69,98,75,58,66,89,57,70,65,45,96,14,35,7,14,15,13,15,31,27,30,60,32,35,30,51,48,47,78,41,62,53,59,72,45,23,64,43,50,47,35,55,65,43,84,56,57,28,46,30,31,16,15,13,16,4,37,24,37,39,19,51,22,17,10,51,38,35,35,61,18,32,34,31,30,78,41,81,52,60,78,53,52,62,99,40,55,52,56,26,50,48,31,36,38,34,38,41,17,26,16,29,,59,38,53,30,75,71,79,50,70,63,73,21,15,22,68,27,11,10,53,53,78,41,62,39,31,35,28,27,34,48,53,39,56,48,67,13,34,9,60,47,70,25,8,15,47,58,74,27,59,27,60,23,19,13,18,12,11,13,24,17,11,14,30,13,20,42,67,27,49,60,52,56,49,28,25,55,24,35,17,21,17,34,22,19,18,16,15,20,8,10,11,11,25,19,8,14,24,7,13,14,24,42,22,27,23,35,22,42,18,,40,8,6,17,24,12,10,11,5,13,5,15,17,5,22,9,29,20,15,21,7,26,5,3,7,3,9,2,12,3,40,78,34,53,31,36,35,31,32,27,27,26,32,19,8,58,22,9,15,15,8,17,38,40,53,41,24,62,24,48,6,24,18,60,4,6,32,33,
20190228,7,NO2_24h,59,77,86,72,81,48,78,18,32,66,75,68,86,70,48,90,67,52,57,48,40,53,23,49,48,26,51,46,32,24,30,21,41,51,45,54,54,47,47,31,22,44,37,28,42,34,29,33,67,68,47,32,25,83,27,28,76,46,39,53,29,73,32,11,38,50,15,25,10,50,62,35,56,66,22,32,55,34,61,45,52,71,32,58,52,49,61,70,44,63,84,40,58,58,40,84,22,26,9,12,30,9,22,31,37,27,33,42,27,28,41,36,48,63,21,68,67,69,78,33,57,71,42,56,48,31,51,50,32,58,36,42,26,34,20,23,15,19,18,18,6,38,30,30,37,20,38,19,21,10,47,40,44,36,49,21,31,39,29,25,64,47,73,47,50,42,55,49,63,86,35,43,46,61,25,44,42,35,40,45,50,37,39,15,48,24,44,,57,24,32,42,53,52,64,40,65,54,57,37,8,38,39,27,6,11,42,71,71,39,50,38,36,29,24,20,26,47,33,43,42,44,65,17,38,14,43,31,54,33,15,23,39,38,46,32,42,35,38,25,21,14,24,23,18,22,34,22,18,23,29,17,28,43,63,33,31,38,35,27,32,32,33,47,27,26,11,24,27,25,27,28,23,21,20,24,11,14,19,15,37,24,20,23,28,18,18,19,27,34,28,27,35,43,23,42,26,,31,7,13,11,34,12,15,16,15,17,8,15,18,9,24,11,17,12,17,24,8,19,15,5,9,5,8,2,10,5,29,70,28,42,31,30,34,31,27,30,21,24,29,22,15,30,20,18,22,16,10,23,35,36,26,35,33,43,28,39,10,39,31,55,10,14,39,21,
20190228,7,O3,27,6,5,9,8,16,7,55,10,3,25,48,4,10,10,9,16,20,25,40,26,15,47,19,5,26,18,34,30,36,15,56,4,11,26,6,18,18,15,23,62,26,22,22,23,59,59,28,39,17,42,26,36,3,30,37,4,2,3,3,6,3,4,40,16,5,65,70,86,11,4,43,22,26,40,44,9,34,13,9,16,17,64,7,26,15,3,13,12,43,5,11,11,11,76,6,31,21,67,42,17,49,17,19,6,17,5,3,14,48,7,61,41,11,16,39,17,11,9,47,36,10,17,9,11,10,25,6,32,4,22,16,9,6,22,17,40,78,42,27,60,15,32,27,4,11,3,24,62,51,3,28,4,10,4,68,55,48,62,30,6,49,6,37,22,12,22,70,22,12,86,36,52,20,36,45,25,50,30,31,16,25,20,61,29,20,38,,26,8,10,62,12,10,7,31,6,5,16,37,47,51,6,34,38,110,20,31,16,14,33,7,14,23,23,45,47,38,43,55,47,43,60,50,19,59,10,10,2,48,65,41,22,7,10,20,6,38,26,65,12,18,12,51,14,31,33,26,47,62,22,28,32,19,10,45,15,4,3,23,3,15,12,2,30,26,25,35,28,4,14,68,61,44,47,62,54,57,24,12,5,5,18,5,3,49,34,21,3,32,31,22,3,3,22,30,20,,7,45,49,57,33,25,78,37,46,78,65,37,46,68,20,25,27,31,25,23,69,6,48,79,44,91,29,82,67,85,2,5,20,11,20,44,40,20,32,52,44,56,39,50,106,1,76,55,42,42,72,80,19,32,28,30,54,31,65,9,65,39,43,22,61,71,66,38,
20190228,7,O3_24h,98,93,69,93,61,131,87,103,95,101,74,115,79,120,91,90,62,91,119,72,63,59,94,98,89,88,64,67,74,86,78,90,101,29,63,76,36,61,68,77,80,40,38,61,57,102,101,55,112,100,128,62,87,68,87,104,62,91,89,100,105,15,8,80,37,70,67,83,96,92,75,102,109,82,76,69,99,107,89,89,125,97,136,82,122,131,125,143,106,129,121,126,109,106,135,126,34,125,83,83,90,105,97,89,7,145,123,13,86,124,95,141,146,117,76,111,82,66,106,122,204,161,111,40,55,52,123,132,122,147,103,136,95,81,74,100,94,85,89,33,87,88,52,88,32,47,85,86,66,77,110,122,75,79,122,113,115,122,119,88,134,138,139,105,138,136,150,185,159,133,114,157,158,58,81,87,74,147,77,66,54,76,67,111,36,22,56,,98,74,107,132,154,109,128,139,127,119,116,102,86,109,107,83,106,126,102,91,79,100,98,99,72,93,93,103,108,114,129,137,132,122,175,99,85,84,75,68,89,48,68,55,80,73,96,60,97,42,66,133,43,68,79,103,29,50,45,44,50,88,50,47,33,119,130,115,99,109,105,98,93,54,84,86,65,92,70,72,51,81,55,88,73,91,63,81,87,78,82,16,20,14,18,8,72,49,36,30,16,79,69,53,39,68,70,71,58,,63,108,68,101,99,48,103,65,85,87,68,87,95,80,88,91,91,100,96,106,84,81,76,90,93,103,43,106,80,99,99,100,103,85,89,107,110,128,101,110,76,99,95,99,116,106,115,89,109,121,99,91,107,103,94,99,99,147,92,102,87,101,73,102,84,76,97,102,
20190228,7,O3_8h,18,7,5,15,6,30,11,65,22,9,49,34,8,11,8,14,30,29,35,53,37,32,58,17,10,46,26,39,35,41,19,57,5,17,44,7,23,21,24,28,64,15,17,25,30,73,61,27,38,24,55,37,42,4,43,50,4,3,8,3,35,3,3,41,20,3,55,49,86,18,4,58,19,32,46,45,13,46,17,12,27,15,63,7,37,42,20,14,15,53,11,31,14,10,94,11,27,31,70,46,15,63,26,6,5,19,22,3,19,56,11,91,35,16,38,32,20,12,10,66,40,33,30,12,20,19,37,17,45,18,44,36,21,13,34,25,48,75,37,28,61,19,33,52,6,17,12,31,59,50,9,33,3,18,11,68,45,50,63,27,6,56,9,44,31,30,16,68,22,31,100,34,38,37,47,54,36,56,37,41,24,39,36,67,26,19,35,,38,14,33,40,22,12,13,36,9,4,13,47,60,42,31,39,44,111,17,23,22,16,36,5,18,27,34,46,70,43,69,71,59,58,87,58,25,71,12,27,7,45,63,38,23,13,10,26,4,36,35,76,21,19,20,63,13,38,33,35,41,75,33,36,27,24,16,59,32,8,13,49,7,16,12,2,32,40,36,32,28,13,18,59,58,49,53,59,61,63,22,12,4,5,8,5,3,38,26,22,4,37,28,30,3,4,28,31,19,,7,49,43,74,43,34,81,42,39,82,65,42,50,69,21,34,53,48,33,27,70,12,54,77,48,90,33,83,70,88,17,6,28,20,22,57,51,26,41,39,60,60,49,49,95,34,73,54,34,43,79,73,38,34,52,21,28,34,57,13,59,24,30,27,47,66,73,63,
20190228,7,O3_8h_24h,22,12,5,28,7,51,15,70,33,29,58,34,22,14,8,20,38,35,41,59,42,48,63,24,18,54,40,47,42,51,30,59,7,19,53,9,26,25,27,34,75,15,18,29,37,88,61,28,38,27,63,41,47,4,50,54,4,5,13,4,60,4,4,43,22,4,55,50,87,32,7,65,24,45,50,48,14,56,49,15,41,17,65,7,58,69,38,15,26,58,17,43,17,10,105,18,27,48,75,52,15,75,53,6,5,35,44,3,24,63,17,111,36,20,50,36,26,16,11,79,58,50,39,13,28,25,61,25,59,43,57,41,31,16,44,35,63,75,44,28,61,20,34,64,7,20,22,46,59,54,23,37,3,23,25,68,45,55,74,28,6,61,10,52,37,56,18,73,23,40,107,40,38,46,53,67,46,59,43,48,28,50,43,70,28,19,35,,46,22,53,44,30,19,17,47,15,5,21,53,70,42,51,41,50,111,20,26,28,21,43,6,18,31,43,46,90,54,106,91,63,73,104,60,31,84,20,36,19,46,63,40,27,25,17,43,5,36,49,95,23,20,28,73,14,41,33,42,43,86,39,39,27,39,18,69,43,14,23,53,14,16,18,3,33,46,45,32,31,35,21,59,59,57,58,61,63,67,27,12,5,5,8,5,4,38,26,24,4,41,33,38,4,5,33,34,25,,10,50,55,87,54,43,83,52,43,83,65,55,51,69,23,51,75,69,47,37,72,20,57,77,51,91,36,83,75,90,45,7,35,24,26,68,52,48,62,48,63,66,62,50,95,71,73,55,42,43,80,73,48,41,80,28,28,63,57,19,59,24,33,30,47,66,74,76,
20190228,7,CO,0.79,2.01,1.89,1.75,2.58,0.88,2.95,0.75,0.95,1.65,1.37,1.10,2.30,1.39,1.25,3.82,1.58,1.48,1.21,0.59,0.72,1.14,0.45,1.38,1.24,0.47,1.05,0.63,0.43,0.58,0.90,0.63,0.83,0.95,0.77,0.88,0.73,1.00,0.83,0.63,0.57,0.67,0.43,0.80,0.54,0.54,0.63,1.17,0.99,1.13,0.68,0.57,0.76,1.70,0.65,0.52,1.64,1.03,1.60,1.06,0.94,1.33,1.20,0.50,0.83,1.03,0.76,0.58,0.48,1.16,1.43,1.27,1.26,2.23,0.74,0.48,2.26,0.92,1.80,1.90,1.23,2.65,0.60,1.10,0.97,0.95,1.87,2.05,1.22,1.72,1.80,1.15,1.17,0.70,1.50,1.85,1.20,1.00,0.52,0.63,0.95,0.67,1.20,1.10,1.10,0.90,1.25,1.65,2.23,0.80,3.83,1.83,1.80,1.85,1.00,2.48,1.80,3.28,1.75,1.17,1.18,1.46,0.82,0.70,0.65,0.87,0.81,1.50,0.80,1.77,0.97,1.17,0.84,1.55,0.84,1.05,0.50,0.87,0.73,1.22,0.45,0.72,0.70,0.50,0.77,0.80,1.05,0.92,0.66,0.70,1.03,1.13,1.13,1.01,1.23,0.95,0.50,0.65,0.68,0.63,2.30,1.00,1.40,0.70,0.80,2.95,3.00,2.35,3.00,3.40,1.70,1.80,2.45,1.17,0.55,0.55,1.00,0.50,1.00,1.00,2.00,1.45,1.10,0.20,1.00,0.80,0.80,,2.45,0.68,1.05,0.80,1.98,1.32,1.60,1.52,1.55,1.13,1.97,0.90,0.35,0.50,0.90,0.77,0.25,0.65,1.26,2.10,1.92,1.42,1.50,1.40,1.10,1.50,0.75,0.70,0.80,1.37,2.17,1.43,1.80,1.32,1.30,0.50,1.25,0.40,0.80,0.74,1.13,0.57,0.63,0.67,0.55,0.83,0.90,0.65,0.45,0.60,0.70,0.72,1.40,0.90,0.80,0.50,0.65,0.75,1.00,0.63,1.40,0.75,1.73,0.82,1.00,0.83,1.05,0.75,1.23,1.13,1.06,0.67,0.67,0.94,1.10,0.98,0.40,0.72,0.85,0.60,0.53,0.87,1.45,0.60,0.75,1.00,0.78,0.60,1.07,0.60,0.65,1.00,1.50,1.10,0.87,1.20,1.50,0.75,0.95,1.05,1.20,1.00,0.73,0.95,0.87,0.77,0.82,0.67,0.70,,0.82,0.35,0.25,0.95,0.90,0.87,0.75,0.80,0.20,0.75,0.50,0.45,1.00,0.55,0.35,0.70,0.60,0.57,0.70,0.60,0.60,0.80,0.60,0.40,0.30,0.60,0.65,0.30,0.40,0.35,1.50,1.53,0.85,1.05,1.05,0.80,1.50,0.95,1.05,0.65,1.25,1.00,1.10,0.70,0.70,0.80,0.70,0.60,0.90,1.20,0.40,0.20,0.67,0.90,1.45,1.50,1.45,2.65,0.20,1.85,0.50,1.45,0.20,2.70,0.50,1.00,1.55,2.20,
20190228,7,CO_24h,0.96,1.44,1.96,1.70,2.38,1.38,1.63,0.80,0.82,1.38,1.47,1.75,1.90,1.67,1.23,2.37,1.15,1.23,1.34,0.63,0.76,0.66,0.47,0.77,1.00,0.43,0.82,0.73,0.45,0.58,0.86,0.47,0.57,0.94,0.79,0.93,0.70,0.83,0.80,0.50,0.53,0.70,0.63,0.90,0.59,0.68,0.60,1.04,1.05,0.79,0.80,0.61,0.79,1.71,0.65,0.57,1.61,1.17,1.23,0.92,0.68,1.77,1.37,0.53,0.82,0.83,0.67,0.68,0.54,1.11,1.17,1.30,1.28,1.78,0.73,0.65,1.74,0.80,1.25,1.75,1.37,1.72,0.60,1.02,1.03,0.90,1.57,1.92,0.88,1.37,1.75,0.95,1.03,0.53,1.17,1.48,1.34,0.77,0.57,0.67,1.05,0.67,1.20,1.40,2.25,1.00,1.13,2.15,1.27,0.87,2.05,1.54,2.02,1.53,0.55,2.55,1.85,2.83,1.60,1.02,2.52,1.66,0.86,0.80,0.67,0.67,0.91,1.37,0.80,1.57,0.77,1.03,0.80,1.00,0.84,1.00,0.60,1.03,0.90,1.15,0.50,0.65,0.74,0.66,0.73,0.77,0.85,0.74,0.66,0.60,1.10,1.23,1.47,1.00,0.93,0.85,0.55,0.70,0.70,0.73,2.10,1.20,1.10,0.55,0.60,1.80,2.35,2.15,2.50,2.70,1.20,1.20,1.65,0.80,0.60,0.60,0.85,0.70,1.00,0.97,2.15,1.45,1.25,0.20,0.90,1.20,0.70,,1.50,0.60,0.82,0.80,1.48,1.00,1.33,1.34,1.45,1.27,1.50,0.87,0.30,0.95,0.55,1.03,0.40,0.60,1.02,2.40,1.40,1.27,1.30,1.30,0.90,1.40,0.65,0.45,0.73,1.40,1.40,1.70,1.35,1.40,1.30,0.75,1.65,0.40,0.67,0.58,0.80,0.65,0.63,0.70,0.60,0.57,0.70,0.55,0.45,0.60,0.67,0.80,1.20,0.83,0.87,0.80,0.85,1.18,1.13,0.65,1.43,0.88,1.37,0.95,1.15,0.93,1.27,0.85,1.00,0.67,0.88,0.53,0.53,1.14,1.05,0.95,0.63,0.70,0.75,0.65,0.67,0.77,1.00,0.90,1.02,1.00,1.02,0.88,1.05,1.25,0.90,1.42,1.53,1.53,1.17,1.80,1.40,0.75,1.10,1.00,1.15,0.90,0.70,0.93,0.80,0.73,0.78,0.63,0.70,,0.75,0.40,0.50,0.63,1.45,0.80,1.00,0.80,0.30,0.85,0.50,0.55,0.85,0.60,0.45,0.75,0.65,0.43,0.65,0.60,0.60,0.80,0.70,0.50,0.50,0.45,0.60,0.40,0.40,0.35,1.10,1.57,0.90,1.10,0.95,0.85,1.10,0.85,0.75,0.75,0.85,0.90,1.10,0.85,0.90,0.80,0.70,0.70,0.90,1.00,0.50,0.30,0.60,0.80,1.20,1.60,0.90,1.55,0.80,1.15,0.60,1.55,0.75,2.47,1.00,1.00,1.60,1.70,
20190228,8,AQI,67,220,207,154,124,129,247,57,61,146,190,154,258,143,67,214,141,166,247,46,75,74,47,98,124,79,59,73,73,65,91,68,94,76,63,25,94,54,51,25,33,27,17,23,84,44,80,55,138,113,114,44,59,81,52,47,85,60,106,85,64,114,26,25,80,84,18,33,26,104,62,59,80,212,55,51,86,63,199,150,119,271,101,166,143,123,205,219,167,262,228,85,191,81,235,226,19,76,27,40,23,64,29,60,16,68,90,58,53,84,79,119,173,180,63,136,183,170,189,161,151,261,144,85,74,76,133,143,110,180,114,140,55,63,42,59,53,22,30,19,23,76,88,36,94,86,89,84,27,29,179,169,76,93,126,65,72,63,75,139,232,149,136,91,131,328,247,199,391,244,170,146,190,78,54,63,58,53,85,54,64,88,86,37,74,83,44,,183,80,108,72,186,138,183,183,138,114,103,67,34,68,57,76,68,56,167,159,209,78,167,131,75,105,171,80,124,310,377,225,347,338,225,39,374,37,95,96,109,84,66,23,90,96,84,78,96,76,104,69,16,11,41,27,20,25,50,49,17,42,58,27,36,130,113,99,126,130,150,95,89,64,73,105,33,80,56,50,43,55,50,36,64,95,34,68,56,42,53,21,39,41,10,21,86,17,11,19,42,61,71,70,70,68,56,58,56,,80,17,16,31,38,26,68,13,41,31,28,25,33,24,36,40,29,41,46,56,19,31,22,25,15,27,39,47,21,26,69,133,80,70,58,71,88,122,83,69,65,59,51,27,31,91,73,28,40,30,20,25,75,94,57,77,60,222,57,151,125,131,84,130,35,,190,173,
20190228,8,PM2.5,40,170,157,118,94,98,197,25,30,112,143,118,208,109,38,164,108,126,197,32,55,54,33,73,94,58,42,53,53,47,68,49,70,56,45,15,70,38,36,15,19,19,12,16,62,31,59,39,105,85,86,31,42,60,36,30,63,43,80,63,46,86,14,16,59,62,7,19,6,78,43,42,59,162,39,36,64,34,149,115,90,221,76,126,109,93,155,169,127,212,178,52,144,60,185,176,13,56,19,24,13,46,20,43,11,49,67,41,31,62,55,90,131,136,42,104,138,129,142,123,114,211,110,63,54,56,101,109,83,136,86,107,39,45,29,42,37,15,16,11,12,56,65,17,70,64,66,62,19,14,135,128,56,69,96,42,33,43,55,51,182,114,104,68,100,278,197,149,341,194,129,112,143,57,38,45,41,37,63,38,46,65,64,26,54,61,20,,138,59,81,50,140,87,138,138,105,86,77,36,24,36,38,56,16,40,127,121,159,57,127,100,55,79,130,59,94,260,327,175,297,288,175,24,324,26,71,72,82,62,48,13,67,72,62,57,72,56,78,50,10,7,29,19,14,17,34,34,10,24,41,17,25,99,85,74,96,99,115,71,66,39,53,79,20,59,40,25,30,37,33,25,46,71,24,49,40,26,37,15,23,26,7,15,64,11,4,12,23,44,52,51,51,49,40,41,40,,59,12,10,17,23,18,49,9,23,22,4,16,17,4,25,17,18,23,32,40,12,20,11,9,6,5,9,16,5,5,50,101,59,51,41,52,65,67,61,33,47,42,34,15,14,68,53,18,28,15,7,6,55,70,40,37,31,172,32,80,33,64,22,99,2,,143,131,
20190228,8,PM2.5_24h,82,91,153,88,87,130,126,29,30,89,139,158,162,137,39,161,65,136,246,29,42,40,28,33,65,44,36,43,41,35,46,34,47,41,28,37,47,32,31,20,15,14,14,16,41,48,42,29,102,44,101,23,44,70,31,28,79,44,40,50,40,114,27,15,67,49,13,17,14,81,48,43,53,130,52,45,51,32,102,88,101,124,56,87,128,90,168,183,74,167,190,45,116,37,142,173,16,39,23,27,31,34,36,47,46,60,54,50,20,53,45,109,130,122,23,111,152,109,134,115,497,281,171,53,47,41,125,119,73,138,75,113,55,45,32,47,43,11,31,14,16,42,54,14,60,57,45,65,14,11,160,146,81,75,105,40,39,44,46,57,197,97,74,29,74,184,176,151,220,166,46,56,62,47,32,32,32,31,47,35,34,42,52,20,24,25,13,,82,53,58,52,134,68,107,123,122,101,54,75,17,57,31,80,15,43,88,126,143,58,126,134,63,63,134,69,57,175,206,277,270,319,182,49,341,27,55,55,62,47,24,12,56,55,48,32,54,28,54,53,15,15,26,44,15,39,35,22,15,23,34,25,16,116,102,80,75,69,73,57,57,41,58,71,26,56,28,25,40,32,37,48,41,75,20,44,39,39,43,16,37,30,20,40,51,10,13,16,38,31,44,58,52,47,53,44,42,,51,15,11,12,41,22,42,13,17,13,7,18,16,8,30,25,17,25,28,30,13,19,19,13,12,9,11,16,4,6,42,94,58,50,42,44,71,81,54,39,51,36,33,23,23,56,36,34,40,20,9,10,57,62,38,37,26,125,34,71,44,88,36,63,14,7,160,104,
20190228,8,PM10,84,209,259,204,142,171,276,63,72,180,200,157,281,171,84,227,129,155,200,36,72,72,36,101,154,63,62,66,56,51,104,62,112,77,68,20,92,47,51,25,33,25,11,17,46,19,91,54,152,133,103,35,,105,54,47,116,54,144,76,62,102,26,25,75,93,16,33,19,133,74,60,110,157,,34,120,75,191,153,,251,,181,173,148,182,222,216,297,239,119,173,92,243,243,16,52,25,40,23,,27,55,14,53,85,58,55,106,107,129,180,195,76,159,189,192,163,140,251,258,131,,59,,136,149,93,219,118,133,53,76,42,43,43,22,30,19,23,77,77,36,99,81,89,74,24,29,154,129,74,81,147,79,93,76,73,228,234,165,159,96,147,349,277,235,401,284,179,,227,76,39,63,66,47,84,55,59,77,85,36,79,85,44,,203,88,130,94,229,226,206,200,139,143,151,84,27,86,63,72,85,57,142,129,174,100,173,111,64,115,157,85,,291,394,264,350,278,244,39,206,,95,104,96,71,56,23,75,106,92,80,95,65,,,16,11,36,,20,25,50,,17,42,59,27,34,136,130,79,113,124,161,96,97,77,88,88,33,54,60,50,35,60,50,,,81,28,59,59,42,48,19,39,41,6,,67,,7,19,42,59,72,55,67,78,61,58,46,,72,15,13,31,38,22,62,12,41,27,28,25,33,24,34,40,29,41,41,44,19,31,22,,15,13,39,47,6,6,80,123,64,64,51,77,105,193,87,88,58,44,51,27,18,78,56,28,30,30,16,18,,73,64,104,69,239,63,251,199,211,118,134,35,,178,191,
20190228,8,PM10_24h,98,126,243,147,145,211,182,61,69,142,200,215,236,188,88,209,94,153,299,40,56,53,38,54,106,50,59,61,52,47,68,49,77,58,40,46,59,43,51,31,26,24,18,23,37,71,54,40,157,82,123,29,52,137,49,47,163,65,76,66,55,137,42,30,89,73,24,33,40,133,67,65,108,162,66,53,109,78,132,122,117,156,64,129,186,138,185,237,130,248,267,93,151,65,193,231,20,51,35,46,49,44,47,59,68,79,80,79,43,98,87,145,179,172,52,163,201,159,151,135,452,343,210,35,54,42,162,152,92,202,99,131,54,75,42,44,57,15,47,20,30,58,58,30,78,74,62,82,20,32,158,162,98,83,140,97,117,103,65,238,255,152,124,53,118,233,295,222,276,259,69,122,109,68,48,52,56,48,67,53,49,57,70,39,39,34,22,,109,73,93,87,196,166,159,175,160,137,147,112,22,124,65,101,57,73,119,171,173,94,160,151,79,91,160,103,72,215,259,333,317,322,251,85,382,68,75,74,81,55,21,19,63,81,84,45,77,31,38,64,30,27,43,65,21,54,48,16,23,41,45,37,25,148,145,101,84,89,88,83,86,64,85,94,45,88,47,44,36,48,57,52,34,87,30,53,60,55,53,32,49,47,30,64,73,13,18,18,58,46,59,69,63,75,74,61,49,,65,22,17,23,67,26,54,20,34,17,12,29,41,28,46,44,27,42,42,50,22,34,55,14,23,17,43,28,7,11,71,119,68,65,60,61,116,165,71,109,69,47,50,49,29,62,46,44,43,36,20,38,94,80,60,130,73,163,61,269,224,293,163,92,33,10,188,147,
20190228,8,SO2,5,24,26,37,46,9,32,20,9,17,29,31,41,25,18,79,31,29,23,6,6,7,8,27,17,11,11,12,6,6,6,6,7,9,8,7,13,7,8,5,5,6,4,6,2,4,5,4,21,17,10,5,4,7,4,5,11,5,8,12,7,14,6,5,10,9,8,16,3,8,21,11,13,7,11,7,35,45,20,106,17,117,9,25,23,18,37,31,56,23,30,15,15,16,25,38,7,10,3,4,6,7,6,7,7,16,23,9,17,8,76,18,26,53,50,44,27,22,74,22,39,15,12,4,7,11,8,14,13,14,10,8,9,23,3,14,2,7,6,11,2,9,10,14,15,7,5,4,12,14,7,15,13,8,7,4,4,24,4,5,22,17,30,11,36,39,25,32,19,47,20,14,12,12,8,14,6,10,6,9,10,14,7,9,8,2,4,,72,6,12,3,37,107,56,28,29,40,99,14,3,25,27,10,7,13,72,33,43,38,38,19,45,34,15,22,24,23,25,12,13,14,12,9,7,5,9,18,11,12,9,11,9,5,9,6,4,8,5,5,10,5,15,7,6,5,13,7,4,8,12,5,18,11,13,14,7,13,7,7,6,6,12,12,4,8,6,2,5,7,3,7,11,7,4,5,4,2,7,9,7,8,6,8,19,6,7,6,4,9,11,9,4,9,7,9,4,,6,10,22,20,15,28,1,9,2,37,4,5,16,7,6,8,15,40,9,4,4,5,8,6,3,4,7,3,3,3,14,16,20,33,12,11,9,16,7,33,5,37,5,16,27,8,24,11,11,29,5,5,9,13,8,15,17,12,9,7,5,9,17,25,3,,14,2,
20190228,8,SO2_24h,8,20,35,34,36,23,28,13,9,17,33,28,43,31,17,58,27,21,25,5,7,5,8,14,13,7,8,9,6,5,5,5,5,8,6,6,8,5,6,4,5,5,4,5,3,5,6,4,23,15,11,5,4,7,4,6,12,6,6,9,6,16,8,5,10,7,10,13,4,7,12,14,20,8,10,7,26,22,19,44,23,57,10,22,25,16,28,41,22,22,32,13,22,10,22,32,7,9,4,4,7,7,7,6,8,15,13,10,11,12,36,21,31,38,16,49,37,37,55,15,38,17,17,4,10,9,11,16,13,17,12,10,7,9,5,5,2,7,7,7,2,6,9,17,10,7,4,4,13,13,7,12,11,6,7,9,5,25,7,5,36,22,25,9,23,30,27,30,21,51,13,16,12,10,7,14,5,22,6,8,7,10,6,9,7,1,3,,54,4,10,7,22,55,45,14,37,27,92,20,3,30,20,14,7,13,65,46,37,33,24,16,22,22,17,15,15,17,19,19,13,22,20,13,13,28,7,14,13,12,10,10,8,3,6,6,5,8,7,7,10,7,12,10,5,6,13,7,4,8,9,6,11,13,14,17,6,8,6,8,6,7,25,11,4,8,5,2,5,6,5,7,12,3,5,5,3,3,7,11,8,10,8,11,24,6,7,6,5,8,9,8,5,8,8,8,6,,5,9,20,16,20,19,2,9,3,20,4,5,10,7,5,9,13,16,7,6,4,7,8,6,4,4,9,4,7,3,8,18,16,35,22,15,10,15,7,21,11,15,8,11,11,10,18,15,10,22,5,6,17,17,8,14,20,14,12,9,6,12,21,28,4,2,18,9,
20190228,8,NO2,63,108,89,91,74,49,96,22,47,92,92,57,76,82,60,92,87,66,52,53,46,58,35,67,62,41,55,49,38,34,43,33,55,47,43,50,53,37,44,35,17,35,28,28,49,24,18,33,70,76,75,44,30,48,42,32,46,36,62,59,43,43,26,16,36,52,16,33,6,63,63,55,67,80,24,34,71,62,71,64,54,86,28,66,74,68,91,74,59,79,94,60,69,71,63,92,18,36,10,20,17,20,16,44,26,33,60,36,38,33,51,64,63,79,49,72,52,59,73,52,28,63,46,49,46,34,50,59,51,80,59,62,30,47,32,33,19,26,13,18,5,42,30,53,43,21,52,28,22,18,53,39,35,38,55,30,47,51,33,33,79,49,80,54,75,77,57,67,68,106,43,76,69,62,32,48,49,39,36,52,37,40,40,20,43,18,38,,60,32,56,29,73,73,74,55,69,60,73,29,21,44,69,36,16,12,51,60,70,41,61,41,39,32,31,28,45,57,57,38,62,36,81,20,38,9,58,51,69,36,14,18,48,58,76,33,58,37,59,29,25,14,22,18,13,18,32,19,16,18,35,14,24,47,69,32,43,61,52,60,46,35,28,51,36,47,24,26,21,29,24,30,24,23,23,23,12,13,17,15,25,17,9,14,30,8,12,14,20,45,28,36,23,34,30,46,21,,42,14,8,23,26,17,14,13,13,16,5,17,18,18,28,14,41,24,17,25,11,22,7,4,8,4,8,2,12,5,39,78,38,52,40,47,44,40,36,38,27,30,34,29,16,54,26,9,31,18,14,17,48,48,62,25,44,90,16,36,6,23,19,74,4,,29,46,
20190228,8,NO2_24h,59,78,86,72,80,47,79,17,31,67,76,67,86,70,49,90,67,52,56,48,40,54,24,50,49,26,52,46,32,24,30,21,42,52,44,54,55,47,47,31,21,44,36,28,42,33,27,33,67,68,47,33,26,83,28,27,76,45,39,52,29,73,32,10,38,51,15,24,9,50,62,36,56,67,22,32,56,34,61,44,51,71,31,59,52,50,61,70,45,64,85,41,59,59,40,84,22,27,9,12,30,10,21,31,38,27,35,41,28,28,41,37,48,63,20,67,66,68,77,33,57,72,43,56,49,31,50,50,32,58,37,43,26,35,20,23,15,19,18,18,6,39,30,30,37,20,39,19,21,10,48,40,44,36,49,21,32,39,29,25,65,47,73,47,51,42,55,50,63,86,35,47,47,62,25,44,42,35,41,46,50,38,39,15,49,24,44,,57,25,33,42,53,52,64,41,65,54,57,36,8,37,39,27,6,11,42,71,68,38,50,37,36,29,24,20,27,47,33,43,43,43,64,17,36,14,44,31,55,33,15,23,40,40,48,33,43,34,39,25,21,14,23,22,18,21,34,22,18,23,29,17,27,42,62,33,31,39,37,28,33,32,33,48,28,26,11,24,27,25,28,28,23,21,20,24,11,14,19,15,37,24,20,23,28,18,18,19,26,34,28,27,34,43,23,43,26,,32,8,13,11,33,13,15,16,15,17,8,15,18,9,25,11,18,12,17,24,8,19,15,5,9,5,8,2,10,5,30,70,28,43,31,31,34,31,27,30,22,23,29,22,15,30,20,17,22,16,9,23,35,35,27,35,34,46,28,40,10,40,30,54,10,14,39,22,
20190228,8,O3,15,7,5,11,15,13,8,51,9,5,15,38,6,8,10,14,12,24,23,38,23,14,41,14,9,25,14,25,27,31,23,47,6,11,25,4,12,22,21,20,61,21,21,19,14,54,68,23,29,12,16,17,31,4,26,32,4,3,4,5,6,3,4,34,11,9,58,53,84,7,5,31,12,27,35,33,8,19,12,11,17,20,57,11,19,17,8,14,12,31,5,10,6,9,60,9,27,31,62,35,14,41,17,6,7,17,8,3,9,48,6,33,23,11,9,39,21,14,13,42,39,12,19,13,15,9,21,8,24,4,15,11,7,7,27,18,33,65,46,28,51,9,28,17,3,7,6,20,55,47,3,29,5,7,4,56,41,32,59,23,9,41,10,40,10,12,36,55,22,13,87,15,38,17,33,36,24,40,33,16,15,21,22,60,23,19,27,,30,10,9,74,13,12,8,25,10,6,14,30,41,28,8,31,35,105,22,30,23,19,37,13,7,24,23,52,36,33,39,56,39,58,73,42,19,56,9,7,3,43,55,40,26,9,11,16,5,25,26,54,5,15,8,44,12,25,28,20,44,57,18,24,34,13,8,40,17,6,4,21,12,9,12,5,15,23,17,28,22,7,14,55,52,35,39,59,50,49,19,11,6,6,21,5,4,53,36,21,3,23,24,12,3,4,19,34,11,,7,39,51,50,39,22,74,34,34,72,63,39,43,52,13,21,11,29,23,17,62,6,41,80,44,87,33,85,66,84,3,6,16,11,9,30,32,10,30,40,35,50,33,40,99,2,69,55,29,44,65,79,10,23,19,48,34,16,69,25,65,44,44,11,60,,72,31,
20190228,8,O3_24h,98,93,69,93,67,131,87,103,95,101,74,115,79,120,91,90,62,91,119,72,63,58,94,98,89,88,60,67,74,86,78,90,101,28,63,76,36,61,68,77,80,40,38,61,57,102,101,55,112,100,128,62,84,68,87,104,62,91,89,100,105,15,8,80,37,61,67,83,96,92,75,102,109,82,76,69,99,107,89,90,125,97,136,82,122,131,125,143,106,129,121,126,109,106,135,126,34,125,83,83,90,105,97,89,7,145,123,13,86,124,95,141,146,117,76,111,82,66,106,122,204,161,111,40,55,52,123,132,122,147,103,136,95,81,74,100,94,85,89,34,87,88,52,88,32,47,85,86,66,77,110,122,75,79,122,113,115,122,119,88,134,138,139,105,138,136,150,185,159,133,114,151,158,58,81,87,74,147,77,66,54,76,67,111,36,22,56,,98,74,107,132,154,109,128,139,127,119,116,102,86,109,107,83,106,126,102,91,81,100,98,99,72,93,93,103,108,114,129,137,132,122,175,99,85,84,75,68,89,49,68,53,80,73,96,60,97,42,66,133,43,68,79,103,29,50,45,44,50,88,50,47,35,119,130,115,99,109,105,98,93,54,84,86,65,92,70,72,51,81,55,88,73,91,63,81,87,78,82,16,20,14,21,8,72,53,39,30,16,79,69,53,39,68,70,70,58,,63,108,68,101,99,48,103,65,85,87,68,87,95,80,88,91,91,100,96,106,84,81,76,90,93,103,43,106,80,99,99,100,103,85,89,107,110,128,101,110,76,99,95,99,116,106,115,89,109,121,99,91,107,103,94,99,99,147,92,102,87,101,73,102,84,76,97,102,
20190228,8,O3_8h,18,7,5,15,8,28,11,64,21,9,44,34,8,11,8,14,28,28,34,52,35,30,56,17,11,44,24,37,34,40,20,55,5,16,42,6,21,21,24,27,63,16,17,24,28,70,61,27,36,22,51,35,41,4,39,48,4,4,8,3,31,3,3,40,19,4,56,48,86,16,4,55,18,32,44,43,12,43,17,10,26,16,62,7,34,39,18,14,15,50,9,28,14,9,90,10,27,31,69,45,15,60,25,6,5,19,20,3,18,55,11,83,34,15,34,33,21,12,10,63,40,31,28,12,19,18,35,15,42,17,40,33,20,12,33,24,46,74,38,28,60,18,32,47,6,16,11,29,59,50,9,32,3,17,10,66,44,48,63,26,6,53,10,45,27,30,21,63,21,31,100,27,33,36,45,51,36,52,38,36,24,38,36,66,24,18,28,,40,13,30,45,20,12,13,34,9,4,13,45,58,40,28,38,43,111,18,24,24,16,36,6,16,26,33,47,66,42,66,70,57,58,85,56,25,69,12,25,7,45,62,38,24,12,10,25,4,34,34,74,19,19,19,61,13,36,33,33,42,72,31,34,27,23,15,56,30,7,12,45,8,15,12,3,30,38,34,32,28,13,17,58,57,47,51,59,59,61,22,12,4,5,10,5,3,39,27,21,4,35,27,27,3,4,27,31,18,,7,48,44,72,43,32,80,41,38,80,64,42,49,67,20,33,48,46,32,26,69,12,53,78,48,90,33,83,69,87,16,6,26,19,21,54,48,24,40,39,57,59,47,48,96,30,72,54,34,43,77,74,34,33,48,24,29,31,59,15,59,26,32,25,49,66,73,59,
20190228,8,O3_8h_24h,22,12,5,28,9,51,15,70,33,29,58,34,22,14,8,20,38,35,41,59,42,48,63,24,20,54,40,47,42,51,30,59,7,19,53,9,26,25,27,34,75,16,18,29,37,88,61,28,38,27,63,41,47,4,47,54,4,5,13,4,60,4,4,43,22,4,56,50,87,32,7,65,24,45,50,48,14,56,49,12,41,18,65,8,58,69,38,16,26,58,17,43,17,10,105,18,27,48,75,52,15,75,53,6,5,35,44,3,24,63,18,111,36,20,50,37,26,16,11,79,58,50,39,14,28,25,61,25,59,43,57,41,31,16,44,35,63,75,44,29,61,20,34,64,7,20,22,46,59,54,23,37,3,23,25,68,45,55,75,28,7,61,11,53,37,56,21,72,22,40,107,35,33,46,53,67,46,59,43,47,28,50,43,70,28,18,29,,46,22,53,45,30,19,17,47,15,5,22,53,70,42,51,41,50,111,20,27,27,21,43,6,18,31,43,48,90,54,106,91,63,73,104,60,31,84,20,36,19,47,63,41,27,25,17,43,5,36,49,95,23,20,28,73,14,41,33,42,43,86,39,39,27,39,18,69,43,14,23,53,14,16,18,4,33,46,45,32,31,35,21,59,59,57,58,61,63,67,27,12,5,5,10,5,4,39,27,24,4,41,33,38,4,5,33,34,25,,10,50,55,87,54,43,83,52,43,83,65,55,51,69,23,51,75,69,47,37,72,20,57,78,51,91,36,83,75,90,45,7,35,24,26,68,52,48,62,48,63,66,62,50,96,71,73,55,42,43,80,74,48,41,80,28,30,63,59,19,59,26,34,30,49,66,74,76,
20190228,8,CO,0.89,2.31,1.91,1.75,2.70,0.97,2.77,0.80,1.10,1.95,1.50,1.20,2.33,1.54,1.50,3.99,1.89,1.68,1.35,0.60,0.80,1.27,0.47,1.72,1.50,0.50,1.04,0.70,0.47,0.65,0.96,0.65,1.03,1.03,0.85,1.03,0.80,0.97,1.07,0.73,0.60,0.80,0.47,0.90,0.66,0.54,0.63,1.20,1.27,1.22,0.81,0.62,0.80,1.55,0.70,0.57,1.54,1.30,2.00,1.12,1.16,1.37,1.23,0.53,0.89,1.07,0.78,0.68,0.48,1.28,1.73,1.90,1.60,2.18,0.80,0.58,2.58,1.38,1.95,1.97,1.50,2.97,0.63,1.20,1.10,1.05,2.20,2.13,1.36,2.22,2.28,1.30,1.37,0.83,1.77,1.95,1.22,1.12,0.53,0.93,1.00,0.80,1.30,2.90,1.30,1.30,1.50,2.10,2.47,0.83,3.27,2.82,2.06,2.07,1.58,2.73,1.82,3.47,2.00,1.37,0.95,1.84,1.04,0.70,0.70,0.90,0.87,1.50,0.97,1.97,1.00,1.27,0.90,2.25,0.86,1.10,0.57,0.97,0.73,1.20,0.50,0.73,0.76,0.66,0.93,0.87,1.15,0.96,0.68,0.75,1.27,1.33,1.17,1.17,1.20,1.20,0.60,0.75,0.72,0.73,2.60,1.00,1.55,0.80,1.30,3.40,2.45,2.55,3.40,3.90,1.85,2.80,3.15,1.23,0.55,0.65,1.10,0.55,1.00,1.03,2.15,1.40,1.10,0.20,1.10,1.00,0.90,,2.50,0.75,1.25,0.80,2.42,1.52,1.63,1.78,1.60,1.27,2.23,0.87,0.50,0.95,0.85,0.77,0.35,0.65,1.38,2.17,2.30,1.52,1.67,1.80,1.30,1.35,0.85,0.80,1.07,1.57,1.80,1.30,1.90,1.07,1.30,0.60,1.35,0.40,0.92,0.90,1.53,0.65,0.70,0.67,0.60,1.20,1.30,0.70,0.70,0.60,0.73,0.77,1.57,1.00,1.17,0.50,0.70,0.82,1.10,0.70,1.43,0.80,1.77,0.85,1.00,0.93,1.30,0.85,1.17,1.10,1.18,0.77,0.90,1.00,1.10,1.20,0.50,0.92,0.90,0.65,0.60,0.97,1.15,0.68,0.82,1.07,0.85,0.65,1.05,0.60,0.90,1.38,1.53,1.13,0.90,1.25,1.70,0.75,1.00,1.05,1.20,1.23,0.80,1.02,0.97,0.93,0.88,0.78,0.73,,0.97,0.65,0.30,0.82,0.88,0.93,0.80,0.80,0.30,0.80,0.50,0.45,1.00,0.60,0.50,0.80,0.70,0.70,0.80,0.65,0.60,0.80,0.60,0.40,0.30,0.55,0.55,0.30,0.40,0.40,1.87,1.93,1.00,1.05,1.20,0.90,1.40,0.95,0.90,0.70,1.20,1.15,1.10,0.85,0.80,0.90,0.70,0.60,1.00,1.20,0.40,0.20,0.80,1.05,1.70,1.40,1.25,2.40,0.30,1.25,0.50,1.25,0.20,3.20,0.50,,1.40,2.40,
20190228,8,CO_24h,0.95,1.46,1.96,1.63,2.50,1.33,1.68,0.78,0.82,1.40,1.47,1.65,1.90,1.64,1.22,2.46,1.17,1.23,1.30,0.63,0.76,0.73,0.47,0.80,1.05,0.43,0.82,0.73,0.45,0.58,0.86,0.47,0.57,0.96,0.77,0.93,0.70,0.83,0.80,0.50,0.53,0.70,0.63,0.90,0.60,0.68,0.60,1.06,1.07,0.79,0.77,0.61,0.77,1.71,0.64,0.57,1.61,1.10,1.23,0.92,0.70,1.77,1.36,0.53,0.83,0.83,0.68,0.66,0.52,1.12,1.23,1.30,1.24,1.80,0.72,0.63,1.76,0.80,1.22,1.52,1.37,1.80,0.60,1.05,1.03,0.90,1.57,1.93,0.92,1.42,1.77,0.95,1.07,0.57,1.20,1.48,1.34,0.82,0.57,0.67,1.05,0.67,1.20,1.50,2.25,1.05,1.13,2.15,1.30,0.83,2.02,1.60,2.04,1.53,0.55,2.58,1.87,2.92,1.63,1.02,2.52,1.66,0.84,0.80,0.67,0.72,0.89,1.37,0.80,1.50,0.77,1.03,0.80,1.05,0.82,1.00,0.57,1.03,0.90,1.17,0.50,0.63,0.74,0.66,0.73,0.77,0.88,0.74,0.68,0.65,1.10,1.23,1.47,1.00,0.90,0.85,0.55,0.70,0.72,0.73,2.10,1.20,1.10,0.60,0.60,1.80,2.35,2.15,2.50,2.70,1.20,1.20,1.65,0.80,0.65,0.60,0.85,0.70,1.00,0.97,2.15,1.45,1.25,0.20,0.90,1.20,0.70,,1.50,0.60,0.85,0.80,1.48,1.02,1.33,1.34,1.40,1.20,1.47,0.83,0.30,0.95,0.55,0.97,0.40,0.60,1.02,2.42,1.60,1.27,1.30,1.30,0.90,1.35,0.65,0.45,0.70,1.43,1.40,1.67,1.45,1.40,1.30,0.75,1.60,0.40,0.70,0.60,0.83,0.63,0.63,0.70,0.60,0.57,0.70,0.55,0.45,0.60,0.67,0.80,1.20,0.87,0.87,0.80,0.80,1.18,1.13,0.65,1.43,0.85,1.37,0.95,1.15,0.87,1.25,0.85,1.00,0.70,0.88,0.53,0.53,1.12,1.05,0.95,0.60,0.70,0.75,0.65,0.63,0.77,1.00,0.88,1.00,1.00,0.97,0.85,1.03,1.18,0.85,1.40,1.53,1.53,1.17,1.80,1.40,0.75,1.10,1.00,1.15,0.90,0.70,0.95,0.80,0.73,0.78,0.63,0.70,,0.75,0.40,0.45,0.63,1.40,0.80,1.00,0.80,0.30,0.85,0.50,0.55,0.85,0.55,0.45,0.75,0.65,0.47,0.65,0.60,0.60,0.80,0.70,0.50,0.50,0.45,0.60,0.40,0.40,0.35,1.13,1.60,0.90,1.10,0.95,0.85,1.10,0.85,0.75,0.75,0.90,0.90,1.10,0.80,0.90,0.80,0.70,0.70,0.90,1.00,0.50,0.30,0.63,0.80,1.20,1.60,0.95,1.60,0.80,1.15,0.60,1.55,0.70,2.50,0.90,1.00,1.60,1.80,
20190228,9,AQI,67,237,200,151,99,130,202,59,72,111,174,161,265,145,71,210,144,164,250,43,74,66,50,110,125,73,60,74,80,70,84,70,103,83,59,24,98,58,54,25,25,33,17,20,86,33,64,53,145,120,115,46,61,73,52,49,82,63,115,83,66,103,26,27,79,88,19,47,26,105,69,64,93,213,60,54,116,71,190,170,129,312,93,159,156,116,211,217,179,276,241,86,213,95,245,223,20,70,26,50,32,41,43,61,14,84,86,55,53,84,90,134,179,191,70,145,176,171,221,187,127,242,153,83,73,79,136,146,115,183,133,156,60,67,39,61,51,27,33,21,26,75,93,46,88,83,86,74,27,30,187,174,78,96,133,67,79,68,79,151,250,141,173,95,173,365,223,211,415,280,170,,221,76,54,60,58,49,75,60,64,79,94,46,69,80,48,,199,79,103,70,201,164,200,190,157,113,107,72,34,88,64,52,69,60,148,151,207,114,171,144,90,111,171,101,113,262,311,183,344,276,193,39,380,29,110,113,114,90,74,24,91,105,82,80,94,81,105,66,14,11,48,26,23,22,49,53,18,45,59,29,31,130,120,100,124,130,153,98,85,66,76,106,44,96,52,51,47,52,50,39,64,101,27,61,59,40,47,23,41,42,10,21,86,17,11,29,27,61,65,69,69,73,57,63,55,,81,29,18,28,37,21,73,14,43,37,20,24,40,26,54,40,29,59,43,59,21,27,24,24,17,27,31,30,20,24,81,156,81,66,66,74,93,122,86,79,68,76,53,33,33,88,50,31,37,36,19,24,85,95,62,90,60,226,59,149,125,121,84,138,28,18,169,170,
20190228,9,PM2.5,37,187,150,116,74,99,152,22,32,84,132,123,215,111,45,160,110,125,200,30,54,48,35,83,95,53,43,54,59,51,62,51,77,61,42,16,73,41,38,16,14,19,10,14,64,23,46,37,111,91,87,32,44,52,36,33,55,45,87,61,48,77,15,15,58,65,10,20,4,79,50,46,69,163,43,38,88,37,143,129,98,262,69,121,119,88,161,167,135,226,191,55,163,71,195,173,14,51,18,26,14,29,21,41,10,62,64,39,30,62,58,102,135,144,50,111,133,130,171,141,94,192,117,61,53,58,104,112,87,138,101,119,43,46,27,44,36,18,19,15,11,55,69,21,65,61,64,54,19,16,141,132,57,72,101,41,36,45,58,55,200,108,131,71,131,315,173,161,372,230,129,,171,56,38,43,39,34,55,43,46,58,70,32,50,59,16,,149,58,77,51,151,108,150,143,120,85,80,38,24,45,43,35,19,43,113,116,157,86,130,110,67,84,130,76,85,212,261,138,294,226,145,22,330,20,83,85,86,67,54,17,68,79,60,59,70,60,79,48,10,6,31,18,16,12,34,37,11,23,42,20,22,99,91,75,94,99,117,73,63,42,56,80,26,72,34,28,33,33,31,27,46,76,19,44,42,28,33,16,22,28,7,15,64,10,4,20,19,44,47,50,50,53,40,45,39,,60,20,6,16,25,15,53,10,30,26,6,17,22,7,29,15,19,31,30,42,15,18,12,9,9,4,7,10,4,7,60,119,60,48,48,54,69,71,64,35,49,56,35,14,16,65,33,22,26,13,8,6,63,71,40,47,32,176,31,68,41,66,28,105,6,9,128,129,
20190228,9,PM2.5_24h,79,95,156,90,84,126,129,27,27,90,139,154,165,133,39,161,67,136,244,29,42,41,28,36,67,45,37,44,42,36,47,34,50,42,28,35,49,33,31,19,15,14,13,15,42,47,42,27,102,46,98,22,43,69,31,29,79,43,42,50,40,114,28,15,66,51,13,17,13,82,48,43,54,129,51,44,53,32,102,91,96,129,57,90,125,90,166,184,78,174,194,46,118,40,149,173,16,40,23,26,30,33,36,46,45,60,55,51,20,53,46,108,130,123,22,111,152,110,135,114,493,278,169,53,47,41,119,117,72,136,76,111,53,43,30,46,41,11,31,14,15,43,55,14,61,58,47,64,14,12,158,147,80,74,103,41,39,46,47,58,198,100,75,29,80,189,178,154,242,172,52,,66,48,32,34,36,30,47,35,36,41,53,21,29,32,15,,89,53,59,52,133,70,109,124,120,98,55,71,17,56,31,75,16,43,87,125,143,56,125,130,60,63,135,66,58,176,211,272,278,316,182,45,331,27,56,57,64,47,25,12,57,56,49,33,54,28,55,53,15,14,26,43,14,37,34,21,15,22,35,23,16,114,98,78,76,71,75,58,58,39,57,70,25,56,28,24,38,32,36,47,42,74,21,44,40,38,42,16,37,30,20,39,50,10,12,16,38,31,45,58,53,48,52,45,42,,51,15,11,12,40,22,43,13,17,14,8,18,16,8,31,25,17,25,28,31,13,19,19,12,12,8,12,16,4,5,42,96,57,49,41,44,72,81,55,39,52,36,33,23,22,56,36,33,40,20,9,10,57,62,38,42,26,128,33,71,44,88,36,65,14,7,161,106,
20190228,9,PM10,83,241,260,179,137,191,234,67,93,164,177,165,303,169,92,224,139,140,215,38,71,63,44,114,190,68,68,68,64,66,113,77,130,82,60,22,98,50,53,25,25,33,17,20,61,28,56,52,175,147,117,37,,95,53,49,113,70,144,73,74,96,26,27,75,96,19,47,20,139,87,68,126,158,,41,141,91,213,172,115,305,71,175,186,157,179,237,235,330,267,121,194,110,256,219,14,64,22,50,32,41,43,72,13,60,91,51,55,108,129,152,202,226,90,169,185,190,286,160,203,253,145,,71,50,142,158,107,224,132,151,59,83,36,42,43,27,33,21,26,80,77,46,92,80,94,75,26,30,166,124,61,87,158,83,108,86,79,252,267,162,205,114,192,402,301,231,438,323,185,,273,80,34,61,65,42,75,58,57,80,88,42,75,82,48,,221,77,134,88,245,277,221,218,150,138,164,94,27,126,78,54,88,63,155,134,186,134,180,123,81,116,178,106,91,248,324,203,351,228,212,39,,,106,114,109,74,60,14,72,104,114,80,96,68,,50,12,11,48,,20,22,47,,18,45,55,29,31,146,146,90,111,143,154,100,110,81,97,98,44,80,53,51,38,54,50,,,85,25,57,58,39,44,23,41,42,,11,88,10,9,20,22,64,72,58,68,71,64,66,45,,71,26,18,28,37,19,63,13,42,32,17,20,40,26,58,40,29,68,41,54,19,27,24,,17,13,31,30,8,5,98,142,58,70,58,81,98,194,109,107,,47,55,33,16,67,50,29,33,36,19,18,66,73,73,130,69,237,67,247,199,192,118,135,28,,167,180,
20190228,9,PM10_24h,96,130,247,148,149,205,187,61,68,143,198,210,241,184,89,210,95,153,295,40,56,53,38,57,110,50,60,62,53,48,71,50,81,59,40,44,61,44,51,29,26,23,17,22,40,69,53,40,157,85,118,28,52,137,49,47,161,64,78,67,56,137,43,30,88,74,24,33,39,135,68,65,109,165,65,52,111,77,133,126,114,160,64,133,182,139,181,239,136,257,271,95,154,68,200,229,20,52,34,46,48,44,47,59,68,79,81,79,43,97,90,144,180,173,52,163,202,161,162,133,448,340,205,35,55,42,156,150,91,201,100,131,50,74,40,44,54,15,47,20,29,60,59,31,80,75,65,82,21,32,158,163,96,83,139,98,117,104,66,241,258,153,127,54,123,240,301,223,298,266,77,,115,68,47,53,58,46,67,54,48,56,72,38,46,44,27,,117,74,95,88,195,168,160,176,157,133,146,108,22,124,66,95,60,72,118,170,174,90,160,147,75,91,160,99,72,216,264,327,324,319,250,80,365,68,77,77,83,55,22,18,65,82,86,46,78,31,38,63,31,26,43,66,21,53,48,16,23,41,46,35,26,147,140,98,85,92,90,83,89,63,85,93,44,87,47,43,36,48,56,52,35,85,30,55,61,55,53,31,50,47,31,63,74,13,18,18,57,46,60,69,64,76,73,62,50,,66,23,17,23,66,26,55,21,35,18,13,29,41,28,48,44,27,42,42,51,22,34,56,14,23,17,43,28,7,11,72,121,68,65,58,62,115,167,73,108,70,43,50,49,28,62,47,44,43,37,20,37,92,77,61,141,74,167,62,269,224,291,161,94,34,11,189,150,
20190228,9,SO2,6,29,29,42,39,12,28,16,13,15,30,31,62,27,23,88,36,35,28,6,7,8,8,37,25,9,13,13,8,7,6,8,8,9,7,8,15,7,7,4,4,6,4,6,3,4,5,5,25,20,11,5,4,6,4,6,11,6,10,13,9,13,7,5,11,11,9,21,3,9,20,12,14,7,11,8,54,21,26,111,22,193,10,26,25,20,39,39,65,24,36,24,22,18,32,47,6,11,4,4,7,10,6,8,7,24,29,9,17,10,61,26,24,69,44,46,34,38,83,24,24,17,14,5,8,10,10,18,21,18,11,11,10,17,4,17,2,7,6,9,2,9,11,19,16,8,5,6,12,14,7,18,11,9,7,4,5,22,4,7,30,20,37,12,37,36,33,38,19,63,25,,18,13,9,14,8,10,6,12,9,17,9,11,8,2,4,,74,6,13,2,43,134,59,41,52,45,101,15,4,56,27,7,9,13,70,39,57,43,45,28,44,36,14,22,17,22,22,12,20,15,6,8,11,5,9,21,16,12,9,12,8,4,94,6,4,6,5,6,7,7,16,8,6,6,13,8,3,7,11,5,23,13,15,16,8,12,8,7,7,10,8,14,4,13,6,3,5,7,4,7,10,11,4,5,4,3,8,9,7,7,7,8,22,7,7,7,3,10,13,11,4,10,8,11,5,,6,10,19,20,15,21,1,10,2,32,5,5,17,7,6,9,15,50,8,5,5,6,8,7,3,4,8,3,4,3,22,24,19,46,14,13,13,18,5,24,5,45,6,22,8,10,20,11,10,42,7,5,12,18,11,15,16,12,6,8,5,8,21,24,3,2,13,2,
20190228,9,SO2_24h,8,20,35,33,37,22,29,13,9,17,33,27,44,30,18,58,27,21,25,5,7,5,8,15,14,7,8,9,6,5,5,5,5,8,6,6,9,5,6,4,5,5,4,6,3,5,6,3,23,15,11,5,4,7,4,6,12,6,6,9,6,16,9,5,10,7,10,13,4,7,12,13,19,9,10,7,27,22,19,45,22,63,10,22,25,16,28,41,24,22,32,14,23,10,22,32,6,9,4,4,7,7,7,6,8,15,14,10,11,12,37,21,32,39,17,50,37,37,54,15,37,17,17,4,10,9,11,16,13,15,12,10,7,9,5,6,2,7,6,7,2,6,9,17,10,7,4,4,13,12,7,12,11,6,6,9,5,31,7,5,36,21,26,9,22,29,26,31,19,48,14,,12,10,7,14,5,21,6,8,7,10,6,9,7,1,3,,55,4,10,7,22,57,45,15,38,27,89,19,3,31,21,14,7,13,65,46,39,30,24,16,22,23,16,15,15,17,20,19,14,21,20,12,12,28,7,14,13,12,9,10,9,3,10,6,5,8,7,7,10,7,12,10,5,6,13,7,4,8,9,6,12,13,14,17,6,8,6,8,6,8,25,11,4,8,5,2,5,6,5,7,12,4,5,5,3,3,7,10,8,11,8,11,24,6,7,6,5,8,9,8,5,8,8,9,6,,5,9,20,16,19,19,2,9,3,21,4,5,10,7,5,9,13,17,7,6,4,7,8,6,4,4,9,4,6,3,8,18,16,35,19,15,10,15,7,21,11,15,8,11,11,10,18,15,10,23,4,6,17,16,8,15,20,14,12,9,6,12,22,28,4,2,18,9,
20190228,9,NO2,57,110,88,91,70,51,84,21,42,87,81,56,82,77,60,91,87,59,49,56,44,57,35,74,61,40,55,52,41,36,37,32,60,47,39,48,54,42,37,31,18,34,25,32,51,27,17,28,68,76,75,43,30,44,42,40,47,48,66,67,50,39,25,17,37,57,20,38,7,62,64,61,61,76,26,37,72,66,71,61,51,114,29,69,66,57,87,77,60,87,102,52,70,78,67,90,20,33,12,21,18,19,17,43,26,36,56,39,35,33,51,66,54,80,44,80,54,64,78,48,31,54,41,40,39,35,53,56,42,86,59,48,30,47,30,41,24,26,14,18,6,47,36,61,45,24,48,35,25,18,58,44,36,39,50,37,63,51,45,38,75,64,87,62,76,76,67,58,90,120,56,,62,57,29,49,50,43,34,56,42,43,42,20,41,21,44,,79,33,49,28,70,77,72,65,70,53,72,29,17,53,58,23,18,16,55,66,78,43,55,61,42,31,26,20,33,48,44,37,68,28,61,19,38,9,53,48,76,41,16,18,52,62,73,46,62,37,51,34,25,14,25,24,15,19,36,19,21,20,33,16,27,46,69,31,35,54,52,53,49,34,27,52,33,59,29,36,26,30,27,29,28,33,25,28,13,19,20,16,25,16,14,12,31,10,18,16,18,52,31,39,27,33,35,50,21,,42,17,8,17,26,19,17,19,15,22,7,21,18,20,32,16,44,35,18,30,18,25,11,7,10,4,10,1,15,8,34,79,38,51,47,51,48,43,34,45,23,42,29,36,9,54,25,10,31,28,24,20,50,43,63,41,71,103,19,38,5,27,33,73,17,18,35,44,
20190228,9,NO2_24h,58,79,87,72,80,45,79,17,30,68,75,66,87,70,49,91,67,52,56,48,40,54,24,52,50,26,52,47,32,25,31,21,43,52,44,54,55,48,47,31,21,44,35,28,43,32,27,32,66,68,47,33,25,83,29,27,76,44,40,53,30,72,32,10,38,52,15,23,8,50,63,36,56,63,22,32,56,35,61,44,50,73,31,60,52,49,60,69,46,65,86,40,60,60,40,83,21,27,8,12,29,11,21,31,38,28,36,42,28,27,41,38,49,63,21,68,67,68,80,32,57,72,43,56,50,32,49,50,32,59,38,43,26,36,21,24,15,19,17,18,6,39,29,31,38,20,39,20,21,10,48,40,44,36,49,22,32,41,30,26,66,46,74,48,52,46,56,50,63,87,36,,47,59,24,42,41,35,40,46,47,37,39,15,44,22,40,,59,25,34,41,54,52,64,42,64,54,56,35,8,38,40,26,6,11,42,70,70,37,49,38,36,28,23,20,27,47,34,42,44,43,64,17,36,14,45,32,57,32,15,22,40,41,50,34,45,34,40,25,21,14,23,22,17,21,34,22,18,22,29,16,27,41,61,32,31,40,38,29,34,32,33,49,28,29,12,24,26,25,28,27,23,22,20,24,11,14,18,15,37,24,19,22,28,18,18,19,26,34,28,27,34,42,24,44,26,,33,7,13,11,33,13,15,16,15,17,8,15,18,9,25,11,18,12,17,24,8,19,14,5,9,5,8,2,10,5,30,70,28,43,32,31,34,31,28,31,22,23,29,23,14,30,20,17,22,17,9,23,34,34,28,39,36,49,28,40,10,40,30,54,10,14,39,24,
20190228,9,O3,19,10,8,20,22,13,17,56,19,6,28,39,9,14,16,23,16,38,29,39,30,20,45,13,17,31,17,24,24,33,39,56,9,14,34,6,15,19,30,25,62,25,25,26,13,49,72,35,37,20,16,20,33,4,37,32,5,8,10,10,11,4,5,37,11,7,55,49,84,8,7,22,14,26,33,27,14,23,20,20,25,25,56,15,25,31,16,22,17,31,9,21,14,10,62,17,25,45,59,33,12,61,16,22,8,23,16,3,9,53,10,26,26,15,23,37,29,17,22,56,55,32,32,23,27,9,19,13,35,5,16,22,10,12,33,17,33,64,47,27,53,9,24,13,4,15,9,18,50,50,7,32,6,10,6,48,26,38,45,17,17,30,13,40,14,23,38,71,20,19,76,,60,25,39,38,29,41,38,13,12,24,23,65,30,17,20,,23,12,30,69,16,16,12,26,13,15,18,39,50,24,23,50,36,99,29,38,27,27,48,18,8,28,31,67,59,45,51,64,30,71,83,47,24,59,12,12,6,39,52,42,30,15,11,21,8,23,29,47,3,17,11,42,13,24,27,21,48,57,25,25,34,17,10,45,28,16,6,30,24,13,15,8,21,19,16,18,20,16,13,52,47,27,36,53,51,37,18,11,6,8,19,7,5,53,31,21,4,15,19,9,2,4,13,33,12,,10,31,51,67,38,17,66,24,32,66,64,35,42,53,13,17,12,19,26,15,54,5,34,78,39,86,32,82,63,78,8,9,18,12,11,23,36,16,31,29,44,26,52,32,104,4,73,58,23,43,52,78,14,26,22,31,11,5,65,21,64,43,35,12,47,59,64,31,
20190228,9,O3_24h,98,93,69,93,61,131,87,103,95,101,74,115,79,120,91,90,62,91,119,72,63,57,94,98,89,88,59,67,74,86,78,90,101,28,63,76,36,61,68,77,80,40,38,61,57,102,101,56,112,100,128,62,75,68,87,104,62,91,89,100,105,15,8,80,37,61,67,83,96,92,75,102,109,88,76,68,99,107,89,90,125,97,136,82,122,131,125,143,106,129,121,126,109,106,135,126,34,125,83,83,90,105,97,89,8,145,123,13,86,124,95,141,146,117,76,111,82,66,97,122,204,161,111,40,55,52,123,132,122,147,103,136,95,81,73,100,94,85,89,34,87,88,52,88,32,47,85,86,66,77,110,122,75,79,122,113,115,119,119,88,134,138,139,105,138,136,150,185,159,133,114,,158,58,81,87,74,147,77,66,54,76,67,111,36,22,56,,98,74,107,132,154,109,128,139,127,119,116,102,86,109,107,83,106,126,102,91,81,100,98,99,72,93,93,103,108,114,129,137,132,122,175,99,85,84,75,68,89,49,67,53,80,73,96,60,97,42,66,133,43,68,79,103,29,50,45,44,51,88,50,47,36,119,130,115,99,109,105,98,93,54,84,86,65,92,70,72,51,81,55,88,73,91,63,81,87,78,82,16,20,14,21,8,72,53,39,30,16,79,69,53,39,68,70,69,58,,63,108,68,101,99,48,103,65,85,87,68,87,95,80,88,91,91,100,96,106,84,81,76,90,93,103,43,106,80,99,99,100,103,85,89,107,110,128,101,110,76,99,95,99,116,106,115,89,109,121,99,91,107,103,94,100,99,147,92,102,87,101,73,102,84,76,97,102,
20190228,9,O3_8h,17,7,5,14,8,24,11,62,19,6,41,37,6,11,10,15,26,29,32,49,34,26,54,16,11,41,22,34,32,38,21,56,6,16,40,6,20,21,26,26,62,18,19,25,25,66,64,30,37,23,46,32,39,4,39,45,4,4,8,4,25,3,4,40,18,5,57,48,86,13,5,50,18,32,42,41,12,39,13,13,25,17,62,8,30,35,16,16,14,49,9,25,10,10,84,11,28,31,67,43,16,58,20,8,5,17,17,3,16,54,10,73,33,14,31,35,21,13,13,60,40,28,28,14,19,16,30,14,39,12,36,32,18,13,32,22,43,75,38,28,59,17,31,41,5,16,10,26,59,49,7,32,4,16,8,64,43,47,59,25,8,56,11,44,26,23,22,68,26,32,97,,37,31,45,47,35,49,37,29,20,36,31,67,28,19,36,,29,12,27,48,19,12,12,33,8,6,13,43,56,39,24,40,41,109,19,27,25,17,37,8,16,26,31,51,62,41,59,66,54,59,82,54,24,66,11,22,5,45,61,38,24,11,9,22,4,33,32,68,17,19,17,57,13,34,32,30,42,69,29,33,29,20,14,54,29,8,11,43,10,15,11,3,29,36,30,32,26,10,17,58,56,43,48,58,58,57,21,12,5,6,12,5,3,43,28,22,4,32,26,24,3,4,25,31,16,,7,46,43,69,40,29,78,38,37,79,65,39,48,65,18,28,40,40,30,23,67,10,51,78,46,90,33,83,68,86,11,6,25,19,19,48,47,20,36,37,56,54,46,46,98,22,73,55,33,43,77,76,30,31,41,24,29,24,60,17,62,30,33,23,52,66,72,53,
20190228,9,O3_8h_24h,23,12,5,28,8,51,16,70,33,29,58,37,22,14,10,20,38,35,41,59,42,48,63,25,21,54,40,47,42,51,31,59,7,19,53,9,26,26,27,34,75,18,19,29,37,88,64,31,39,29,63,41,47,4,47,54,4,6,13,4,60,4,4,44,22,5,58,52,87,32,8,65,24,49,50,49,14,56,49,13,41,18,65,9,58,69,38,17,26,59,17,43,12,10,105,18,28,48,75,52,16,75,53,8,5,35,44,3,24,63,18,111,36,20,50,38,26,16,13,79,59,50,39,15,28,25,61,25,59,43,57,41,31,16,44,35,63,76,44,29,61,20,34,64,7,20,22,46,59,54,23,37,4,23,25,68,46,53,75,28,8,68,12,53,37,56,22,75,29,51,107,,38,46,53,67,46,59,44,47,28,55,43,72,28,19,42,,46,22,53,48,30,19,17,47,15,6,23,53,70,42,51,41,50,111,20,30,28,23,44,8,18,31,43,51,90,55,106,91,63,75,104,60,31,84,20,36,19,48,63,41,28,25,17,43,5,36,49,95,23,20,28,73,14,41,34,42,43,86,39,39,29,39,18,69,43,14,23,53,14,16,18,4,33,46,45,32,31,35,21,59,59,57,58,61,63,67,27,13,5,6,12,5,4,43,28,24,4,41,33,38,4,5,33,35,25,,10,50,55,87,54,43,83,52,43,83,65,55,51,69,23,51,75,69,47,37,72,20,57,78,51,91,36,83,75,90,45,7,35,24,26,68,52,48,62,48,63,66,62,50,98,71,73,55,42,43,80,76,48,41,80,28,30,63,60,19,62,30,35,30,52,66,74,76,
20190228,9,CO,0.84,2.49,2.06,1.55,2.53,1.13,2.23,0.90,1.05,1.70,1.30,1.20,2.77,1.67,1.65,3.91,1.86,1.58,1.38,0.64,0.82,1.14,0.50,2.25,1.50,0.50,1.25,0.83,0.63,0.67,0.90,0.75,1.30,1.00,0.84,1.07,0.83,1.10,1.10,0.70,0.57,0.83,0.50,0.87,0.66,0.56,0.60,1.15,1.21,1.24,0.88,0.59,0.83,1.48,0.72,0.68,1.53,1.47,2.00,1.08,1.10,1.40,1.25,0.53,0.95,1.11,0.80,0.70,0.48,1.38,2.00,2.07,1.86,2.18,0.70,0.66,3.58,1.56,2.17,2.00,1.50,3.32,0.70,1.15,1.13,0.95,2.17,2.10,1.32,2.38,2.32,1.30,1.43,1.10,1.83,1.90,1.28,1.10,0.53,0.93,1.05,0.73,1.40,2.80,1.35,1.70,1.45,2.60,2.30,0.87,4.35,2.62,2.10,2.30,1.23,2.88,1.98,3.50,2.02,1.45,1.10,1.44,0.80,0.63,0.68,0.95,0.97,1.43,0.90,1.93,1.13,1.33,0.90,1.75,0.84,1.15,0.60,0.93,0.77,1.22,0.50,0.78,0.82,0.82,0.87,0.90,1.13,0.98,0.76,0.75,1.37,1.30,1.17,1.19,1.40,1.30,1.10,0.75,0.80,0.70,2.50,1.20,1.90,0.95,1.50,3.15,2.45,2.30,4.30,4.10,1.95,,2.95,1.17,0.60,0.60,1.30,0.55,1.00,1.37,2.30,1.40,1.25,0.20,1.10,1.00,0.95,,2.15,0.85,1.07,0.80,2.88,1.66,1.85,1.94,1.60,1.23,2.33,0.67,0.50,1.40,0.85,0.50,0.45,0.75,1.30,2.23,2.77,2.00,1.87,2.30,1.90,1.50,0.60,0.70,1.00,1.37,1.43,1.33,2.05,1.00,1.10,0.60,1.50,0.40,0.92,0.86,1.73,0.70,0.70,0.70,0.60,0.97,1.50,0.70,0.60,0.70,0.73,0.75,1.40,1.07,1.33,0.60,0.75,0.95,1.13,0.60,1.43,0.72,1.27,0.90,1.10,1.07,1.40,0.77,1.23,1.05,1.28,0.73,0.90,1.08,1.20,1.20,0.50,1.45,0.95,0.70,0.63,1.17,1.10,0.68,0.85,1.17,0.88,0.70,1.02,1.37,0.80,1.32,1.70,1.13,1.00,1.15,1.80,0.80,1.05,1.05,1.15,1.27,0.83,1.13,1.17,1.03,2.50,0.80,0.80,,1.02,0.70,0.40,0.75,0.85,1.03,0.85,0.90,0.30,0.80,0.50,0.55,1.05,0.70,0.65,0.90,0.85,1.00,0.75,0.85,0.65,0.90,0.65,0.50,0.40,0.50,0.65,0.30,0.40,0.45,2.00,2.17,1.05,1.30,1.30,1.05,1.40,1.15,0.85,0.90,1.05,1.65,1.10,0.95,0.70,0.90,0.70,0.70,1.30,1.20,0.50,0.40,1.03,1.10,1.90,1.60,1.60,1.85,0.30,1.70,0.40,1.00,0.70,3.00,1.30,1.00,1.40,2.40,
20190228,9,CO_24h,0.95,1.48,1.96,1.58,2.46,1.27,1.68,0.75,0.78,1.32,1.47,1.60,1.97,1.61,1.22,2.53,1.19,1.24,1.30,0.63,0.77,0.74,0.47,0.85,1.08,0.43,0.88,0.75,0.45,0.58,0.86,0.47,0.60,0.96,0.76,0.93,0.70,0.83,0.83,0.50,0.53,0.73,0.60,0.90,0.60,0.66,0.60,1.08,1.05,0.81,0.76,0.61,0.76,1.70,0.64,0.57,1.61,1.10,1.20,0.94,0.72,1.77,1.30,0.50,0.85,0.84,0.69,0.62,0.52,1.12,1.23,1.27,1.20,1.72,0.72,0.64,1.84,0.80,1.20,1.58,1.30,1.85,0.60,1.10,1.00,0.90,1.53,1.97,0.92,1.50,1.82,0.95,1.07,0.60,1.27,1.48,1.32,0.82,0.57,0.67,1.00,0.67,1.20,1.55,2.20,1.05,1.17,2.20,1.33,0.83,2.10,1.58,2.06,1.55,0.55,2.63,1.90,2.98,1.60,1.00,2.50,1.64,0.86,0.77,0.70,0.73,0.84,1.37,0.80,1.50,0.77,1.03,0.80,1.05,0.82,1.00,0.57,1.03,0.90,1.17,0.50,0.65,0.74,0.64,0.73,0.77,0.90,0.76,0.68,0.60,1.10,1.23,1.47,1.00,0.93,0.90,0.60,0.93,0.72,0.73,2.10,1.20,1.10,0.60,0.70,1.85,2.40,2.20,2.60,2.80,1.30,,1.70,0.83,0.60,0.60,0.90,0.70,1.00,0.97,2.10,1.45,1.20,0.20,1.00,1.10,0.70,,1.65,0.60,0.85,0.80,1.48,1.08,1.30,1.34,1.35,1.13,1.47,0.83,0.30,0.95,0.55,0.93,0.25,0.60,1.04,2.42,1.70,1.27,1.30,1.30,0.90,1.35,0.65,0.45,0.73,1.43,1.40,1.67,1.45,1.38,1.30,0.75,1.50,0.40,0.72,0.62,0.87,0.63,0.63,0.70,0.60,0.57,0.80,0.55,0.45,0.60,0.70,0.80,1.27,0.87,0.90,0.70,0.80,1.13,1.13,0.60,1.43,0.85,1.37,0.95,1.15,0.90,1.20,0.83,1.00,0.70,0.88,0.57,0.57,1.10,1.05,0.97,0.60,0.75,0.80,0.65,0.63,0.77,1.05,0.86,0.97,1.00,0.97,0.82,1.03,1.13,0.85,1.40,1.53,1.50,1.17,1.75,1.45,0.75,1.05,1.00,1.15,0.90,0.70,0.98,0.83,0.73,0.85,0.63,0.70,,0.75,0.40,0.45,0.63,1.30,0.83,1.00,0.80,0.30,0.85,0.50,0.50,0.85,0.55,0.45,0.75,0.65,0.43,0.65,0.60,0.60,0.80,0.70,0.50,0.50,0.45,0.60,0.40,0.40,0.35,1.17,1.60,0.90,1.10,1.00,0.80,1.10,0.85,0.75,0.75,0.90,0.90,1.10,0.80,0.90,0.80,0.70,0.70,0.90,1.00,0.50,0.30,0.63,0.80,1.25,1.70,0.95,1.60,0.70,1.20,0.60,1.60,0.65,2.43,0.90,1.00,1.60,1.80,
20190228,10,AQI,64,262,196,130,83,141,180,61,75,81,140,154,288,148,78,176,166,144,252,44,70,66,51,120,124,70,63,75,83,84,83,70,109,84,59,26,96,60,54,27,23,37,29,20,89,32,66,50,139,128,123,49,64,71,48,49,85,66,122,89,67,93,32,30,76,91,21,44,28,124,73,60,103,207,66,55,126,84,126,167,101,251,79,164,156,113,202,213,184,274,273,85,222,101,256,239,20,68,27,53,38,47,38,51,17,99,66,61,60,87,101,149,183,201,88,140,187,199,223,140,167,171,135,79,68,66,144,153,113,186,116,153,59,68,40,63,47,31,42,25,24,80,90,52,105,85,90,80,27,33,213,184,88,101,145,76,93,83,83,160,259,145,216,105,193,368,188,199,427,253,141,196,225,70,54,61,61,51,79,65,63,79,90,44,59,80,47,,173,83,90,81,210,184,201,203,160,116,120,67,34,104,59,51,71,64,91,145,145,106,184,183,109,124,145,65,104,193,253,159,305,230,166,35,392,34,98,114,125,94,86,29,86,101,11,83,89,89,108,58,10,12,53,17,27,25,47,49,17,39,58,29,44,140,130,100,121,113,157,89,83,67,86,105,50,130,53,50,50,58,59,40,66,110,24,63,58,48,51,25,46,43,12,20,74,20,13,27,27,61,69,76,73,73,59,63,56,,85,30,14,27,48,17,73,17,39,46,18,24,41,21,63,44,36,67,40,57,29,34,25,25,40,27,43,34,21,23,89,179,86,64,91,75,106,93,84,83,78,105,59,36,33,95,54,73,44,38,36,27,99,96,64,102,71,226,57,153,118,122,106,129,45,18,176,190,
20190228,10,PM2.5,36,212,147,99,61,108,136,22,29,53,107,118,238,113,55,133,126,110,202,31,51,48,36,91,94,51,45,55,61,62,61,51,82,62,42,18,72,43,38,17,14,20,15,14,66,20,48,32,106,97,93,34,46,47,33,34,57,48,91,66,48,69,15,15,56,68,12,21,6,94,53,43,77,157,48,39,96,46,96,127,76,201,58,125,119,85,152,163,139,224,223,54,172,76,206,189,14,49,19,31,18,21,19,36,10,74,48,44,35,63,70,114,138,151,54,107,141,149,173,107,127,130,103,58,49,48,110,117,85,140,88,117,42,48,27,45,33,22,19,17,12,59,67,26,79,63,67,59,19,18,163,139,65,76,111,47,41,61,61,49,209,111,166,79,145,318,138,149,391,203,108,147,175,51,38,44,44,36,58,47,45,58,67,23,42,59,17,,131,61,67,53,160,139,151,153,122,88,83,36,24,67,38,26,17,46,67,111,111,65,139,138,82,94,111,46,78,145,203,121,255,180,126,17,342,24,73,86,95,70,64,20,64,76,,61,66,66,81,41,6,6,33,12,19,16,33,34,10,22,41,20,25,107,99,75,92,85,120,66,61,44,64,79,28,99,36,27,35,41,42,28,48,83,16,45,41,28,36,11,31,30,8,14,54,14,3,19,19,44,50,56,53,52,42,43,40,,63,21,10,15,29,12,53,12,27,32,9,17,22,7,34,19,21,46,26,39,20,20,16,11,28,4,13,15,5,6,66,135,64,46,68,55,80,67,62,41,57,79,34,19,16,71,38,53,31,18,19,7,74,72,41,64,34,176,33,72,43,62,37,98,11,7,133,143,
20190228,10,PM2.5_24h,76,100,158,90,84,121,133,26,25,88,135,150,171,128,40,158,70,135,244,29,43,42,28,39,69,45,38,45,43,38,49,35,51,40,29,34,49,33,32,18,16,14,12,15,44,46,41,27,103,49,96,22,43,69,32,29,78,41,43,51,40,114,26,15,66,52,13,17,12,83,48,43,55,131,51,43,54,32,100,95,90,132,58,93,121,90,162,185,81,181,198,45,121,42,155,172,16,41,22,26,29,33,38,45,43,61,55,51,21,52,46,108,131,124,22,112,152,112,136,113,489,273,168,54,48,42,114,114,72,134,76,108,50,42,29,45,40,11,31,14,15,44,56,15,62,59,49,63,14,12,158,146,78,73,101,41,40,47,48,58,197,100,89,38,81,208,185,158,250,175,64,73,77,49,33,34,36,31,50,36,36,45,56,20,29,33,14,,85,54,59,52,132,72,110,124,116,94,55,68,18,56,31,71,16,42,84,125,141,53,124,127,58,63,135,62,58,176,213,267,279,310,183,41,320,27,58,59,65,47,26,12,58,58,48,34,55,29,57,53,14,14,26,42,14,37,33,21,14,22,35,22,17,112,95,76,78,72,78,58,59,38,57,69,24,58,28,23,37,32,35,47,43,73,21,45,41,38,42,15,37,31,20,39,50,10,12,16,37,32,45,59,54,48,52,45,43,,52,16,11,13,38,23,44,13,17,15,8,18,17,8,31,24,17,26,28,31,13,19,19,12,13,8,11,15,4,5,44,98,57,48,41,44,73,80,56,40,53,37,33,23,22,56,35,34,39,20,9,10,57,62,39,43,28,130,34,72,44,88,35,65,14,7,160,109,
20190228,10,PM10,77,250,269,167,116,203,201,71,100,112,154,165,360,167,105,192,162,135,222,43,68,60,45,130,163,73,75,70,68,74,107,79,134,84,59,25,97,53,56,27,23,37,29,16,67,32,58,50,177,157,123,42,,92,48,46,119,65,193,84,84,55,32,30,73,102,21,44,26,150,91,70,135,170,48,40,166,117,110,168,94,334,62,182,191,155,180,231,233,354,329,120,233,142,266,272,16,59,26,55,38,47,38,51,17,85,75,66,70,123,151,168,219,234,125,163,195,227,268,126,247,177,124,,62,,148,174,116,228,142,156,57,86,40,50,47,27,42,25,24,83,69,53,104,76,101,81,26,33,190,,69,82,173,102,135,90,78,269,281,175,269,129,230,406,325,222,475,345,146,256,291,78,42,59,70,48,73,70,50,81,88,44,67,82,47,,190,81,113,111,265,315,242,236,164,133,189,84,27,157,67,51,92,75,132,194,194,161,197,156,110,127,153,79,85,171,265,194,287,191,188,35,262,,112,119,124,74,72,26,73,104,,77,96,72,,54,9,12,55,,20,25,46,,17,39,52,28,44,150,154,90,95,133,162,91,89,84,100,110,50,118,56,50,38,63,58,31,,88,24,53,61,48,46,25,46,38,12,,92,16,13,27,25,70,64,60,71,96,66,76,46,,73,22,6,27,48,16,66,17,37,38,17,20,41,21,75,44,36,84,40,63,,34,25,11,39,15,43,34,9,9,117,162,64,75,88,83,113,135,103,115,43,92,68,36,21,90,52,68,40,38,36,27,84,82,78,153,92,249,63,256,185,194,162,132,45,8,171,190,
20190228,10,PM10_24h,95,136,251,149,148,199,191,62,66,143,192,203,250,179,89,205,97,152,292,39,57,54,37,61,113,50,60,62,53,49,73,52,84,58,41,42,63,45,51,29,26,23,16,22,41,67,52,40,158,88,113,28,52,136,49,48,158,62,80,68,57,138,43,30,88,76,24,34,38,135,68,65,109,168,64,52,113,77,131,130,105,167,64,137,179,139,179,241,141,266,277,95,157,72,207,229,20,52,34,46,48,44,51,59,68,80,81,80,44,97,92,144,183,174,55,164,202,165,163,131,445,335,204,36,55,42,149,147,90,200,102,131,50,73,39,45,51,16,47,20,29,62,59,32,81,76,67,82,21,33,159,163,95,83,139,98,118,104,68,246,256,153,133,63,125,261,311,229,307,273,90,131,131,68,46,52,58,46,70,52,49,59,75,37,45,44,26,,111,75,96,89,194,169,163,177,154,128,144,105,23,124,66,90,63,72,117,170,174,89,160,143,73,90,161,94,72,215,267,323,326,314,251,73,341,68,80,80,85,55,23,18,66,83,86,47,79,32,38,63,30,25,44,67,20,52,46,16,23,40,47,34,27,144,136,96,85,94,93,83,89,63,86,93,43,91,47,42,36,49,55,51,35,84,30,55,62,55,53,30,50,48,31,65,73,13,17,18,57,47,61,69,65,77,73,64,51,,66,23,17,24,63,26,56,21,35,20,13,29,42,28,47,44,27,43,42,50,22,34,57,14,23,16,43,28,7,11,79,123,68,65,57,63,114,166,75,108,69,43,51,49,26,62,47,46,43,37,20,37,89,75,63,141,76,171,62,269,224,290,161,94,35,10,189,154,
20190228,10,SO2,6,34,32,31,33,18,27,14,19,10,33,28,107,33,24,95,44,29,31,7,7,8,9,51,22,10,15,16,12,9,6,11,9,10,6,9,15,8,8,5,5,6,4,6,4,4,6,5,24,20,12,6,5,6,4,6,11,8,13,14,11,14,7,5,12,10,10,11,4,9,23,15,20,7,10,8,62,17,32,79,83,357,10,27,24,18,62,39,74,28,42,31,27,16,35,51,5,10,5,5,6,9,6,6,7,22,28,15,24,11,70,33,30,76,38,51,46,73,104,21,19,13,14,6,10,11,13,23,18,19,13,16,11,18,3,17,3,7,6,9,3,8,11,28,17,9,4,6,11,14,8,22,10,9,8,11,6,36,5,9,39,23,,16,38,36,42,49,31,64,22,27,25,13,9,16,11,11,7,16,10,17,10,11,9,2,4,,70,6,13,2,46,93,70,32,88,42,92,17,4,63,27,4,8,16,75,46,58,43,53,26,46,37,11,13,16,12,28,13,20,15,4,8,16,5,10,21,24,8,7,9,9,7,,8,4,6,5,5,6,5,15,7,5,8,14,10,3,6,12,5,28,16,18,14,8,11,8,8,7,11,9,16,5,27,6,2,6,7,4,7,12,8,4,5,4,3,9,8,7,8,7,7,21,7,7,7,4,10,15,8,5,11,7,12,5,,6,10,20,19,19,22,1,10,2,21,5,6,16,7,6,9,17,38,10,5,6,16,8,6,4,4,10,4,8,3,23,31,26,51,33,12,14,19,7,34,7,39,13,33,13,11,22,13,11,38,17,5,20,19,9,18,28,19,8,8,5,9,22,30,3,1,13,3,
20190228,10,SO2_24h,7,20,35,31,36,21,29,12,8,15,32,26,47,29,18,60,27,21,24,5,7,5,8,16,14,7,8,10,6,5,5,5,6,8,6,7,9,5,6,4,5,5,4,5,3,5,6,3,23,15,11,5,4,7,4,6,12,6,7,9,6,16,8,5,10,7,10,13,4,7,13,13,18,9,10,7,28,22,19,46,23,75,10,22,24,15,29,41,26,22,32,14,22,10,23,32,6,9,4,4,7,7,7,6,8,15,15,11,12,11,38,22,32,40,18,50,37,37,54,15,37,16,17,4,10,9,11,16,13,14,12,10,7,10,5,7,2,7,6,8,3,6,9,17,10,7,4,4,13,12,7,12,10,6,7,9,6,30,7,5,33,21,23,10,22,29,25,32,20,48,14,13,12,10,7,14,5,19,6,8,7,11,7,9,7,1,3,,54,5,10,6,24,57,45,16,40,26,83,19,3,32,21,13,7,13,66,45,40,30,25,16,22,24,16,15,15,17,20,19,14,21,20,11,12,28,7,15,13,12,9,10,9,3,10,6,5,8,7,7,10,7,11,10,5,6,13,7,4,8,9,6,13,13,14,16,6,8,6,8,6,8,25,11,4,9,5,2,5,6,4,7,11,4,5,5,3,3,7,10,8,10,8,11,23,6,7,6,5,8,9,8,5,8,8,9,6,,5,9,19,16,19,19,2,9,3,20,4,5,10,7,5,9,13,17,7,6,4,7,8,6,4,4,9,4,7,3,9,19,16,37,17,15,9,15,7,21,11,15,8,12,11,10,19,14,10,22,4,6,16,15,7,15,19,15,12,9,6,12,22,27,4,2,18,9,
20190228,10,NO2,45,107,88,83,73,54,75,22,34,75,58,48,97,69,54,89,97,51,50,57,47,58,33,81,43,37,56,56,40,35,36,31,60,45,38,50,59,45,32,26,19,34,20,29,57,29,24,26,54,76,68,45,30,44,42,40,49,52,82,79,45,36,24,18,38,60,22,25,6,64,70,57,57,66,26,38,65,43,58,54,43,118,33,70,54,37,64,71,62,83,97,44,66,80,56,92,19,25,12,18,19,16,15,32,25,30,44,36,42,26,54,64,60,77,41,69,65,77,96,33,33,37,27,36,32,31,58,54,31,84,58,44,33,51,26,42,22,24,17,21,5,49,33,62,44,24,41,30,26,17,59,49,36,37,52,32,71,39,72,37,70,57,79,65,63,65,54,53,109,106,39,74,48,59,29,49,59,42,34,60,38,41,43,17,32,23,40,,69,39,30,30,75,86,76,56,66,47,65,25,14,36,50,11,13,21,40,67,69,38,46,61,50,31,20,14,23,28,43,35,51,27,38,16,34,8,52,42,75,36,17,17,51,44,,44,55,32,39,32,20,14,28,20,13,19,35,17,23,19,29,15,29,43,63,24,30,44,52,31,40,33,27,54,31,59,24,30,24,30,27,30,28,30,27,25,13,23,29,16,25,14,16,12,28,10,16,14,17,53,33,33,34,37,33,51,22,,41,10,15,13,31,20,19,21,9,23,9,19,18,12,33,20,37,40,17,28,20,25,13,6,15,5,14,3,42,12,41,85,39,49,48,52,48,51,34,40,20,41,35,41,11,46,23,10,32,18,24,20,47,39,34,62,77,101,30,41,6,49,53,81,14,21,43,61,
20190228,10,NO2_24h,58,81,87,72,79,44,80,16,29,69,74,64,88,69,50,92,69,52,55,48,40,55,24,54,51,26,53,47,32,25,31,21,45,53,43,54,55,49,47,30,21,44,34,28,43,32,26,31,65,68,47,34,25,83,29,28,75,43,40,54,30,71,31,10,37,53,15,23,7,51,64,37,56,64,22,32,57,35,60,44,48,75,31,61,52,49,60,69,47,66,86,39,60,61,40,83,21,27,8,12,29,11,24,30,37,28,37,42,28,26,42,38,50,63,22,67,67,68,80,31,56,71,42,56,50,32,48,50,32,60,39,43,26,37,21,25,15,19,17,17,5,40,29,32,38,20,40,20,21,10,49,40,43,36,49,23,34,41,31,26,68,46,75,48,52,49,55,50,63,87,35,47,47,59,24,42,41,34,40,44,48,37,39,15,44,22,40,,57,27,34,40,54,53,64,42,64,52,57,33,9,38,40,25,7,11,42,70,70,37,49,38,36,28,23,19,26,47,34,42,45,43,64,16,35,14,46,32,59,32,15,22,41,42,51,34,45,33,39,25,22,13,24,22,17,20,33,21,17,22,28,16,27,41,61,31,31,41,39,29,35,32,33,49,28,30,12,25,26,26,28,27,23,22,20,24,11,14,18,15,38,24,19,22,28,18,17,18,26,35,28,28,34,42,24,44,26,,33,7,13,11,32,13,14,16,14,16,8,15,18,8,25,11,18,13,17,24,8,20,14,5,9,4,8,2,12,5,33,71,29,43,32,32,34,31,28,31,22,24,29,23,14,30,20,15,23,17,9,23,34,34,28,39,38,52,28,40,10,41,30,54,11,14,39,25,
20190228,10,O3,33,22,11,38,26,17,28,59,34,13,59,46,15,27,31,34,22,57,42,40,31,25,50,15,45,40,21,25,32,41,48,67,23,21,37,6,15,21,39,33,64,29,30,27,10,43,66,45,57,30,32,21,35,5,40,44,5,26,12,16,29,5,6,38,12,8,52,66,88,10,10,26,21,36,34,27,27,50,40,35,39,36,51,22,38,59,44,40,26,49,26,41,25,13,84,35,26,61,58,38,11,70,20,42,9,37,39,3,19,64,16,36,27,24,36,62,42,19,31,83,75,63,53,33,42,19,23,21,59,11,29,35,16,18,39,24,45,65,46,31,66,14,34,19,5,17,17,21,48,55,21,41,8,17,10,57,21,49,24,15,36,51,23,47,34,46,73,94,32,47,110,71,87,28,40,46,22,45,43,11,28,28,29,71,37,18,28,,38,19,64,71,18,22,19,44,21,28,26,49,61,49,40,75,44,98,49,50,46,39,62,32,11,34,44,84,86,75,54,77,47,79,99,52,32,59,21,23,18,37,51,46,38,42,29,20,33,28,38,45,7,18,17,43,16,24,28,22,52,61,30,27,34,25,22,64,44,39,10,56,62,17,20,16,25,29,30,28,35,33,9,49,46,31,35,56,51,39,18,13,7,10,17,8,9,54,36,25,5,21,20,14,5,5,22,35,11,,10,41,43,75,43,18,64,22,38,62,59,47,47,66,22,18,40,30,31,23,53,10,36,81,32,87,26,78,43,75,8,12,22,18,21,25,34,23,36,41,54,32,48,30,104,14,76,56,27,50,54,76,24,32,51,28,18,11,56,17,62,26,21,12,48,59,52,16,
20190228,10,O3_24h,98,93,69,93,61,131,87,103,95,101,74,115,79,120,91,88,62,89,119,72,63,56,94,98,89,88,57,65,74,86,78,90,101,29,63,76,36,60,68,77,80,34,38,61,57,102,101,58,112,100,128,62,75,68,86,104,62,91,89,100,105,15,8,80,37,61,67,83,96,92,75,102,109,88,76,68,99,107,89,90,125,97,136,82,122,131,125,143,106,129,121,126,109,106,135,126,34,125,83,83,90,105,104,89,9,145,123,13,86,124,95,141,146,117,76,111,82,66,97,122,204,161,111,41,55,52,123,132,122,147,103,136,95,81,73,100,94,85,89,36,87,88,52,88,32,47,85,86,66,77,110,122,75,79,122,113,115,119,119,88,134,138,145,105,138,136,150,185,159,133,114,157,158,57,81,86,74,147,77,66,52,76,65,111,37,22,56,,98,74,107,132,154,109,128,139,127,119,116,102,86,109,107,83,106,126,102,91,81,100,98,99,72,93,93,103,108,114,129,137,132,122,175,99,85,84,75,68,89,49,67,53,80,73,96,60,97,42,66,133,43,68,79,103,29,50,45,44,54,88,50,47,37,119,130,115,99,109,105,98,93,54,84,86,65,92,70,72,51,81,55,88,73,91,63,81,87,78,82,16,20,14,21,9,72,54,39,30,16,79,69,53,39,68,70,65,58,,63,108,68,101,99,48,103,65,85,87,68,87,95,80,88,91,91,100,96,106,84,81,76,90,93,103,43,106,80,99,99,100,103,85,89,107,110,128,101,110,76,99,95,99,116,106,115,89,109,121,99,91,107,103,94,100,99,147,92,102,87,101,73,102,84,76,97,102,
20190228,10,O3_8h,18,9,6,15,11,21,12,60,19,6,42,39,6,13,12,17,25,32,32,47,32,23,52,15,15,39,20,31,31,37,24,56,8,16,38,6,19,21,28,26,61,21,20,25,23,60,67,32,40,25,42,31,38,4,40,45,4,7,7,6,23,3,4,40,17,5,58,52,86,12,5,45,17,32,41,39,15,39,14,19,24,19,61,10,30,33,17,20,15,49,11,26,11,11,82,13,28,33,66,41,17,58,18,13,6,19,17,3,16,54,10,65,33,15,29,40,23,13,16,61,44,31,30,16,22,15,27,14,40,10,34,31,16,13,31,22,41,75,40,28,59,17,31,36,5,16,10,24,58,49,7,33,5,15,6,63,40,42,54,26,10,59,8,39,28,23,27,73,28,33,95,33,47,29,40,48,33,50,36,33,20,27,26,68,30,19,37,,29,12,30,52,19,12,13,34,10,9,14,43,55,44,24,45,41,108,23,31,27,20,40,11,16,28,32,57,62,47,53,65,53,60,82,54,24,64,12,20,6,44,60,40,27,14,12,21,8,33,31,63,15,19,16,54,13,32,32,28,44,66,28,31,30,20,15,53,29,12,9,45,16,15,12,5,29,34,29,33,27,12,15,58,55,40,46,58,57,54,21,13,5,6,14,5,4,46,30,21,4,30,25,21,3,3,24,32,15,,8,46,44,68,40,26,77,35,36,77,65,40,47,65,19,26,35,36,30,23,65,9,48,78,44,90,32,82,64,84,8,6,23,19,18,43,45,20,35,38,55,49,45,44,101,15,74,55,30,44,74,77,28,30,38,26,29,20,63,16,64,32,32,22,53,65,70,46,
20190228,10,O3_8h_24h,23,13,6,29,11,51,16,70,33,29,58,39,22,16,12,21,38,36,41,59,42,48,63,25,22,54,40,47,43,51,32,59,8,19,53,10,26,27,28,34,75,21,20,29,37,88,67,32,42,30,63,41,47,4,49,54,4,8,13,6,60,4,4,44,23,5,59,55,87,32,8,65,24,50,50,49,15,57,49,19,41,20,65,10,58,69,38,20,27,60,17,44,13,11,105,20,28,48,75,52,17,75,53,13,6,35,44,3,24,63,18,111,36,21,50,42,28,17,16,79,60,50,39,17,29,25,61,25,59,43,57,41,31,16,44,35,63,76,44,29,61,20,34,64,7,20,22,46,59,54,23,38,5,23,25,68,46,53,75,28,10,68,8,59,37,56,27,79,31,51,107,42,47,46,53,67,46,59,44,48,28,55,43,72,30,19,42,,46,22,53,52,30,19,17,48,15,9,24,53,70,44,51,45,50,111,23,34,29,25,46,11,18,32,43,57,90,58,106,91,63,77,104,60,31,84,20,36,19,48,63,42,30,26,17,43,8,36,49,95,23,20,28,73,14,41,34,42,44,86,39,39,30,39,18,69,43,14,23,53,17,16,18,5,33,46,45,33,31,35,21,59,59,57,58,61,63,67,27,13,5,6,14,5,4,46,30,24,4,41,33,38,4,5,33,35,25,,10,50,55,87,54,43,83,52,43,83,65,55,51,69,24,51,75,69,47,37,72,20,57,78,51,91,36,83,75,90,36,7,35,24,26,68,52,48,62,49,63,66,62,50,101,71,74,55,42,44,80,77,48,41,80,28,30,63,63,19,64,32,35,30,53,66,74,76,
20190228,10,CO,0.75,2.46,2.16,1.35,1.64,1.40,1.78,0.95,1.10,1.08,1.03,1.15,3.00,1.74,1.45,3.62,1.82,1.38,1.37,0.66,0.83,1.00,0.50,1.80,1.07,0.50,1.46,1.13,0.60,0.65,0.92,0.82,1.07,1.00,0.81,1.07,0.77,1.13,1.03,0.60,0.57,0.83,0.53,0.83,0.67,0.58,0.67,1.18,1.01,1.13,0.86,0.66,0.83,1.44,0.74,0.60,1.48,1.17,1.83,1.10,0.88,1.23,1.29,0.55,1.00,1.23,0.82,0.60,0.48,1.48,2.23,2.27,1.96,2.12,0.80,0.66,2.72,0.90,1.53,1.73,1.40,2.83,0.70,1.00,1.03,0.80,1.83,1.77,1.28,2.00,2.17,1.10,1.27,0.83,1.77,1.80,1.26,0.83,0.53,0.80,1.05,0.67,1.30,1.55,1.20,1.20,1.13,2.00,2.70,0.80,4.93,2.34,2.05,2.17,1.20,2.48,2.12,4.27,2.18,1.18,1.25,1.03,0.54,0.60,0.60,0.85,0.93,1.33,0.83,1.83,1.07,1.10,0.82,1.35,0.82,1.10,0.57,0.93,0.87,1.25,0.50,0.70,0.76,1.08,0.87,0.87,1.05,0.88,0.74,0.65,1.37,1.57,1.23,1.16,1.50,1.15,1.10,1.10,1.10,1.20,2.60,1.00,1.60,1.10,1.30,2.55,2.60,2.05,3.60,3.20,1.60,2.20,2.75,1.13,0.60,0.60,1.85,0.60,1.05,1.37,2.60,1.45,1.25,0.20,1.10,1.00,0.95,,1.65,0.88,0.85,0.80,3.30,1.40,1.83,1.64,1.45,1.07,2.20,0.60,0.50,0.90,0.80,0.30,0.30,0.85,0.90,2.42,2.33,1.93,1.77,2.10,4.55,1.60,1.10,0.35,0.90,0.90,1.23,1.30,1.70,1.02,0.80,0.60,1.55,0.40,0.87,0.74,1.43,0.67,0.73,0.73,0.55,0.77,1.10,0.70,0.40,0.60,0.70,0.78,1.00,1.03,1.27,0.50,0.72,0.97,1.03,0.47,1.40,0.53,1.03,0.85,1.15,0.93,1.32,0.75,1.30,0.77,1.30,0.57,0.60,1.06,1.20,1.13,0.47,1.15,0.90,0.60,0.60,1.10,1.05,0.68,0.88,1.13,0.93,0.65,1.05,1.53,0.85,1.20,2.03,1.07,1.00,1.15,1.55,0.80,1.05,1.05,1.10,1.23,0.80,1.05,1.17,1.03,0.90,0.75,0.83,,0.97,0.55,0.25,0.70,0.93,1.17,0.90,0.85,0.20,0.70,0.50,0.55,1.00,0.60,0.65,0.95,0.95,0.97,0.75,0.70,0.75,1.00,0.70,0.50,0.80,0.55,0.80,0.40,0.60,0.50,1.40,2.60,1.20,1.40,1.60,1.00,1.60,1.20,0.85,0.90,1.00,1.65,1.30,1.20,0.70,1.00,0.70,0.60,1.30,1.10,0.60,0.90,1.07,1.15,1.50,2.90,2.25,2.00,0.40,1.70,0.50,1.45,0.80,3.10,1.00,1.00,1.50,2.50,
20190228,10,CO_24h,0.92,1.47,2.01,1.50,2.44,1.20,1.72,0.73,0.78,1.32,1.37,1.55,2.05,1.60,1.23,2.58,1.20,1.26,1.30,0.61,0.77,0.76,0.47,0.93,1.08,0.43,0.91,0.78,0.45,0.58,0.86,0.47,0.63,0.92,0.76,0.93,0.73,0.90,0.83,0.50,0.53,0.73,0.60,0.90,0.60,0.64,0.60,1.08,1.03,0.84,0.72,0.60,0.76,1.68,0.64,0.57,1.59,1.03,1.20,0.94,0.72,1.70,1.33,0.50,0.85,0.89,0.69,0.60,0.50,1.14,1.27,1.37,1.20,1.76,0.72,0.62,1.80,0.78,1.18,1.58,1.27,1.93,0.60,1.13,0.97,0.90,1.53,1.97,0.88,1.53,1.85,0.95,1.07,0.60,1.27,1.48,1.32,0.83,0.57,0.67,1.00,0.63,1.20,1.55,2.10,1.05,1.20,2.20,1.30,0.80,2.13,1.60,2.08,1.55,0.57,2.63,1.92,3.08,1.62,0.98,2.50,1.64,0.84,0.77,0.67,0.73,0.81,1.33,0.80,1.50,0.80,1.03,0.80,1.05,0.82,1.00,0.60,1.03,0.90,1.17,0.50,0.63,0.74,0.62,0.77,0.77,0.90,0.76,0.68,0.60,1.10,1.23,1.50,1.00,0.93,0.95,0.60,0.97,0.72,0.73,2.20,1.20,1.10,0.65,0.70,2.00,2.60,2.25,2.70,2.90,1.35,1.35,1.85,0.83,0.60,0.60,0.90,0.65,1.00,0.97,2.10,1.45,1.15,0.20,1.00,1.10,0.70,,1.55,0.60,0.85,0.80,1.48,1.08,1.30,1.34,1.35,1.13,1.47,0.83,0.30,0.95,0.60,0.87,0.25,0.60,1.02,2.45,1.70,1.30,1.30,1.30,1.05,1.40,0.70,0.45,0.73,1.43,1.40,1.67,1.45,1.35,1.30,0.65,1.40,0.40,0.73,0.62,0.90,0.63,0.63,0.70,0.60,0.57,0.80,0.55,0.45,0.60,0.70,0.80,1.27,0.87,0.90,0.70,0.77,1.13,1.13,0.60,1.40,0.85,1.37,0.93,1.15,0.90,1.18,0.80,1.00,0.70,0.92,0.53,0.57,1.10,1.05,0.97,0.57,0.75,0.80,0.65,0.63,0.77,1.05,0.84,0.97,1.00,0.97,0.82,1.02,1.10,0.80,1.38,1.60,1.47,1.10,1.70,1.45,0.75,1.00,1.00,1.15,0.90,0.70,0.98,0.87,0.77,0.85,0.65,0.70,,0.77,0.40,0.45,0.63,1.20,0.83,0.95,0.80,0.30,0.85,0.50,0.50,0.85,0.55,0.45,0.75,0.60,0.47,0.65,0.60,0.60,0.80,0.70,0.50,0.50,0.45,0.60,0.40,0.40,0.35,1.05,1.60,0.90,1.10,1.00,0.80,1.10,0.80,0.75,0.75,0.95,0.95,1.10,0.80,0.90,0.80,0.70,0.70,0.90,1.00,0.50,0.40,0.63,0.80,1.25,1.80,1.05,1.65,0.70,1.20,0.60,1.60,0.65,2.37,0.90,1.00,1.60,1.90,
20190228,11,AQI,60,280,203,135,70,167,143,64,74,80,130,144,314,131,81,148,193,130,249,47,68,59,53,116,115,66,66,74,81,73,79,69,113,79,58,26,94,60,59,28,26,37,25,25,89,31,69,52,126,133,139,53,64,72,37,43,79,61,113,100,58,88,29,31,75,98,26,30,28,119,90,74,109,204,73,55,104,66,111,140,88,197,88,169,128,103,181,171,187,246,278,76,212,109,259,200,20,68,25,52,59,53,33,48,16,84,59,83,64,81,109,160,189,187,84,141,181,180,164,95,261,144,113,78,55,60,145,153,100,163,109,161,63,68,47,59,50,33,38,24,33,80,84,47,113,78,90,76,27,37,225,190,95,116,157,83,99,73,76,163,261,140,148,135,197,342,264,166,390,179,86,200,214,64,56,58,67,51,76,73,69,81,93,41,55,79,39,65,173,83,76,83,224,150,206,202,154,110,127,59,31,86,60,46,71,64,71,134,106,91,177,202,149,135,120,53,104,133,216,149,194,202,100,30,373,36,108,120,124,99,94,21,80,95,26,89,73,91,104,65,12,10,58,14,24,33,47,36,18,40,54,31,45,129,139,89,108,93,169,79,74,67,91,100,52,114,57,47,51,68,63,43,63,101,18,60,61,43,54,31,73,43,14,22,57,21,16,28,27,65,66,81,73,75,56,66,51,,83,30,27,27,55,13,68,23,33,49,19,30,51,28,58,49,26,79,46,54,33,45,20,26,61,28,59,40,29,25,113,193,88,63,84,78,138,96,109,91,94,85,56,43,31,99,58,40,55,38,41,35,95,93,68,122,82,232,59,155,112,158,129,118,51,19,183,224,
20190228,11,PM2.5,29,230,153,103,45,127,109,20,25,55,99,110,264,100,60,113,145,99,199,33,49,42,37,88,87,48,45,54,60,53,58,50,85,58,41,18,70,43,42,19,18,20,15,16,66,17,50,32,96,101,106,37,46,46,25,30,53,44,73,75,41,65,14,15,55,73,14,21,7,90,67,54,82,154,53,39,75,34,84,107,65,148,65,128,97,77,137,130,141,196,228,48,162,81,209,150,14,49,17,31,25,19,23,30,11,62,42,43,32,60,79,122,142,141,57,108,137,136,125,71,211,110,85,57,39,43,111,117,75,124,82,123,45,47,33,42,34,23,25,17,12,59,62,21,85,57,67,56,18,17,175,143,71,88,120,51,48,53,56,57,211,107,91,103,148,292,214,126,340,135,64,150,164,44,40,41,45,35,56,53,50,60,69,25,35,58,21,47,131,61,56,50,174,99,156,152,118,83,87,27,22,53,38,22,18,46,34,102,80,46,134,152,114,103,91,29,78,101,166,114,146,152,75,16,323,25,81,91,94,74,70,13,59,71,,66,53,68,78,47,6,5,36,10,17,23,29,25,7,19,38,18,28,98,106,66,81,69,128,58,54,46,68,75,32,86,40,26,36,49,45,30,45,76,11,43,44,27,38,11,53,30,8,14,35,14,4,18,19,47,48,60,53,53,40,48,36,,61,17,9,13,38,9,49,16,19,34,13,21,27,1,35,23,16,50,28,37,23,25,13,14,38,4,22,12,20,7,58,145,65,45,62,57,105,72,82,42,70,60,32,25,14,74,41,19,38,20,23,8,71,69,41,53,39,182,36,64,43,84,44,89,8,4,138,174,
20190228,11,PM2.5_24h,73,107,160,92,83,117,135,24,24,88,133,145,177,122,41,158,74,133,243,30,43,43,28,42,70,45,39,45,44,38,50,36,54,40,29,32,51,35,33,18,15,13,12,14,45,44,42,28,103,51,93,22,43,68,32,30,76,39,44,51,41,113,26,15,66,54,13,17,11,82,53,43,57,133,51,44,55,32,98,100,85,135,59,97,120,89,159,179,85,186,202,46,122,44,163,170,16,42,22,26,28,32,37,43,42,61,54,51,21,51,48,108,133,124,23,112,151,113,135,112,487,272,165,55,48,42,109,111,72,132,76,107,48,42,29,44,38,12,31,14,14,45,57,14,64,60,50,63,14,12,157,145,77,73,99,42,40,46,49,59,199,101,78,40,81,213,193,158,254,175,63,73,78,48,34,34,36,32,50,36,37,45,56,20,24,33,14,33,83,55,59,52,130,72,111,125,113,90,56,65,19,56,31,67,17,42,81,125,136,52,123,123,58,64,134,59,59,175,216,261,278,305,180,37,312,27,59,60,67,48,28,11,59,59,48,35,55,30,59,53,14,13,26,41,14,37,32,20,14,21,35,21,17,109,92,74,79,73,81,58,59,38,57,68,24,61,29,22,36,33,34,46,44,73,21,44,42,38,43,14,38,32,19,38,49,10,11,16,36,32,45,60,54,48,52,46,44,,52,16,11,13,36,23,46,14,14,16,8,17,17,7,31,24,16,26,28,31,13,19,19,12,14,8,12,19,5,5,45,100,57,48,42,45,74,81,58,40,55,37,33,23,21,57,36,33,39,19,9,10,57,62,39,43,28,133,34,72,44,88,36,63,14,7,160,112,
20190228,11,PM10,70,265,269,164,89,231,167,78,97,110,151,160,374,153,104,169,191,124,231,43,66,59,42,152,127,67,82,70,70,74,107,78,127,77,62,26,93,57,59,28,26,37,25,25,68,31,76,53,164,156,125,43,,94,37,41,107,64,175,95,62,45,29,31,77,108,26,28,27,159,108,91,133,189,46,43,157,82,150,146,80,297,71,192,160,127,147,161,243,331,324,101,238,168,268,209,18,59,25,53,67,56,29,48,15,76,55,116,78,112,167,181,220,220,118,163,200,217,215,87,235,148,94,,44,59,154,172,99,192,116,142,62,86,44,57,50,30,38,24,33,80,65,47,103,75,87,86,27,37,214,167,58,89,188,116,147,74,77,276,295,162,246,161,216,366,314,193,406,266,97,,282,77,40,55,83,51,70,80,66,79,103,41,59,82,39,48,180,84,94,116,277,250,238,216,155,116,203,68,25,121,69,46,92,71,91,138,145,131,175,173,155,133,115,55,90,120,230,182,177,182,128,30,311,,125,118,111,87,74,21,66,89,,85,81,74,,50,,9,66,,19,33,47,26,10,40,48,31,45,126,172,89,88,104,165,69,82,84,101,95,53,116,63,47,44,74,64,28,43,80,18,50,59,43,49,31,75,43,14,22,64,21,16,28,26,68,66,58,66,99,61,80,43,,77,30,12,27,60,12,62,23,33,39,,26,51,28,65,49,26,107,46,58,,45,20,,71,15,68,40,28,9,176,182,75,65,109,93,180,115,101,131,65,120,61,43,16,81,45,40,60,38,41,35,91,78,85,194,113,248,67,259,173,265,207,151,51,14,178,230,
20190228,11,PM10_24h,94,143,254,151,148,194,195,63,65,142,189,198,258,173,90,208,101,150,285,39,57,54,37,66,115,50,61,63,54,50,75,53,87,58,41,41,65,46,52,28,26,23,15,21,47,64,53,41,159,90,110,28,52,134,50,48,155,59,84,69,58,137,42,30,87,79,24,33,37,136,76,65,111,172,64,52,115,75,130,135,95,175,65,141,177,138,178,233,148,274,283,94,160,78,215,227,20,53,33,45,49,46,48,58,68,80,80,82,44,95,96,144,185,175,57,163,202,168,165,130,444,333,203,36,55,43,143,144,90,196,101,130,50,73,39,46,49,16,46,21,28,63,60,32,83,77,69,83,21,33,160,163,92,82,137,100,121,101,68,249,258,155,128,65,124,265,316,230,311,274,90,129,134,68,46,52,58,46,70,51,50,60,74,36,36,44,25,48,108,76,96,90,194,169,164,179,151,123,144,102,23,124,67,86,67,72,114,168,173,90,158,140,74,91,159,91,72,211,271,315,325,311,249,67,319,74,83,82,87,58,23,18,66,84,85,49,79,33,38,63,30,25,44,67,20,52,45,16,22,40,47,33,28,142,133,92,88,96,96,82,90,64,86,92,43,93,48,41,37,49,55,50,35,83,29,54,63,55,53,30,52,49,30,63,72,13,17,19,56,48,62,69,65,77,72,65,52,,67,23,16,24,60,27,57,22,29,21,13,28,42,27,46,45,25,45,42,50,22,35,55,14,25,16,45,35,8,11,82,127,68,64,58,65,117,165,77,109,71,45,52,49,25,63,47,44,43,36,20,37,87,74,64,139,79,175,62,269,222,284,160,93,37,10,190,160,
20190228,11,SO2,5,36,34,25,23,23,21,15,21,9,29,25,109,31,21,77,36,24,29,7,8,9,9,44,21,12,16,18,13,9,8,11,18,12,6,10,14,8,7,4,4,6,3,6,4,4,5,5,33,20,17,6,5,6,4,7,11,7,11,15,8,13,7,5,13,12,10,8,4,10,27,18,26,7,9,8,80,17,26,58,38,382,9,40,20,17,50,27,68,35,61,24,29,15,31,63,6,9,4,4,6,8,6,6,7,18,24,16,25,11,112,32,32,73,45,48,56,87,124,18,36,9,12,8,11,11,16,19,16,20,12,14,10,18,3,14,3,7,6,13,2,7,10,37,16,8,4,5,11,19,9,20,7,10,9,61,11,14,5,9,43,21,47,18,43,36,53,44,32,51,21,38,27,13,10,17,16,12,51,16,11,15,10,12,8,2,39,7,65,6,12,1,36,67,79,18,83,47,91,13,5,90,30,4,8,17,48,79,40,39,42,24,52,59,8,10,14,8,22,17,12,15,4,7,14,6,11,22,22,10,9,10,11,4,12,7,4,6,5,5,6,4,13,7,5,11,14,10,5,6,14,5,28,17,25,12,10,10,9,9,7,10,10,24,4,21,6,4,6,7,3,7,14,7,5,6,4,5,10,8,7,10,7,8,15,8,7,8,4,9,12,9,5,11,44,9,6,,7,11,20,19,19,31,1,15,2,17,4,7,15,7,7,10,15,99,17,5,6,13,8,6,5,4,7,3,10,3,15,35,26,89,52,14,13,22,7,21,6,16,29,20,18,12,18,13,10,57,11,5,17,18,8,12,49,36,6,10,5,12,24,34,4,,10,4,
20190228,11,SO2_24h,7,21,36,30,36,20,29,12,8,14,31,26,48,28,17,58,28,22,24,5,7,5,8,18,14,7,9,10,6,5,5,6,6,8,6,7,9,5,6,4,5,5,4,5,3,5,6,3,23,15,11,5,4,7,4,6,12,6,7,9,6,15,8,5,10,8,10,13,3,7,15,13,18,9,10,7,30,21,18,50,22,89,10,23,23,15,30,40,28,23,32,14,22,11,23,32,6,9,4,4,7,7,6,6,8,15,15,11,12,10,41,22,33,40,20,50,38,38,56,15,38,16,17,4,10,9,10,16,13,14,12,10,7,10,5,7,2,7,6,8,3,6,9,17,11,7,4,4,12,12,7,12,10,6,7,12,6,24,7,5,33,21,25,10,21,29,26,32,19,48,13,13,12,10,7,14,5,20,8,8,7,11,6,9,5,1,5,4,53,5,11,6,25,57,45,16,41,27,81,18,3,35,21,12,6,13,66,47,37,30,26,15,23,26,16,14,15,17,19,18,14,21,19,10,12,28,8,15,14,12,9,10,9,3,10,7,5,8,7,7,10,7,12,10,5,7,13,7,4,8,9,6,14,13,15,16,6,8,6,7,6,8,25,11,4,10,5,2,5,6,4,7,11,4,5,5,3,3,7,10,8,11,8,11,22,6,7,6,5,8,9,8,5,8,10,9,6,,5,9,19,17,19,19,2,10,3,20,4,5,10,7,5,9,12,21,8,6,4,7,8,6,4,4,9,4,7,3,9,20,16,39,16,14,10,14,7,20,11,14,8,12,8,10,19,13,10,21,5,6,16,14,7,14,19,15,12,9,6,12,21,26,4,2,17,9,
20190228,11,NO2,32,100,94,78,63,55,60,22,28,72,54,39,100,56,43,79,95,45,51,53,51,53,31,80,29,36,57,55,45,37,33,28,38,39,34,51,54,36,33,26,18,31,20,28,57,31,31,25,45,69,50,42,29,49,30,35,50,44,67,86,26,36,24,16,37,60,26,17,5,65,86,58,52,66,22,38,57,27,54,54,40,91,36,71,34,29,43,44,49,73,77,34,60,73,44,64,19,24,9,15,18,13,17,14,24,23,34,32,44,16,52,54,59,71,41,54,73,83,85,25,54,29,21,29,30,25,44,48,23,57,28,32,30,53,22,38,17,20,10,20,5,41,34,44,43,26,33,32,26,11,53,45,38,37,50,29,46,24,57,40,46,25,94,57,59,38,54,55,72,60,36,53,39,49,23,45,60,33,31,50,50,36,40,16,25,20,27,30,69,35,18,32,74,69,65,46,62,44,57,15,14,33,38,8,5,16,22,83,54,30,38,49,53,33,16,9,16,25,33,33,28,22,25,14,32,8,44,45,56,31,18,18,50,24,17,33,20,28,29,33,23,13,31,21,11,24,30,14,28,21,28,12,28,37,58,17,21,27,50,14,35,37,29,40,31,37,12,31,25,25,35,32,29,27,22,23,11,21,24,16,27,13,14,10,20,6,16,14,18,54,27,34,41,45,28,41,23,,33,11,53,10,31,16,15,25,9,20,10,23,17,7,33,21,9,30,17,25,13,24,11,6,22,4,6,1,25,9,44,90,39,40,43,51,60,34,33,38,20,21,42,28,14,33,16,12,8,22,15,18,32,29,16,39,31,81,33,39,8,54,47,66,7,20,38,57,
20190228,11,NO2_24h,57,82,88,72,79,43,80,16,29,69,73,62,90,69,50,89,70,51,55,48,40,54,24,56,51,27,53,47,33,26,31,22,45,52,42,54,55,49,46,29,20,43,34,28,44,31,26,31,64,69,46,34,25,82,30,28,75,40,41,56,30,70,31,10,37,53,15,23,6,52,68,38,56,65,22,32,58,35,59,48,46,76,31,63,52,49,59,70,48,66,85,39,62,63,41,83,21,28,8,12,29,11,23,28,37,29,37,41,28,26,43,38,51,63,23,67,67,68,80,31,57,71,41,55,50,32,48,49,32,60,39,43,27,38,21,26,15,19,17,17,5,41,29,31,39,20,40,21,21,10,49,41,43,36,49,24,35,39,33,27,67,45,78,48,52,48,56,50,61,86,34,46,48,59,24,42,42,34,40,42,50,37,40,15,43,22,39,50,57,27,34,40,55,53,64,43,65,51,57,32,9,38,40,24,7,11,41,69,72,37,49,38,36,28,23,19,25,46,35,42,45,42,64,16,35,14,47,33,60,32,15,22,41,42,51,35,45,32,39,25,22,13,23,21,17,20,33,20,17,22,28,16,27,40,61,30,31,41,40,28,36,32,33,50,28,31,12,25,26,26,29,27,23,22,20,23,11,14,19,15,38,23,18,22,28,16,17,18,26,36,28,28,34,42,24,45,25,,34,8,15,11,31,13,14,17,14,16,8,15,17,8,25,11,17,13,17,24,9,20,14,5,10,4,8,3,12,5,34,72,29,44,32,33,35,31,28,31,22,23,29,24,14,31,20,15,22,17,9,23,34,34,28,37,39,53,28,40,10,40,31,53,11,14,39,27,
20190228,11,O3,49,43,13,56,41,27,48,68,48,23,68,58,23,50,52,50,28,74,61,47,33,40,54,26,70,46,26,32,34,44,62,76,57,38,45,7,25,32,41,34,71,36,31,24,13,47,61,58,77,38,66,26,38,6,59,56,6,37,15,28,65,7,8,42,15,11,46,77,90,16,16,37,35,36,40,31,42,74,41,49,61,67,51,28,63,77,73,82,51,68,59,63,41,28,109,67,26,71,62,48,17,78,23,64,9,59,63,3,37,88,35,76,36,44,43,87,64,29,50,98,100,84,66,42,53,30,40,32,86,43,78,62,39,31,47,39,60,69,59,33,68,31,40,48,5,15,30,23,45,64,39,71,11,25,25,73,59,67,42,21,85,104,33,66,60,94,98,112,92,95,114,110,114,44,54,56,26,64,64,25,23,36,,74,45,22,77,46,51,35,92,81,39,48,47,67,38,44,46,67,69,57,65,84,53,113,69,48,59,58,72,67,16,42,61,99,108,83,68,85,69,89,103,59,47,74,37,32,53,41,53,50,35,71,82,21,82,37,49,44,4,19,25,40,22,19,32,28,56,64,37,30,31,37,40,88,70,71,21,83,70,16,28,43,27,54,64,26,41,74,7,47,50,41,38,60,56,53,36,15,6,10,20,9,16,57,37,30,5,29,29,14,6,7,28,54,15,,21,49,43,84,50,23,75,19,43,67,59,53,59,73,40,27,83,44,39,40,65,12,41,84,34,90,34,87,55,80,26,21,32,26,39,32,34,46,44,54,54,62,40,52,100,37,88,65,83,53,72,80,54,51,68,39,60,27,51,24,61,27,28,29,55,61,55,27,
20190228,11,O3_24h,98,93,69,93,63,131,87,103,95,101,74,115,79,120,91,90,62,90,119,72,63,55,94,98,89,88,56,62,74,85,78,90,101,37,63,76,36,55,68,77,80,36,38,55,57,102,101,62,112,100,128,62,75,68,87,104,62,91,89,100,105,15,9,80,37,61,67,83,96,92,77,102,109,88,73,69,99,107,89,88,125,97,136,82,122,131,125,142,106,129,121,126,109,106,135,126,34,125,83,83,90,105,104,89,9,145,123,13,86,124,95,141,146,117,76,111,82,66,97,122,204,161,111,45,56,52,123,132,122,147,103,136,94,81,73,100,94,85,89,37,87,88,52,88,32,47,85,86,66,77,110,122,75,79,122,113,115,122,119,88,134,138,139,105,138,136,150,185,159,133,119,117,158,57,81,86,73,147,81,66,47,76,53,111,27,22,85,46,98,74,107,132,154,109,128,139,127,119,116,102,86,109,107,84,74,126,102,91,79,100,98,99,72,93,93,103,109,114,129,137,132,122,175,99,85,84,75,68,89,49,67,53,80,73,96,60,97,42,66,133,43,68,79,103,29,50,45,44,57,88,50,47,37,119,130,115,99,109,105,98,93,54,84,86,65,92,70,72,51,81,55,88,73,91,63,81,87,78,82,16,20,15,22,9,72,57,39,30,16,79,69,53,39,68,70,65,58,,63,108,68,101,98,48,103,65,94,87,68,87,95,80,88,91,91,100,96,106,84,81,76,90,93,103,43,85,80,99,99,100,103,85,89,107,110,128,101,110,76,99,95,99,116,106,115,89,109,121,99,91,107,103,94,100,99,147,92,102,87,101,73,102,84,76,97,102,
20190228,11,O3_8h,22,13,7,20,16,20,17,61,22,8,43,42,9,18,18,21,23,37,35,46,32,24,51,17,19,38,20,31,31,38,30,58,14,18,38,6,19,22,29,27,62,24,21,24,21,56,67,36,46,26,43,29,38,4,41,45,4,11,7,9,25,4,5,40,16,6,58,65,86,12,8,42,19,32,40,38,18,42,18,24,27,26,61,12,34,36,23,26,19,50,17,30,15,14,84,20,29,38,65,41,17,60,22,21,7,23,21,3,17,59,14,63,35,19,29,47,29,15,20,64,51,36,34,20,25,16,27,15,44,12,35,33,18,15,33,24,43,74,43,29,60,19,32,35,5,17,12,23,56,51,12,37,5,15,8,64,43,48,53,25,19,67,11,42,31,31,33,77,37,34,94,42,55,29,41,51,32,52,40,33,20,26,27,68,31,20,44,21,32,15,36,57,20,17,17,37,13,14,18,45,55,47,28,51,42,108,30,35,29,26,46,19,15,30,35,63,66,53,52,66,53,62,84,54,26,63,15,20,11,44,59,41,28,21,21,21,18,33,32,58,13,19,16,51,15,29,32,28,45,64,28,30,31,22,18,56,32,19,8,48,23,15,15,10,28,34,32,31,29,16,13,57,54,40,44,59,56,53,22,13,6,7,16,6,6,49,33,22,4,28,25,19,3,4,23,35,15,,9,45,45,68,40,25,76,32,38,75,64,40,48,66,21,25,38,34,30,24,64,9,45,79,42,89,32,83,63,83,6,9,22,18,20,39,43,23,35,41,55,51,44,45,102,12,75,56,34,45,72,78,29,31,40,32,33,18,62,16,64,34,32,24,54,65,68,40,
20190228,11,O3_8h_24h,26,16,7,31,16,51,19,70,33,29,58,42,22,19,18,24,38,39,41,59,42,48,63,28,23,54,40,47,43,51,33,59,14,21,53,10,26,28,29,34,75,24,21,29,37,88,68,36,47,31,63,41,47,4,49,54,4,11,13,9,60,4,5,44,23,6,59,58,87,33,12,65,25,50,50,48,18,58,49,24,42,26,65,12,58,69,39,26,27,60,20,48,17,14,105,23,29,49,75,52,17,75,39,21,7,35,44,3,25,63,19,111,38,24,50,47,31,18,20,79,62,53,39,20,30,25,61,26,59,43,57,41,31,17,44,35,63,76,45,30,61,22,34,64,7,20,22,46,59,54,25,40,5,23,25,68,46,55,75,29,19,69,13,60,37,56,33,81,37,51,107,66,55,46,53,67,46,59,47,48,28,55,45,72,21,20,44,32,46,22,53,57,30,20,19,51,16,14,26,53,70,47,51,51,50,111,30,36,31,29,51,19,18,33,43,63,90,62,106,91,63,79,104,60,31,84,21,37,19,48,63,44,30,29,21,43,18,36,49,95,23,20,29,73,15,41,34,42,45,86,39,39,31,39,19,69,44,19,24,53,23,17,19,10,33,46,45,33,31,35,21,59,59,57,58,61,63,67,27,13,6,7,16,6,6,49,33,24,4,41,33,38,3,5,33,37,25,,11,50,55,87,54,43,83,52,43,83,65,55,51,69,26,51,75,69,47,37,72,20,57,79,51,91,36,65,75,90,36,9,35,24,26,68,52,48,62,51,63,66,62,50,102,71,75,56,42,45,80,78,48,41,80,32,33,63,63,19,64,34,35,30,54,66,74,76,
20190228,11,CO,0.62,2.56,2.21,1.23,1.33,1.65,1.33,0.90,1.07,1.00,0.97,1.10,2.80,1.53,1.18,3.09,1.82,1.20,1.31,0.63,0.88,0.71,0.47,1.57,1.00,0.47,1.41,1.23,0.60,0.63,0.98,0.68,1.13,0.96,0.75,0.98,0.70,1.13,0.97,0.63,0.53,1.00,0.53,0.90,0.71,0.60,0.70,1.17,0.99,1.28,0.81,0.69,0.81,1.46,0.66,0.55,1.40,0.97,1.50,1.14,0.70,1.20,1.33,0.55,0.97,1.20,0.84,0.54,0.48,1.43,2.40,1.97,1.88,2.28,0.70,0.60,2.20,0.70,1.40,1.37,1.33,2.67,0.67,1.07,0.83,0.75,1.67,1.04,1.24,1.60,1.75,0.95,1.20,0.67,1.53,1.38,1.24,0.77,0.53,0.67,0.95,0.67,1.40,0.85,1.15,0.90,0.97,1.55,2.60,0.77,4.88,1.72,1.95,1.87,0.98,2.20,2.33,4.35,1.72,0.95,1.95,0.96,0.47,0.57,0.70,0.73,0.80,1.33,0.83,1.47,0.73,0.97,0.74,1.40,0.76,1.10,0.57,0.90,0.77,1.22,0.40,0.60,0.76,0.88,0.90,0.87,0.93,0.82,0.78,0.75,1.30,1.50,1.23,1.21,1.23,1.15,1.10,0.65,0.94,0.97,1.70,0.85,1.85,1.10,1.40,1.90,2.65,1.95,2.50,2.00,1.60,2.00,2.55,0.97,0.60,0.55,1.95,0.55,1.10,0.97,2.50,1.60,1.50,0.20,1.10,1.00,0.85,0.80,1.70,0.73,0.75,0.80,3.36,1.15,1.57,1.40,1.35,1.07,2.47,0.50,0.50,0.85,0.75,0.23,0.40,0.65,0.60,3.78,1.42,1.70,1.60,1.60,5.75,1.60,1.20,0.15,0.87,0.80,1.00,1.43,1.00,1.07,0.80,0.55,1.60,0.40,0.72,0.68,1.03,0.63,0.80,0.70,0.50,0.53,0.70,0.65,0.50,0.70,0.67,0.80,1.07,1.00,1.07,0.50,0.68,1.67,0.97,0.60,1.45,0.52,1.03,0.80,1.10,0.67,1.40,0.65,1.07,0.72,1.28,0.47,0.70,1.12,1.10,0.95,0.47,0.78,0.80,0.75,0.57,0.83,1.10,0.70,0.88,1.10,0.90,0.63,0.73,1.90,0.75,1.18,2.23,1.00,0.97,1.15,1.30,0.75,1.05,1.05,1.10,1.13,0.83,1.05,1.07,1.00,0.83,0.72,0.83,,0.80,0.50,0.30,0.63,0.93,1.03,0.85,0.95,0.20,0.70,0.50,0.60,1.00,0.55,0.70,0.95,0.60,1.43,0.75,0.70,0.65,0.90,0.70,0.50,1.00,0.55,0.65,0.40,0.60,0.45,1.30,2.33,1.20,1.35,1.35,1.10,2.10,0.95,0.80,1.20,1.00,0.85,1.30,1.00,0.70,1.00,0.60,0.70,1.00,1.10,0.60,0.60,0.77,0.95,1.15,2.25,1.10,2.10,0.50,1.45,0.40,1.60,0.80,2.07,0.60,1.10,1.45,3.10,
20190228,11,CO_24h,0.87,1.50,2.01,1.45,2.44,1.18,1.72,0.73,0.75,1.27,1.37,1.50,2.08,1.57,1.22,2.63,1.25,1.26,1.30,0.61,0.77,0.76,0.47,0.98,1.04,0.43,0.91,0.78,0.45,0.58,0.86,0.50,0.67,0.89,0.76,0.93,0.73,0.90,0.87,0.50,0.53,0.73,0.57,0.90,0.61,0.64,0.63,1.08,1.03,0.86,0.71,0.60,0.76,1.68,0.64,0.57,1.56,0.97,1.20,0.94,0.72,1.70,1.31,0.50,0.86,0.90,0.70,0.60,0.48,1.15,1.40,1.37,1.22,1.78,0.72,0.58,1.86,0.78,1.15,1.63,1.23,1.98,0.57,1.13,0.97,0.85,1.53,1.80,0.90,1.57,1.85,0.95,1.07,0.60,1.37,1.48,1.32,0.83,0.55,0.67,1.00,0.63,1.20,1.50,2.10,1.10,1.17,2.15,1.30,0.77,2.25,1.58,2.08,1.58,0.60,2.65,1.95,3.13,1.62,0.98,2.50,1.64,0.86,0.77,0.67,0.77,0.77,1.30,0.80,1.50,0.80,1.00,0.78,1.10,0.82,1.00,0.57,1.00,0.90,1.17,0.50,0.63,0.74,0.62,0.80,0.80,0.90,0.76,0.68,0.65,1.10,1.20,1.50,1.01,0.93,0.95,0.65,0.70,0.74,0.73,2.15,1.20,1.15,0.65,0.70,2.05,2.65,2.30,2.60,2.90,1.40,1.35,1.90,0.83,0.60,0.60,0.95,0.65,1.00,0.93,2.10,1.45,1.15,0.20,0.80,1.00,0.70,0.90,1.55,0.65,0.85,0.80,1.50,1.08,1.28,1.34,1.30,1.03,1.53,0.83,0.30,1.00,0.60,0.77,0.25,0.60,0.98,2.52,1.55,1.27,1.30,1.30,1.30,1.40,0.70,0.45,0.73,1.43,1.40,1.63,1.45,1.35,1.30,0.65,1.40,0.40,0.73,0.62,0.93,0.63,0.63,0.70,0.60,0.60,0.80,0.63,0.45,0.60,0.70,0.80,1.27,0.87,0.90,0.70,0.80,1.13,1.07,0.55,1.40,0.80,1.40,0.90,1.15,0.83,1.18,0.78,1.03,0.70,0.92,0.53,0.57,1.10,1.05,0.97,0.57,0.78,0.80,0.65,0.63,0.77,1.05,0.82,0.97,1.00,0.97,0.82,1.02,1.07,0.80,1.35,1.63,1.43,1.10,1.65,1.45,0.75,1.00,1.00,1.15,0.90,0.73,0.98,0.87,0.80,0.85,0.65,0.70,,0.77,0.40,0.45,0.63,1.10,0.83,0.95,0.80,0.25,0.85,0.50,0.50,0.80,0.55,0.45,0.75,0.60,0.50,0.65,0.60,0.60,0.80,0.70,0.50,0.50,0.45,0.60,0.90,0.40,0.35,1.10,1.67,0.90,1.10,1.00,0.80,1.20,0.80,0.75,0.75,0.95,0.90,1.10,0.80,0.90,0.80,0.70,0.70,1.00,1.00,0.50,0.40,0.63,0.80,1.25,1.85,1.05,1.70,0.70,1.15,0.60,1.55,0.60,2.23,0.90,1.00,1.60,2.00,
20190228,12,AQI,62,302,203,113,60,183,133,65,70,83,100,141,311,111,83,129,215,118,234,49,64,53,54,109,106,61,66,66,75,73,83,64,116,74,54,31,91,58,51,32,28,33,23,27,94,27,73,46,115,148,145,53,61,73,32,36,76,70,121,99,51,88,35,29,71,100,32,26,28,125,91,83,106,214,73,54,99,64,114,108,61,124,98,167,106,98,159,134,163,175,209,69,144,123,255,154,19,69,35,52,57,54,31,47,20,95,68,82,61,74,104,157,194,176,87,128,136,111,105,51,405,130,79,70,50,59,136,157,83,124,90,153,61,73,47,58,58,30,37,29,31,70,80,36,104,81,86,76,27,40,208,183,93,124,173,89,109,74,64,171,171,108,259,143,241,287,234,151,310,161,126,141,176,60,56,58,71,49,74,68,69,79,90,40,56,83,36,,169,94,65,70,231,121,193,177,148,108,106,51,27,88,55,37,63,59,58,114,87,74,148,196,205,150,94,36,78,116,173,119,170,196,104,33,382,49,109,124,114,95,94,29,84,85,81,89,60,94,95,60,12,10,59,13,17,45,47,30,18,35,50,35,51,133,145,79,84,75,170,78,94,66,89,100,53,80,54,53,54,59,62,47,55,85,17,55,58,37,55,31,70,48,16,28,37,29,19,29,32,65,69,78,70,81,54,83,56,,84,25,13,28,53,17,55,28,33,54,19,33,49,29,56,48,27,73,46,51,24,51,26,28,40,28,45,38,43,26,76,153,81,61,70,71,106,73,95,97,94,54,53,60,33,81,51,36,55,31,32,33,86,86,68,105,62,239,60,158,109,162,126,86,33,23,216,255,
20190228,12,PM2.5,34,252,153,85,31,138,101,21,21,56,75,108,261,84,61,98,165,89,184,34,46,37,38,82,80,44,45,48,55,53,61,46,88,54,37,21,68,41,36,22,17,20,16,18,70,16,53,26,87,113,111,37,44,46,22,25,49,51,78,74,36,65,15,14,52,75,18,18,8,95,68,61,80,164,53,38,72,29,86,81,42,89,73,127,80,73,121,102,124,128,159,49,110,93,205,118,13,50,19,32,30,19,22,26,13,71,49,49,24,54,78,120,146,133,57,97,104,84,79,36,358,99,58,51,31,42,104,120,61,94,67,117,44,52,33,41,41,21,26,20,15,51,59,14,78,60,64,56,16,15,158,138,69,94,131,60,68,54,46,63,130,81,209,109,191,237,184,116,260,123,96,84,133,37,40,41,49,34,54,49,50,58,67,28,37,61,25,,128,70,47,51,181,92,145,134,113,81,70,22,16,55,33,14,16,42,22,86,64,34,113,147,155,115,70,22,57,88,131,90,129,147,78,20,332,34,82,94,86,71,70,10,62,63,60,66,43,70,71,43,6,5,38,9,10,29,30,21,10,17,35,23,22,101,111,58,62,55,129,57,70,46,66,75,37,59,37,35,38,42,34,33,39,63,12,39,41,23,39,12,51,33,11,16,26,20,5,18,19,47,50,57,51,60,36,61,40,,62,12,8,12,35,12,39,19,23,38,13,23,22,5,32,26,11,53,25,29,17,29,17,16,16,4,15,15,30,3,51,117,60,44,51,52,78,53,71,44,70,38,29,26,12,60,36,19,39,22,16,8,64,64,43,40,34,189,42,60,29,92,47,64,13,5,166,205,
20190228,12,PM2.5_24h,71,116,163,93,82,114,137,23,23,86,131,141,183,116,42,156,78,130,240,30,43,43,29,44,70,45,39,45,45,39,51,37,56,43,29,31,53,35,33,17,16,13,12,14,47,43,43,27,103,54,91,23,43,67,32,30,74,37,46,52,41,112,25,14,65,55,14,17,11,82,48,44,59,136,50,44,56,32,98,101,82,134,60,100,119,89,156,176,88,186,198,47,122,47,170,171,16,42,21,25,27,29,36,41,40,61,54,52,21,51,50,108,134,124,25,111,150,112,134,109,486,272,163,55,48,42,105,110,72,128,76,106,46,42,28,42,38,13,30,14,14,45,57,15,65,61,51,63,14,12,155,144,76,73,97,43,39,48,49,60,196,102,93,40,84,217,194,159,255,177,57,73,78,48,34,34,36,32,50,36,38,45,57,19,29,33,14,,85,56,59,52,130,72,111,125,110,87,57,62,19,56,32,66,17,42,78,122,134,51,121,120,61,65,133,56,60,172,218,255,278,298,177,34,312,28,60,62,69,49,30,11,60,60,48,37,56,31,60,53,14,12,26,39,14,38,31,20,14,21,36,20,18,107,91,73,80,73,84,59,60,38,57,69,23,62,29,22,36,33,34,47,45,72,21,44,42,37,43,14,39,32,18,37,47,11,11,16,35,33,46,60,54,49,51,47,44,,53,15,11,13,33,23,46,15,15,18,9,17,16,7,31,24,16,28,27,31,13,20,19,12,15,7,12,19,6,5,43,101,56,47,41,46,75,80,59,40,57,37,33,23,20,58,36,32,33,19,9,10,57,62,40,43,29,136,34,71,43,87,35,62,14,6,161,117,
20190228,12,PM10,73,285,268,141,69,240,156,79,89,115,122,155,374,134,108,152,219,125,230,40,71,55,46,127,116,67,82,61,70,74,102,66,134,75,57,31,90,50,45,32,28,33,18,27,71,27,86,46,149,179,133,41,,96,32,36,101,67,191,87,52,43,35,29,75,114,32,23,25,170,104,99,120,209,53,42,148,77,159,120,72,197,81,204,137,125,133,129,210,299,240,87,230,162,278,172,18,60,35,54,64,58,28,47,20,,71,114,71,96,156,173,202,201,123,146,180,161,139,49,480,141,80,,50,40,139,159,75,133,80,133,58,95,47,42,47,25,33,29,31,72,66,36,100,78,78,73,27,40,184,153,80,99,184,127,168,65,74,291,183,127,332,176,267,292,323,181,322,215,159,231,222,70,46,55,92,49,65,73,65,82,90,38,61,92,35,,166,89,73,84,253,174,206,189,150,112,161,51,21,126,60,37,75,67,66,167,124,98,163,172,207,147,87,36,88,117,161,158,159,171,127,33,365,,114,121,104,80,73,29,71,86,98,90,66,74,,64,6,10,68,9,17,45,47,29,10,35,46,35,51,141,165,79,68,86,159,65,93,82,100,98,53,74,58,56,44,65,73,34,42,73,16,48,59,37,53,31,86,48,14,28,35,22,19,29,32,69,66,75,63,104,57,88,48,,80,20,13,27,56,15,54,28,26,43,,28,49,29,62,48,20,88,46,51,,51,26,,40,12,45,38,,7,101,178,72,60,70,70,162,94,97,144,60,54,55,70,22,67,38,36,,29,32,33,69,66,85,160,73,251,69,265,167,273,202,111,33,9,191,300,
20190228,12,PM10_24h,93,151,259,151,147,189,198,63,65,141,185,192,266,167,90,206,107,147,276,39,58,53,37,70,116,50,62,62,55,52,77,54,91,61,41,39,67,47,52,27,26,23,15,21,49,62,55,41,160,94,107,28,52,133,50,48,151,54,89,70,58,137,42,30,86,81,25,33,35,136,68,66,112,176,63,51,116,75,131,137,90,178,66,146,177,138,177,230,153,279,290,90,163,83,222,228,19,53,33,45,49,45,45,56,68,81,80,83,44,94,99,144,187,175,60,162,202,167,163,127,456,334,202,37,55,41,138,142,90,191,101,128,49,74,38,45,48,16,46,20,28,64,60,32,85,79,70,82,22,34,157,161,92,81,135,101,127,100,69,254,253,156,138,66,126,269,318,231,311,275,101,137,134,67,46,52,58,45,70,50,51,60,75,35,44,45,25,,110,77,94,90,193,169,164,179,148,122,144,99,23,123,66,86,70,72,111,165,170,91,156,136,77,92,156,87,73,209,273,312,325,306,245,63,308,82,84,85,88,59,24,18,66,85,86,51,79,35,38,63,29,24,44,63,20,53,44,17,22,39,47,32,29,139,131,90,89,97,99,82,91,64,87,92,42,91,50,41,39,50,56,49,37,81,29,54,63,55,53,29,54,49,29,62,70,13,17,19,55,50,63,69,66,78,72,67,53,,67,23,16,25,56,28,58,22,28,22,14,27,42,26,47,44,25,46,42,50,22,35,55,14,26,15,46,35,8,11,77,131,68,64,57,66,119,164,79,110,71,47,52,49,25,64,47,44,43,36,21,37,85,74,65,138,79,179,63,269,221,282,160,92,38,10,191,167,
20190228,12,SO2,4,36,34,17,13,28,18,18,17,8,23,21,88,29,23,57,29,18,28,7,9,8,9,29,21,16,17,16,13,14,8,10,19,12,6,9,11,7,7,5,5,6,4,7,4,7,5,6,32,24,16,7,5,6,5,6,12,5,12,13,7,13,8,5,13,13,12,9,3,10,26,18,30,7,9,9,60,22,25,33,28,212,10,49,17,14,29,20,44,24,50,18,23,13,30,69,6,9,5,4,6,8,6,5,7,15,19,20,13,11,137,30,38,38,17,37,54,81,50,13,26,32,10,7,10,11,14,18,13,17,13,13,7,15,4,11,3,7,6,9,2,6,9,19,12,8,4,5,12,15,11,14,7,14,12,72,58,14,5,9,34,18,32,19,49,26,43,35,26,52,,28,22,13,10,18,19,13,10,14,11,13,10,11,8,2,4,,62,5,10,2,28,27,51,11,74,182,105,8,3,64,24,3,16,14,16,63,28,25,31,18,65,63,6,6,11,8,29,11,9,15,17,8,15,10,14,17,17,7,7,11,11,4,11,7,4,7,7,5,5,4,14,7,6,15,16,16,8,8,18,5,23,20,33,12,7,7,9,8,5,12,30,28,4,12,6,5,7,6,4,8,12,9,6,5,5,3,8,8,7,9,7,8,11,8,7,8,4,9,14,10,6,10,12,6,7,,8,10,19,16,21,34,1,25,3,17,5,6,13,7,6,10,11,46,15,6,5,11,8,7,3,4,6,4,7,3,8,21,15,32,37,16,13,18,6,21,8,11,25,14,15,11,16,15,11,32,4,5,13,15,7,9,56,45,12,12,5,12,23,26,7,1,7,5,
20190228,12,SO2_24h,7,21,36,28,35,20,29,12,8,13,30,24,50,27,17,57,28,21,24,5,7,5,8,19,14,8,9,10,6,6,5,6,7,8,6,7,10,5,6,4,5,5,4,5,3,5,6,4,23,15,11,5,4,7,4,6,12,6,7,9,6,15,8,5,9,8,10,13,3,7,13,14,17,9,9,7,32,21,18,50,21,95,10,24,23,15,29,39,29,23,32,14,22,11,24,32,6,10,4,4,7,8,6,6,8,15,15,11,12,10,45,22,33,39,20,50,38,37,56,15,37,18,17,5,11,9,10,15,13,13,12,10,7,11,5,7,2,7,6,8,3,6,9,16,11,7,4,4,12,12,7,12,10,7,7,15,9,23,7,6,33,21,24,10,21,29,25,31,18,48,14,13,11,10,7,14,6,20,6,8,7,11,6,9,7,1,3,,54,5,11,6,25,57,44,16,43,34,82,17,3,37,22,12,6,13,66,46,39,30,26,15,24,26,15,14,15,17,20,18,14,21,19,10,12,28,8,15,14,12,9,10,9,3,10,7,5,8,7,7,9,6,12,10,5,7,13,7,4,8,10,6,14,13,15,16,6,8,6,7,6,8,25,11,4,10,5,2,5,6,4,7,11,4,5,5,3,3,7,9,8,10,8,11,22,6,7,6,4,8,10,8,4,8,10,9,6,,5,9,20,17,19,20,2,10,3,20,4,5,10,7,5,9,12,22,8,6,4,7,8,6,4,4,9,4,7,3,9,20,16,40,17,14,10,14,7,20,9,14,9,12,9,10,19,13,10,22,5,6,16,13,7,14,17,17,12,9,6,12,22,26,4,2,17,9,
20190228,12,NO2,29,88,90,53,36,50,59,25,22,63,28,32,100,43,36,65,87,38,47,43,57,47,32,60,31,32,51,49,41,33,29,21,23,42,30,48,48,32,31,25,17,29,19,26,52,32,34,25,44,71,43,41,30,54,23,30,55,52,77,80,19,36,25,10,39,60,32,16,7,62,81,52,44,69,23,35,51,19,57,30,25,55,30,64,25,23,28,28,34,57,41,20,42,52,40,44,17,22,8,9,16,10,16,6,22,17,28,35,25,12,50,43,59,38,28,44,64,73,51,17,40,27,17,27,23,23,27,41,16,27,19,26,19,49,16,33,13,19,7,19,3,35,36,23,41,25,23,28,24,9,41,30,40,32,39,31,43,20,44,27,33,14,,40,59,31,47,58,49,57,,40,38,36,18,40,57,29,32,43,49,35,37,15,20,18,26,,69,28,14,37,61,28,48,28,60,47,54,12,8,32,24,8,2,13,12,68,49,19,32,20,62,32,11,5,12,26,35,28,25,27,25,11,21,8,30,34,37,26,16,15,41,21,13,25,13,35,27,32,24,11,31,21,14,29,29,16,24,20,27,13,27,34,41,15,13,18,47,10,21,38,37,35,29,26,9,33,22,18,32,32,22,23,19,22,10,16,22,15,26,12,15,10,12,2,15,14,17,50,22,32,38,52,27,29,28,,30,8,21,8,29,16,13,23,10,18,9,21,13,7,24,10,9,22,22,18,12,25,11,5,5,4,5,2,12,8,27,78,27,32,31,46,39,25,26,32,19,15,39,17,11,24,16,16,10,13,8,18,22,25,15,28,25,52,40,41,6,42,33,40,21,,34,56,
20190228,12,NO2_24h,57,83,89,72,78,41,80,16,29,70,70,60,91,68,50,88,71,51,54,47,40,54,24,56,51,27,54,47,33,27,32,22,45,51,40,54,56,49,45,29,18,43,34,28,45,31,27,30,64,69,46,35,26,81,31,28,74,38,42,56,30,69,31,10,37,54,16,22,6,53,65,39,57,66,21,32,58,35,59,48,45,77,31,64,51,49,58,70,49,66,85,32,62,65,41,77,21,28,8,12,28,9,22,26,37,29,37,41,27,26,44,38,53,63,23,66,68,67,79,30,57,71,41,55,50,32,47,48,32,58,39,42,27,39,21,27,15,18,17,17,5,41,29,31,39,21,40,21,21,10,50,41,44,36,49,24,27,39,33,27,67,46,79,47,53,49,56,51,61,88,33,47,49,58,23,42,42,33,41,42,50,36,40,15,42,22,38,,58,28,33,40,56,53,64,43,66,52,57,32,9,38,40,24,7,11,40,69,69,37,48,36,36,28,23,19,25,46,35,41,45,42,63,16,35,14,47,33,60,31,15,21,41,42,50,35,44,32,39,25,22,13,23,21,16,20,33,20,17,22,28,16,26,40,60,29,31,41,42,28,36,32,33,50,28,32,12,25,26,26,29,27,23,23,20,23,11,13,19,15,38,23,18,21,27,15,17,18,26,37,29,28,34,43,24,44,25,,34,8,16,11,30,14,14,17,14,16,8,14,17,8,25,10,17,14,17,24,9,20,14,5,10,4,8,3,12,5,31,74,30,43,32,33,36,31,28,31,22,23,29,24,14,31,20,15,22,16,10,23,33,34,28,38,39,54,28,40,10,40,32,53,11,14,39,29,
20190228,12,O3,56,70,25,80,63,53,59,77,62,42,102,77,35,78,69,64,37,96,86,56,32,53,60,58,87,57,37,49,38,56,74,87,92,45,55,11,38,37,48,35,74,40,35,28,24,45,62,66,92,48,85,31,41,7,66,65,9,47,11,54,86,10,10,58,16,15,39,78,90,28,25,51,58,40,44,38,56,96,43,90,84,79,52,50,85,99,102,115,87,94,103,86,75,57,125,99,30,80,66,64,24,91,29,73,11,79,94,3,72,108,52,109,60,89,64,111,76,46,71,100,109,102,73,62,74,36,61,54,111,74,97,86,74,45,63,54,70,70,70,33,75,49,36,74,5,22,45,32,46,67,68,96,17,40,54,72,67,82,60,52,107,134,49,101,81,114,110,128,131,107,105,123,131,70,65,65,32,78,54,38,29,45,44,79,57,24,113,,60,51,109,79,71,94,79,99,53,62,58,71,85,65,98,88,61,115,82,63,67,74,78,97,22,71,71,102,113,90,80,93,75,100,109,71,66,82,61,44,92,48,59,51,50,83,96,37,102,43,59,45,4,23,30,42,25,15,36,32,59,63,42,31,29,56,80,104,94,93,37,99,82,18,47,60,32,76,76,31,53,91,20,47,64,49,42,61,61,64,48,20,8,16,20,9,25,51,40,34,7,40,39,20,17,9,33,68,21,,22,79,42,91,66,25,79,20,53,69,60,61,83,73,68,60,85,68,47,58,67,15,44,89,78,89,43,76,67,84,66,43,63,36,50,43,63,72,56,73,61,75,45,73,104,65,94,72,89,58,79,85,75,65,76,71,69,49,47,28,61,43,45,56,50,74,57,33,
20190228,12,O3_24h,98,93,69,93,70,131,87,103,95,101,102,115,79,120,91,90,62,95,119,70,63,54,94,98,91,86,53,62,74,84,79,90,101,45,63,76,41,55,68,77,81,40,37,52,57,102,101,66,113,100,128,61,75,68,87,104,62,91,89,100,105,15,10,80,37,62,67,83,96,91,75,102,109,88,71,68,99,107,89,92,117,97,136,82,122,131,125,142,106,129,120,122,109,106,135,127,35,125,83,83,90,114,104,89,11,145,123,13,86,124,95,141,146,117,76,113,82,66,102,122,204,161,111,55,74,52,123,132,122,147,104,136,94,81,72,99,94,85,89,39,87,88,52,88,32,47,85,86,66,77,110,122,75,79,122,113,116,122,121,88,134,138,145,107,138,136,150,185,159,133,118,157,158,70,81,86,73,147,77,66,40,76,62,111,57,24,114,,98,74,109,132,154,109,128,139,127,119,116,102,86,109,107,88,74,126,102,91,81,100,98,99,72,93,93,104,113,114,129,137,132,122,175,99,85,84,75,68,93,52,67,53,80,83,96,60,102,43,66,133,43,68,79,103,30,50,45,44,59,88,50,47,37,119,130,115,99,109,105,100,93,54,84,86,65,92,76,72,53,92,55,88,72,91,63,81,86,78,80,20,20,16,22,9,72,57,40,34,16,76,69,53,39,68,70,70,58,,63,108,68,101,98,48,103,65,94,87,68,87,95,80,88,91,91,100,96,106,84,81,76,90,93,103,43,85,80,99,99,100,103,85,89,107,110,128,101,110,76,99,95,99,116,106,115,89,109,121,99,91,107,103,94,100,99,147,92,102,87,101,73,102,84,76,97,102,
20190228,12,O3_8h,26,21,10,29,23,23,23,62,27,13,49,48,12,26,26,27,24,44,41,46,31,27,51,24,31,39,22,33,31,40,38,62,25,24,38,6,21,23,30,27,64,27,25,24,20,53,67,39,52,28,47,28,37,5,43,46,4,16,8,16,29,5,6,42,15,8,56,67,89,13,8,41,24,33,40,38,22,48,23,35,34,34,58,18,40,44,32,39,28,53,28,30,20,19,87,31,29,44,64,43,16,65,24,30,8,32,30,3,24,64,19,65,39,28,32,56,35,20,26,68,60,44,38,24,32,18,29,19,52,19,41,35,22,18,36,27,46,73,48,30,62,22,32,36,5,16,16,24,55,53,19,45,7,18,14,65,54,52,53,28,27,70,14,51,34,36,38,82,45,33,95,46,64,32,43,52,32,57,39,33,20,29,30,67,34,21,52,,34,20,46,63,26,26,25,45,19,21,24,47,58,48,32,57,44,108,38,40,36,33,52,30,15,35,39,69,71,57,54,68,53,67,86,56,31,64,20,21,22,44,58,43,32,30,32,22,30,34,35,55,10,19,17,47,16,27,32,27,48,63,29,29,32,27,25,61,40,30,12,54,33,15,19,18,27,37,36,30,33,27,13,56,55,40,43,60,56,53,26,14,6,9,18,6,9,51,35,24,4,29,26,18,4,5,24,39,16,,11,49,46,70,43,23,76,29,49,73,63,43,53,66,27,28,42,37,31,28,64,9,44,81,46,89,33,72,63,82,17,13,27,19,23,36,43,28,38,46,55,53,43,48,102,17,77,58,43,47,70,79,33,36,43,44,39,21,60,18,64,36,35,28,54,66,66,36,
20190228,12,O3_8h_24h,29,23,10,33,23,51,23,70,33,29,58,48,22,26,26,28,39,45,44,59,42,48,63,33,32,54,40,47,43,51,39,62,25,25,53,10,26,28,30,34,75,27,25,29,37,88,68,39,52,32,63,41,47,5,50,56,4,16,14,16,60,5,6,45,22,8,59,61,89,33,10,65,28,50,50,48,22,61,49,35,45,34,65,18,58,69,42,39,31,62,28,64,20,19,105,31,29,51,75,52,17,77,41,30,8,35,44,3,28,64,22,111,40,31,50,56,36,20,26,79,64,57,41,24,33,25,61,28,59,43,57,41,31,19,44,36,63,76,49,30,62,26,35,64,7,20,24,46,59,54,28,46,7,24,25,68,55,56,75,31,27,70,14,63,37,56,38,84,45,51,114,46,64,46,53,67,46,59,46,48,28,55,43,72,34,21,52,,46,24,53,63,31,26,25,56,19,21,29,53,70,48,54,57,50,111,38,40,36,34,55,30,18,35,43,69,90,64,106,91,63,81,104,60,33,84,25,37,24,48,63,46,32,34,32,43,30,36,49,95,23,20,29,73,16,41,34,42,48,86,39,39,32,39,25,69,47,30,25,56,33,17,21,18,33,46,45,33,33,35,21,59,59,57,58,62,63,67,27,14,6,9,18,6,9,51,35,25,4,41,33,38,4,6,33,40,25,,12,50,56,87,54,43,83,52,50,83,65,55,53,69,30,51,75,69,47,37,72,20,57,81,51,91,36,72,75,90,46,13,35,24,26,68,52,48,64,52,63,66,62,50,102,71,77,58,43,47,80,79,48,41,80,44,39,63,63,20,64,36,36,32,54,66,74,76,
20190228,12,CO,0.57,2.51,2.13,0.83,1.03,1.85,1.30,0.97,0.80,0.97,0.73,0.95,2.60,1.44,1.10,2.46,1.88,1.03,1.25,0.63,0.89,0.57,0.47,1.50,1.13,0.47,1.26,1.00,0.68,0.63,1.18,0.63,0.97,0.91,0.71,0.97,0.70,1.10,0.87,0.63,0.53,0.70,0.53,0.87,0.66,0.60,0.70,1.13,1.24,1.25,0.81,0.69,0.87,1.43,0.60,0.55,1.36,0.87,1.60,1.10,0.60,1.23,1.34,0.50,1.05,1.09,0.91,0.57,0.50,1.31,2.20,2.07,1.64,2.38,0.72,0.58,1.78,0.62,1.30,1.17,1.00,1.60,0.67,1.03,0.67,0.65,1.17,0.82,0.90,1.20,1.07,0.90,0.83,0.70,1.50,1.10,1.20,0.77,0.57,0.57,1.00,0.70,1.40,0.75,1.20,0.90,1.07,1.45,1.07,0.73,2.40,1.54,2.20,1.12,0.65,1.90,2.17,4.05,1.06,0.70,1.53,0.92,0.45,0.55,0.57,0.75,0.64,1.33,0.70,1.03,0.70,0.80,0.63,1.15,0.74,1.02,0.47,0.87,0.70,1.18,0.50,0.47,0.76,0.62,0.90,0.87,0.80,0.84,0.78,0.65,1.13,1.10,1.17,1.21,1.03,1.35,2.50,0.75,0.84,0.70,1.35,0.75,1.80,1.20,1.80,1.65,2.20,2.00,2.10,2.00,1.70,1.75,2.15,0.77,0.60,0.45,1.75,0.50,1.10,0.93,2.45,1.50,1.40,0.20,1.00,1.00,0.80,,1.80,0.60,0.70,0.80,2.86,1.00,1.60,1.12,1.25,1.30,1.90,0.30,0.45,0.80,0.60,0.20,0.40,0.65,0.44,3.05,1.37,1.25,1.20,1.00,5.95,1.50,1.05,0.15,0.73,0.77,0.97,1.33,0.90,1.03,0.70,0.55,1.55,0.40,0.63,0.65,0.80,0.57,0.80,0.70,0.55,0.43,,0.60,0.40,0.70,0.60,0.75,1.13,1.03,1.10,0.50,0.73,2.27,1.00,0.67,1.43,0.55,1.03,0.82,1.05,0.73,1.23,0.65,0.90,0.63,1.26,0.43,0.55,1.16,1.05,0.85,0.47,0.63,0.80,0.90,0.53,0.70,0.95,0.78,0.80,1.05,0.85,0.60,0.73,2.27,0.80,1.18,1.63,1.00,0.97,1.15,1.15,0.70,1.05,1.05,1.10,1.03,0.83,1.07,1.00,1.00,0.90,1.90,0.85,,0.77,0.35,0.35,0.55,0.82,1.03,0.85,0.90,0.20,0.65,0.40,0.60,0.80,0.60,0.50,0.80,0.55,1.00,0.75,0.60,0.70,1.00,0.70,0.50,0.40,0.50,0.55,0.85,0.40,0.45,1.13,1.60,1.00,1.15,0.95,1.05,1.20,0.80,0.75,1.10,0.90,0.75,1.40,0.75,0.70,1.00,0.60,0.80,0.90,1.10,0.50,0.30,0.63,0.85,1.15,1.15,1.35,1.95,0.60,1.55,0.40,1.35,0.70,1.77,1.50,,1.60,3.10,
20190228,12,CO_24h,0.87,1.54,2.03,1.40,2.42,1.13,1.73,0.75,0.75,1.23,1.30,1.40,2.10,1.51,1.23,2.62,1.25,1.24,1.28,0.60,0.77,0.77,0.47,1.02,1.06,0.43,0.94,0.80,0.45,0.58,0.88,0.50,0.67,0.92,0.76,0.93,0.73,0.90,0.87,0.53,0.53,0.73,0.57,0.90,0.61,0.64,0.63,1.10,1.07,0.89,0.71,0.60,0.74,1.68,0.64,0.57,1.56,0.97,1.23,0.96,0.72,1.67,1.31,0.50,0.88,0.91,0.72,0.60,0.48,1.15,1.33,1.40,1.22,1.82,0.68,0.57,1.88,0.78,1.15,1.63,1.17,2.00,0.57,1.13,0.97,0.85,1.53,1.76,0.92,1.57,1.87,0.90,1.07,0.63,1.37,1.40,1.32,0.83,0.55,0.67,1.05,0.70,1.20,1.45,2.05,1.10,1.20,2.10,1.27,0.77,2.30,1.58,2.12,1.55,0.63,2.63,1.98,3.10,1.60,0.98,2.48,1.64,0.82,0.77,0.70,0.80,0.74,1.30,0.80,1.47,0.80,1.00,0.76,1.10,0.80,1.00,0.53,1.00,0.90,1.15,0.50,0.63,0.74,0.62,0.80,0.80,0.90,0.76,0.68,0.65,1.10,1.20,1.53,1.03,0.93,1.00,0.60,0.70,0.74,0.73,2.15,1.20,1.10,0.65,0.70,2.05,2.55,2.30,2.70,2.90,1.20,1.40,1.90,0.83,0.60,0.60,0.95,0.65,1.00,0.90,2.10,1.45,1.20,0.20,1.00,1.00,0.70,,1.60,0.65,0.85,0.80,1.52,1.08,1.25,1.34,1.30,1.03,1.57,0.80,0.30,1.00,0.60,0.77,0.25,0.60,0.98,2.50,1.73,1.32,1.30,1.30,1.50,1.40,0.70,0.45,0.73,1.43,1.40,1.63,1.45,1.35,1.30,0.65,1.40,0.40,0.73,0.62,0.93,0.63,0.67,0.67,0.60,0.60,0.80,0.63,0.45,0.60,0.73,0.80,1.27,0.90,0.90,0.70,0.77,1.15,1.07,0.55,1.40,0.78,1.37,0.88,1.15,0.80,1.18,0.78,1.03,0.70,0.94,0.53,0.57,1.10,1.00,0.95,0.53,0.78,0.80,0.65,0.63,0.77,1.05,0.80,0.95,1.00,0.97,0.77,1.02,1.02,0.80,1.33,1.63,1.40,1.10,1.65,1.40,0.75,1.00,1.00,1.15,0.93,0.73,0.98,0.90,0.83,0.85,0.70,0.70,,0.77,0.40,0.45,0.63,1.08,0.83,0.90,0.80,0.25,0.85,0.50,0.50,0.80,0.55,0.45,0.75,0.60,0.50,0.65,0.60,0.60,0.80,0.70,0.50,0.50,0.45,0.60,0.90,0.40,0.35,1.23,1.70,0.95,1.10,1.00,0.80,1.20,0.85,0.75,0.75,0.95,0.90,1.10,0.80,0.90,0.80,0.70,0.70,1.00,1.00,0.50,0.40,0.63,0.80,1.25,1.80,1.05,1.75,0.70,1.20,0.60,1.55,0.55,2.20,0.90,1.00,1.60,2.00,
20190228,13,AQI,52,313,200,85,61,176,144,72,61,94,103,121,332,95,86,93,214,89,204,47,71,55,50,90,111,54,64,64,65,68,91,63,109,71,49,32,84,50,44,33,28,33,24,31,93,26,86,42,108,171,143,53,60,71,32,33,76,71,112,101,53,91,38,29,71,100,44,27,28,125,71,86,99,221,70,55,95,62,121,84,57,106,90,159,99,89,123,123,134,169,157,73,148,124,236,134,17,60,29,43,52,53,34,38,17,96,76,91,29,73,105,149,200,108,84,128,103,88,90,31,408,148,81,61,50,58,125,170,79,111,79,153,60,79,50,64,53,29,36,27,26,64,75,27,110,76,83,74,26,28,224,167,90,131,156,91,120,71,81,165,153,104,226,154,273,257,179,144,276,139,138,115,115,54,49,51,73,47,63,68,66,65,89,39,54,75,43,,149,80,61,84,227,81,140,151,138,128,126,46,29,85,46,29,57,61,58,110,83,63,118,139,222,144,70,91,63,115,136,100,218,187,98,33,372,40,98,115,101,93,91,24,83,76,94,83,60,105,93,45,14,11,58,13,20,54,49,31,21,38,53,36,41,140,149,76,74,61,157,85,74,65,88,93,53,85,49,59,55,54,54,60,50,78,22,56,55,31,56,36,74,49,20,26,39,33,20,39,33,63,64,95,68,94,55,74,55,85,88,29,19,30,49,24,51,35,27,63,27,39,43,24,43,44,27,65,98,51,22,48,27,28,24,28,23,40,25,28,68,96,74,59,66,66,94,80,100,83,89,45,50,29,32,69,51,40,46,24,26,35,88,78,68,85,72,254,68,171,116,151,117,66,57,14,243,281,
20190228,13,PM2.5,32,263,150,63,30,133,110,28,19,68,77,92,282,71,64,69,164,66,154,33,52,39,35,67,84,38,42,46,47,49,68,45,82,52,33,21,62,35,31,20,17,19,17,20,69,18,64,24,81,130,109,37,43,43,21,21,48,52,74,76,32,68,17,15,52,75,24,15,7,95,52,64,74,171,51,39,71,30,92,62,27,80,67,121,74,66,93,93,102,128,120,51,113,94,186,102,11,43,16,22,31,14,24,26,12,72,56,68,18,52,79,114,150,81,51,97,73,49,67,16,362,113,60,44,29,41,95,129,58,84,58,117,43,58,35,46,37,20,24,18,13,46,55,11,83,56,61,54,15,16,174,127,67,100,119,64,56,52,60,65,117,78,176,118,223,207,135,110,226,106,105,58,87,37,34,36,45,33,45,49,48,45,66,21,35,55,30,,114,59,44,53,177,55,107,116,105,97,96,16,12,55,32,13,23,44,22,83,61,30,89,106,172,110,51,16,44,87,104,75,168,141,73,19,322,28,73,87,76,69,68,17,61,56,70,61,43,79,69,24,5,5,36,9,6,38,34,22,11,17,37,25,21,107,114,56,54,44,120,63,54,46,65,69,37,63,30,40,39,33,34,43,35,57,10,40,38,21,40,10,54,30,12,18,27,23,8,25,23,45,46,71,49,70,36,54,39,63,65,10,9,12,32,17,32,24,19,45,19,27,16,6,26,22,12,47,73,22,14,28,15,15,9,5,8,16,13,3,49,72,54,42,48,48,70,52,75,43,66,30,31,20,12,50,36,21,32,16,7,7,65,57,46,36,32,204,49,86,30,76,45,46,25,1,193,231,
20190228,13,PM2.5_24h,68,124,166,93,82,114,139,23,22,86,130,137,190,112,43,152,82,126,236,30,44,43,29,46,71,45,39,45,45,40,53,38,58,42,29,29,54,36,33,17,16,14,12,14,48,41,44,29,103,58,89,24,42,67,31,30,73,35,48,52,41,110,25,14,64,56,14,17,10,79,48,45,60,139,49,43,57,32,99,98,80,133,62,103,118,88,154,173,91,184,196,47,122,51,175,165,15,42,21,25,28,29,35,39,39,62,54,53,22,51,51,108,135,122,25,110,147,111,132,105,481,272,157,56,47,43,101,109,71,126,76,105,44,42,28,42,37,13,30,14,14,46,57,15,67,62,53,63,14,13,155,142,75,73,95,45,40,52,50,61,197,103,81,40,86,217,192,161,257,180,69,73,77,48,33,33,36,32,50,35,38,45,57,19,30,34,14,,85,57,59,52,130,71,108,126,108,85,58,60,19,56,31,66,18,42,76,119,127,51,119,115,64,66,130,52,60,170,219,249,280,293,170,32,317,29,61,63,70,51,31,12,60,60,50,38,56,34,61,52,14,11,27,38,14,38,30,20,13,20,36,20,18,105,90,72,80,72,88,59,60,38,57,69,24,63,29,23,36,33,34,47,46,70,21,43,43,37,43,13,40,32,17,36,45,11,10,16,34,34,46,61,54,50,50,47,45,63,54,15,11,13,32,23,46,15,15,19,9,16,17,7,31,23,16,28,30,31,14,20,19,12,15,7,12,19,7,5,44,101,56,47,41,46,75,81,61,40,58,37,33,23,20,58,36,32,33,19,9,10,58,62,40,43,30,140,35,72,42,85,35,62,15,6,162,122,
20190228,13,PM10,54,259,246,104,72,209,171,94,72,137,124,149,378,119,117,117,228,108,212,39,81,53,47,109,126,50,77,58,63,69,118,60,100,70,49,32,80,46,41,33,28,33,18,31,54,25,112,42,133,193,128,43,,92,32,33,102,58,174,87,55,65,38,29,71,111,44,22,23,169,76,94,113,227,60,43,134,73,161,92,64,130,76,205,125,119,107,121,162,223,165,96,156,134,245,150,17,58,29,43,53,55,29,38,17,82,87,100,25,96,146,160,205,117,117,147,155,125,110,28,414,161,72,48,50,,120,147,60,124,86,138,55,104,49,,47,29,36,27,26,60,63,23,100,70,71,75,26,28,184,154,76,99,163,132,190,62,65,280,155,108,282,175,302,254,273,169,278,228,153,179,148,58,44,48,95,42,53,73,67,80,91,39,57,80,41,,133,84,67,117,225,111,154,168,143,125,168,46,15,119,44,26,64,58,66,135,112,76,134,128,229,144,87,131,75,113,137,149,194,166,119,33,347,,105,114,88,73,70,23,73,89,93,81,62,83,,45,14,8,66,,20,55,47,26,13,38,47,35,41,135,154,79,57,67,143,73,78,80,99,90,56,84,49,67,42,58,58,50,42,70,22,43,59,31,59,36,80,49,20,24,33,24,20,39,33,70,64,83,60,111,60,81,47,66,88,13,19,27,49,19,51,35,26,60,,23,43,20,43,44,16,74,111,52,,48,27,,18,17,23,40,,7,83,99,59,55,61,67,127,110,86,116,71,45,50,28,22,51,,40,32,24,22,35,72,72,86,119,94,271,74,291,181,252,184,82,63,8,213,301,
20190228,13,PM10_24h,91,155,263,151,144,187,200,65,65,142,183,186,273,162,92,203,111,142,266,38,59,53,36,72,118,49,62,61,56,52,80,55,93,60,41,38,69,47,51,26,26,24,15,21,54,60,58,42,159,99,106,29,52,132,49,47,148,51,94,70,58,138,42,30,85,83,26,34,34,134,69,67,112,180,62,51,118,75,134,134,87,178,68,152,176,138,175,226,156,279,276,95,163,87,228,221,18,54,32,45,49,46,43,54,66,81,80,84,44,94,103,144,188,173,63,162,200,166,161,123,448,334,200,45,55,39,135,141,90,186,101,128,49,75,38,45,46,17,47,19,28,65,60,32,87,79,72,82,22,33,157,160,90,80,132,104,129,102,70,261,254,158,131,66,128,269,318,233,313,280,96,138,132,65,44,51,57,44,70,49,51,59,76,35,44,45,25,,110,78,94,90,194,168,161,180,146,121,145,96,23,124,66,85,72,72,108,160,165,92,154,130,81,93,155,85,73,205,275,306,327,298,237,62,306,92,86,87,89,61,25,18,68,85,88,52,79,38,38,62,29,21,45,63,20,54,43,17,21,39,48,31,30,138,130,89,89,97,101,82,92,65,88,93,43,92,50,42,39,52,56,50,38,79,29,54,64,55,54,29,55,49,27,59,67,13,17,20,54,52,63,70,65,81,71,68,53,66,69,23,16,25,54,28,58,23,28,24,15,25,43,27,47,43,25,47,44,51,23,35,55,14,26,15,46,36,8,11,77,132,67,63,58,67,119,164,81,108,71,47,52,48,25,64,47,44,42,36,21,37,84,73,66,138,80,184,63,269,220,279,160,92,39,10,192,174,
20190228,13,SO2,3,31,34,14,13,27,22,18,12,10,21,15,81,39,24,38,24,12,24,8,12,9,10,23,21,11,19,14,25,10,7,13,14,12,6,9,11,8,9,4,5,6,4,6,4,4,6,6,22,28,14,7,5,6,6,5,12,5,13,12,6,12,8,5,13,12,17,8,3,9,18,25,25,8,10,8,41,14,26,25,22,127,9,35,14,12,17,20,28,22,29,14,23,11,32,50,6,8,5,3,6,7,6,5,7,13,16,21,7,11,84,20,38,20,9,34,44,37,47,9,18,11,9,6,8,10,11,18,12,13,13,10,6,12,5,7,2,7,6,13,2,5,10,11,12,9,4,6,11,12,9,11,7,12,11,49,36,11,6,7,29,16,34,17,39,18,33,31,23,51,23,23,17,12,10,19,13,13,9,13,11,15,12,11,7,1,4,,51,6,8,2,24,17,32,8,58,51,93,7,3,31,23,3,35,14,12,54,21,20,21,9,35,38,6,9,9,9,15,9,8,14,6,29,19,8,16,16,18,8,5,12,9,3,7,6,3,8,5,5,5,3,10,7,6,14,21,33,8,10,19,5,18,19,28,11,6,8,8,8,4,13,18,13,5,11,6,8,6,6,2,9,12,7,6,5,4,3,8,8,7,9,7,8,7,8,7,7,4,8,13,9,6,10,12,6,6,,7,9,19,14,16,28,2,19,6,23,5,6,8,7,5,10,10,32,39,6,5,9,7,6,3,4,10,3,5,3,7,12,9,34,18,15,9,13,6,14,7,10,15,10,45,14,17,16,12,24,1,5,15,12,9,8,45,38,10,16,6,12,20,18,7,,9,14,
20190228,13,SO2_24h,6,22,37,27,37,19,29,12,8,13,30,23,51,27,18,56,28,21,24,6,7,5,8,19,15,8,10,10,7,6,5,6,7,8,6,7,10,6,6,4,5,5,4,5,3,5,6,4,24,15,11,5,4,7,4,6,12,5,7,9,6,15,8,5,10,8,10,13,3,6,14,14,17,9,9,7,32,21,18,46,21,99,10,25,22,15,28,39,30,22,31,14,22,12,24,32,6,10,4,4,7,8,6,6,8,15,15,12,12,10,48,22,34,38,20,49,38,35,56,15,36,18,17,5,11,10,10,15,13,13,12,10,7,11,5,7,2,7,6,8,2,6,9,16,11,7,4,4,12,12,7,12,10,7,7,16,10,27,5,6,32,20,26,10,21,27,24,31,18,49,13,13,11,10,7,14,5,18,6,8,7,11,7,9,7,1,3,,54,5,10,6,25,56,44,16,43,35,83,16,3,37,22,11,7,13,65,46,35,31,26,14,25,27,15,14,15,17,20,18,14,21,19,11,12,28,8,15,14,12,9,10,9,3,10,7,4,8,7,7,9,6,12,10,5,8,13,8,4,8,11,6,14,13,16,16,6,8,6,7,5,8,24,11,4,10,5,3,5,6,4,7,12,4,5,5,3,3,7,9,8,10,7,10,22,7,7,6,4,8,10,8,4,9,10,9,6,,6,9,20,17,19,20,2,10,3,21,4,5,10,7,5,9,13,23,9,6,4,7,8,6,4,4,9,4,6,3,9,20,16,41,17,14,10,14,7,20,8,14,9,13,10,10,19,13,10,22,5,5,15,13,7,14,16,18,12,9,6,12,22,26,4,2,16,9,
20190228,13,NO2,25,61,84,42,26,39,59,28,20,65,21,27,103,29,32,45,86,26,42,36,55,45,20,40,31,24,52,42,32,28,29,17,21,39,29,49,46,29,28,21,17,27,19,30,44,28,36,24,35,70,37,41,29,54,19,19,55,51,81,83,16,35,24,8,38,58,35,11,6,60,56,42,31,67,25,32,37,13,57,18,18,52,28,46,17,18,19,24,26,52,27,15,33,39,44,32,14,17,6,7,14,5,17,5,19,13,27,47,10,11,45,36,49,17,13,41,48,36,47,13,30,30,15,24,21,20,19,28,14,24,15,22,20,28,17,23,11,16,7,19,4,26,34,15,37,21,22,29,22,10,40,22,40,33,31,24,38,21,37,19,27,12,64,40,35,14,24,49,41,35,40,31,30,33,14,37,42,26,23,33,37,23,34,15,22,17,27,,63,20,13,36,39,16,28,21,47,28,47,9,6,23,12,6,3,13,11,57,47,16,32,8,29,20,11,7,11,23,24,24,26,22,26,19,21,8,24,29,30,27,15,13,32,18,11,20,15,42,24,27,24,12,15,22,14,30,26,16,18,21,27,12,26,32,37,14,9,18,42,11,10,35,41,18,31,21,7,31,22,12,24,38,21,21,17,20,9,16,18,14,24,12,14,10,13,6,13,13,17,40,29,30,32,51,33,32,29,18,30,5,14,7,24,15,13,20,9,21,11,18,7,8,13,9,8,15,33,22,11,22,10,4,4,5,7,2,4,6,22,49,22,28,28,36,21,23,25,19,15,13,28,13,17,25,15,16,10,12,5,18,23,23,16,20,26,57,25,42,9,34,18,28,13,27,35,37,
20190228,13,NO2_24h,56,84,90,72,76,40,80,17,29,71,68,57,92,66,51,86,72,50,54,47,41,54,24,56,51,27,54,46,34,27,32,22,46,50,39,54,56,48,44,28,17,42,34,29,45,31,28,31,64,71,46,36,26,79,31,28,72,36,44,57,30,67,31,10,37,55,17,23,6,54,65,39,57,68,22,32,59,35,59,44,45,77,32,65,51,49,57,69,49,67,83,37,62,61,42,82,21,28,8,12,28,9,21,25,36,29,38,41,27,26,45,38,54,62,23,65,67,65,80,30,55,72,40,54,49,32,47,48,32,58,39,42,27,40,21,27,14,18,18,17,5,42,29,30,40,21,40,22,21,10,50,41,44,36,50,25,28,42,34,27,68,47,81,48,53,49,56,52,62,89,34,48,50,57,22,41,41,33,41,41,50,36,39,15,41,22,38,,58,28,33,40,56,53,63,43,67,52,58,31,9,38,39,24,7,11,40,68,70,37,48,35,36,28,23,18,24,46,36,41,45,42,61,17,36,14,46,33,60,31,15,21,42,41,50,35,44,32,38,26,23,13,23,21,16,20,32,20,17,21,28,16,26,40,61,29,30,42,43,28,36,32,33,50,29,32,12,26,26,26,29,28,23,23,20,23,10,14,18,15,38,22,17,20,27,13,17,18,25,38,29,28,34,44,24,44,25,18,35,8,16,11,30,14,14,17,14,17,8,14,17,9,25,10,17,14,18,24,9,20,14,5,10,4,8,3,12,5,32,74,30,43,32,34,36,30,28,31,22,23,29,23,14,32,20,15,23,17,10,22,33,34,28,37,40,56,28,41,10,40,32,53,11,15,39,29,
20190228,13,O3,68,110,40,91,72,78,77,90,69,60,118,92,51,102,83,81,43,106,105,69,40,58,68,88,93,74,44,63,58,65,78,93,111,54,67,10,47,53,57,42,73,51,39,28,45,41,64,64,112,70,102,36,44,13,72,81,14,72,32,64,104,12,15,65,20,22,34,85,88,41,50,69,85,47,45,42,80,109,46,108,91,80,61,85,110,120,126,133,113,104,128,113,92,94,132,121,37,98,70,69,27,87,32,72,15,104,132,5,93,122,69,126,88,116,75,119,81,78,85,99,110,122,73,64,83,44,82,94,124,87,109,106,85,74,69,68,70,69,80,34,74,62,35,86,8,31,54,35,44,65,84,110,32,49,82,86,78,98,71,64,125,151,100,104,121,142,144,145,154,127,,137,144,83,82,74,54,86,75,56,42,75,53,83,54,26,62,,77,72,116,79,115,104,106,120,84,99,75,86,92,78,106,92,65,119,88,83,74,81,91,97,67,107,83,105,111,95,94,100,78,105,112,66,68,91,81,62,107,49,63,52,65,91,,50,109,44,64,53,5,24,50,39,31,18,40,31,68,57,47,36,27,75,93,117,106,98,62,112,97,25,52,91,35,89,79,40,58,95,34,42,70,58,43,65,62,69,49,23,8,15,23,11,29,69,41,37,10,49,35,34,32,17,32,69,40,64,26,94,49,95,93,27,80,23,59,65,57,65,94,77,88,85,86,93,47,78,71,28,48,89,78,88,46,84,80,89,81,75,79,50,56,60,90,92,62,103,73,82,54,82,101,71,96,73,91,62,83,89,85,80,84,86,75,47,65,37,64,64,59,70,59,,59,55,
20190228,13,O3_24h,90,111,69,94,75,131,87,103,95,101,118,115,79,120,91,90,62,100,115,72,63,58,94,102,97,82,52,66,74,83,83,94,111,53,67,76,50,55,68,75,81,46,39,44,57,102,101,64,117,100,128,58,75,68,87,104,63,91,89,100,106,14,15,79,37,64,67,84,96,86,75,102,109,88,71,68,99,109,89,108,117,97,136,87,122,131,127,142,114,129,131,126,109,107,137,127,37,125,83,83,90,114,104,89,15,145,132,13,93,124,95,141,146,120,76,118,83,78,104,121,196,161,105,64,80,52,123,132,125,147,111,136,94,80,74,94,94,85,93,39,86,88,52,90,32,47,85,86,66,77,110,122,75,79,122,113,116,119,103,88,134,151,139,112,138,142,150,185,159,133,114,157,153,83,82,86,73,147,78,66,42,77,56,111,54,26,62,,98,76,116,132,154,109,128,139,127,119,116,102,92,109,110,92,74,125,101,95,81,100,93,99,72,107,93,105,113,112,129,137,132,122,175,99,85,91,86,71,107,51,67,54,80,91,96,64,109,44,67,133,43,68,79,103,32,50,45,44,68,88,51,47,37,119,130,119,106,109,105,112,96,54,84,92,65,94,79,72,58,96,55,88,73,91,63,81,86,76,80,23,20,19,23,11,72,69,41,37,16,76,69,53,40,68,70,71,58,64,63,108,68,101,102,48,102,65,94,87,68,87,96,80,88,91,91,100,96,106,84,81,76,89,93,103,46,86,80,99,99,100,103,85,89,107,110,128,101,110,76,99,95,99,116,106,115,89,109,121,99,91,107,103,94,100,99,147,92,102,87,101,73,102,76,76,97,102,
20190228,13,O3_8h,33,34,14,39,33,30,31,65,34,19,57,56,17,37,35,35,25,52,50,47,31,31,52,33,42,42,25,36,34,43,44,67,39,26,41,7,24,27,34,29,66,30,28,24,21,50,65,39,60,33,53,27,37,6,46,50,6,25,11,23,39,6,7,45,15,10,52,69,88,18,14,42,33,35,40,37,31,56,28,49,44,41,57,28,50,54,47,53,41,59,40,37,32,33,92,43,29,53,64,46,17,68,26,38,9,43,42,3,33,73,26,69,45,38,37,65,43,28,37,73,70,55,44,31,38,21,36,29,63,28,50,44,30,25,41,31,49,71,54,30,63,26,33,41,5,18,21,25,52,55,29,54,11,22,23,67,57,53,53,31,37,72,30,55,44,48,54,87,56,40,88,60,74,37,48,53,35,58,43,36,22,37,30,67,34,22,42,,40,27,57,71,38,38,36,56,29,33,32,52,62,51,42,63,47,109,47,47,43,41,58,42,21,44,45,76,77,63,59,73,56,74,89,55,37,67,29,26,35,44,57,46,37,41,35,26,44,35,39,52,8,19,21,44,19,24,32,26,52,61,31,29,31,33,35,69,49,42,18,60,41,17,25,29,27,43,42,30,36,39,14,54,56,41,42,60,55,54,29,15,6,7,19,7,12,55,36,26,5,31,28,19,8,6,24,45,18,64,14,54,47,73,49,23,75,27,51,70,62,46,58,67,36,35,46,44,33,35,64,11,43,82,49,89,34,75,64,83,27,22,34,23,27,37,48,36,41,54,55,55,45,51,103,25,81,61,52,49,70,80,39,43,48,54,45,25,60,21,63,40,40,31,54,66,63,35,
20190228,13,O3_8h_24h,35,34,14,39,33,51,31,70,35,29,58,56,23,37,35,35,39,52,50,60,42,48,63,41,42,54,40,47,44,51,44,67,39,26,53,10,26,29,34,34,75,30,28,29,37,88,68,39,61,35,63,41,47,6,55,59,6,25,16,23,60,6,7,46,22,10,59,62,89,35,15,65,33,50,50,48,31,64,49,49,48,41,65,28,61,69,47,53,41,65,40,49,32,33,106,43,29,57,75,52,17,77,42,38,9,43,47,3,34,73,28,111,45,41,51,65,43,28,37,79,70,62,45,31,38,26,61,32,63,43,62,44,32,25,46,37,63,76,54,31,63,30,35,64,7,22,29,46,59,55,35,54,11,26,28,69,57,56,75,34,37,72,30,63,44,56,54,87,56,51,107,60,74,46,53,67,46,59,48,48,28,55,43,72,34,22,44,,46,29,57,71,40,38,36,64,29,33,35,53,70,51,60,63,51,111,47,47,43,41,59,42,21,44,47,76,90,67,106,91,63,84,104,60,37,84,31,38,35,49,63,48,37,41,35,45,44,36,49,95,23,20,30,73,19,41,34,42,52,86,39,39,32,39,35,70,51,42,28,60,41,18,25,29,33,49,45,33,36,40,22,59,59,57,58,62,63,67,29,15,6,7,19,7,12,55,36,26,5,41,35,38,8,7,33,45,25,64,14,54,57,87,55,43,83,52,51,83,65,55,58,69,36,51,75,69,48,37,72,20,57,82,51,91,36,75,75,90,49,22,36,24,27,68,52,50,66,56,63,66,62,51,103,71,81,61,52,49,80,80,48,43,80,54,45,63,63,22,64,40,40,33,54,66,74,76,
20190228,13,CO,0.53,2.14,2.35,0.65,0.82,1.55,1.40,0.93,0.70,1.13,0.67,0.80,2.85,1.26,1.00,1.67,1.98,0.82,1.05,0.67,1.00,0.60,0.40,1.40,1.23,0.37,1.35,0.70,0.60,0.58,1.14,0.63,0.83,0.93,0.65,0.93,0.70,1.10,0.80,0.60,0.53,0.70,0.53,0.87,0.54,0.62,0.70,1.13,0.84,1.32,0.71,0.81,0.83,1.35,0.58,0.48,1.34,0.90,1.47,1.12,0.60,1.20,1.35,0.48,0.99,1.00,0.97,0.52,0.50,1.27,1.63,1.90,1.50,2.32,0.78,0.62,1.32,0.60,1.35,0.93,0.77,1.20,0.67,0.90,0.60,0.65,0.90,0.72,0.76,1.13,0.88,0.80,0.73,0.70,1.53,0.92,1.22,0.72,0.57,0.55,1.00,0.65,1.40,0.70,1.15,0.80,1.23,1.40,0.57,0.77,1.48,1.36,2.08,0.75,0.35,2.08,1.75,2.60,0.92,0.55,1.13,0.98,0.35,0.53,0.50,0.67,0.62,1.13,0.70,0.93,0.70,0.83,0.64,0.85,0.74,0.97,0.47,0.93,0.70,1.13,0.45,0.50,0.76,0.44,1.27,0.83,0.78,0.84,0.78,0.60,1.10,0.97,0.97,1.29,0.83,1.10,2.30,0.75,0.76,0.57,1.25,0.80,1.70,1.05,1.30,1.30,1.55,1.70,2.00,1.60,,1.55,1.80,0.70,0.50,0.50,1.00,0.50,0.90,0.80,2.45,1.35,1.30,0.20,0.90,0.90,0.80,,1.65,0.53,0.68,0.90,2.20,0.78,1.10,1.04,1.10,1.03,1.55,0.33,0.35,0.60,0.30,0.20,0.40,0.65,0.43,2.90,1.05,1.05,1.30,0.60,1.60,1.25,0.95,0.10,0.63,0.73,0.75,0.93,1.05,0.87,0.70,0.50,1.45,0.30,0.75,0.65,0.73,0.57,0.80,0.70,0.50,0.40,0.60,0.58,0.50,0.70,0.60,0.75,1.10,1.10,0.80,0.60,0.77,2.35,1.00,0.60,1.45,0.68,1.10,0.85,1.05,0.67,1.23,0.65,0.83,0.60,1.18,0.55,0.43,1.28,1.00,0.72,0.60,0.55,0.80,0.90,0.60,0.63,0.90,0.80,0.75,1.00,0.85,0.63,0.78,1.20,0.60,1.25,1.73,1.00,1.00,1.10,1.15,2.15,1.05,1.05,1.10,0.97,0.83,1.08,0.87,0.90,0.88,0.88,0.80,1.30,0.80,0.25,0.35,0.55,0.65,1.00,1.10,0.85,0.25,0.70,0.40,0.60,0.55,0.60,0.45,0.75,0.60,0.70,0.80,0.65,0.65,0.90,0.65,0.40,0.30,0.50,0.50,0.85,0.40,0.40,0.97,0.90,0.90,1.10,0.95,0.85,0.90,0.80,0.70,0.80,0.85,0.75,1.30,0.65,0.70,0.90,0.60,0.80,0.90,1.00,0.40,0.20,0.60,0.85,1.15,1.10,1.05,1.95,0.50,1.25,0.40,1.15,0.20,1.63,1.10,0.40,1.55,2.50,
20190228,13,CO_24h,0.86,1.59,2.06,1.35,2.45,1.10,1.73,0.78,0.75,1.23,1.23,1.30,2.17,1.47,1.23,2.60,1.30,1.22,1.28,0.60,0.77,0.77,0.45,1.02,1.07,0.43,0.99,0.77,0.47,0.58,0.88,0.53,0.70,0.96,0.75,0.93,0.77,0.90,0.87,0.53,0.53,0.73,0.57,0.90,0.61,0.64,0.63,1.09,1.06,0.90,0.70,0.61,0.74,1.66,0.64,0.57,1.56,0.97,1.23,0.96,0.72,1.67,1.31,0.50,0.89,0.91,0.73,0.60,0.48,1.17,1.37,1.40,1.24,1.84,0.70,0.55,1.90,0.78,1.18,1.60,1.17,1.95,0.57,1.13,0.97,0.85,1.50,1.74,0.92,1.57,1.75,0.95,1.03,0.70,1.37,1.45,1.30,0.83,0.55,0.67,1.05,0.70,1.20,1.40,2.05,1.10,1.20,2.10,1.27,0.77,2.30,1.56,2.14,1.53,0.63,2.67,1.98,2.98,1.60,0.98,2.38,1.64,0.82,0.70,0.67,0.80,0.74,1.30,0.80,1.40,0.80,1.00,0.76,1.10,0.80,1.00,0.53,1.00,0.90,1.15,0.50,0.63,0.74,0.62,0.83,0.80,0.90,0.78,0.68,0.65,1.10,1.20,1.50,1.03,0.90,1.00,0.70,1.00,0.76,0.73,2.15,1.20,1.20,0.65,0.70,2.10,2.55,2.35,2.70,2.90,1.45,1.40,1.90,0.83,0.60,0.60,0.85,0.55,1.00,0.90,2.10,1.45,1.20,0.20,1.00,0.90,0.70,,1.60,0.65,0.85,0.80,1.58,1.06,1.22,1.34,1.30,1.03,1.63,0.80,0.30,1.00,0.60,0.77,0.25,0.60,0.98,2.48,1.55,1.35,1.33,1.30,1.50,1.40,0.75,0.40,0.73,1.43,1.40,1.60,1.45,1.35,1.30,0.65,1.40,0.40,0.73,0.62,0.93,0.63,0.67,0.67,0.60,0.60,0.80,0.63,0.45,0.60,0.73,0.80,1.23,0.90,0.90,0.70,0.77,1.18,1.07,0.55,1.40,0.78,1.37,0.88,1.15,0.80,1.15,0.78,1.03,0.70,0.96,0.50,0.60,1.10,1.00,0.95,0.53,0.78,0.80,0.65,0.60,0.77,1.05,0.78,0.92,1.00,0.97,0.75,1.00,0.97,0.80,1.30,1.63,1.37,1.10,1.65,1.40,0.80,1.00,1.00,1.15,0.97,0.73,0.98,0.90,0.83,0.85,0.70,0.70,1.30,0.77,0.40,0.45,0.63,1.08,0.87,0.90,0.80,0.25,0.85,0.50,0.45,0.80,0.55,0.45,0.75,0.60,0.50,0.65,0.60,0.60,0.80,0.70,0.50,0.50,0.45,0.60,0.95,0.40,0.35,1.23,1.67,0.95,1.10,1.00,0.80,1.20,0.85,0.75,0.75,0.95,0.90,1.10,0.80,0.90,0.80,0.60,0.70,1.00,1.00,0.50,0.40,0.67,0.80,1.25,1.80,1.05,1.75,0.70,1.20,0.60,1.55,0.50,2.20,1.00,1.00,1.60,2.00,
20190228,14,AQI,62,274,209,106,62,149,169,74,64,136,105,116,341,81,83,76,183,68,161,49,81,59,51,83,109,53,64,61,65,66,79,58,91,71,45,31,86,53,39,29,27,29,26,30,79,17,78,41,111,189,138,56,56,71,31,32,73,123,97,101,55,99,44,26,69,94,49,27,28,126,74,80,85,226,66,53,83,59,126,68,55,124,79,123,89,90,120,125,119,167,144,78,141,128,239,118,16,53,29,38,44,34,39,36,16,94,93,79,30,79,91,146,184,78,67,116,81,64,75,36,335,173,76,46,44,54,110,187,80,124,79,153,63,74,49,58,43,22,36,29,22,58,68,28,103,74,73,79,24,23,221,148,110,120,151,83,90,59,76,155,150,101,202,143,215,207,144,131,222,112,45,103,106,59,52,47,67,46,64,63,69,55,81,41,55,78,43,,111,71,57,83,206,66,108,133,108,110,103,45,30,76,51,29,75,63,57,100,77,58,118,89,148,108,54,33,66,79,90,146,268,173,81,41,329,29,95,121,101,98,94,23,70,80,89,73,56,105,86,35,12,10,60,13,24,53,55,37,24,37,51,35,43,153,144,78,65,61,118,93,61,66,86,98,59,85,45,61,54,42,51,61,50,71,22,50,53,31,56,35,103,52,26,29,39,22,25,49,37,66,66,104,80,84,54,79,54,81,91,30,18,31,42,29,48,38,30,60,20,33,39,25,37,46,28,59,100,47,23,45,28,28,24,55,22,42,,28,88,73,75,51,63,60,85,85,78,91,94,34,50,27,33,65,49,44,43,21,54,33,81,69,73,84,69,267,60,182,113,153,109,55,49,19,261,267,
20190228,14,PM2.5,38,224,159,80,32,114,128,34,13,104,79,88,291,60,56,56,138,45,123,34,60,42,32,61,82,37,43,44,47,48,58,41,68,52,30,21,64,37,27,19,17,20,18,21,58,12,57,25,84,142,105,40,40,43,20,20,45,93,63,76,32,74,18,14,50,70,27,15,8,96,54,59,63,176,48,37,61,24,96,49,23,94,58,93,66,67,91,95,90,127,110,57,108,97,189,89,11,37,16,20,31,13,25,25,11,70,69,58,19,58,63,112,139,57,33,88,42,39,49,22,285,131,56,32,28,38,83,141,59,94,58,117,45,54,34,41,30,15,13,19,10,41,49,16,77,54,53,58,15,12,171,113,83,91,116,60,52,42,56,76,115,76,152,109,165,157,110,100,172,76,,53,80,42,31,33,44,32,46,45,50,39,60,28,37,57,30,,84,52,40,61,156,34,81,101,81,83,77,13,8,50,23,12,13,45,17,75,41,25,89,66,113,81,38,12,48,58,67,112,218,131,60,15,279,17,71,92,76,73,70,15,51,59,66,53,40,79,64,16,6,5,38,6,10,37,39,23,9,18,36,22,23,117,110,57,47,44,89,69,44,47,64,73,42,63,29,42,38,26,32,44,35,52,14,35,37,22,40,9,77,28,14,20,27,14,9,34,26,48,48,78,59,62,36,58,38,60,68,7,3,11,22,20,30,24,13,43,14,23,10,5,26,17,11,42,75,23,12,27,14,15,6,5,7,12,,3,46,53,55,32,45,43,62,63,57,52,70,22,29,12,10,47,34,27,30,12,6,5,60,50,49,37,35,217,43,82,30,77,36,38,32,,211,217,
20190228,14,PM2.5_24h,66,131,170,93,80,113,143,24,22,88,129,133,198,109,44,149,85,121,231,30,45,43,30,48,73,45,40,44,46,41,54,39,59,44,29,27,55,37,33,16,16,14,12,14,49,41,45,30,103,62,88,25,41,66,31,30,71,37,50,53,41,126,24,14,63,57,15,18,10,82,48,45,61,144,49,42,58,33,99,99,80,133,62,105,116,87,151,170,93,183,192,47,122,53,180,162,15,42,20,25,28,27,34,38,37,63,54,54,22,51,53,107,136,120,26,110,144,109,130,101,462,271,152,56,47,43,98,110,70,124,75,104,43,43,28,42,36,14,30,14,13,46,57,15,69,62,53,63,15,13,155,140,74,74,94,46,42,50,51,62,198,104,77,40,83,216,193,163,258,182,59,74,77,48,33,33,36,31,50,35,39,45,57,19,31,35,14,,87,57,59,52,130,70,106,126,106,84,60,57,19,57,31,66,18,43,74,118,123,51,116,109,65,67,126,49,61,168,218,247,283,289,161,32,322,29,62,65,70,52,33,12,60,60,51,39,56,37,62,50,13,11,28,36,14,39,30,20,13,20,36,20,18,105,90,71,79,72,90,60,60,38,57,70,24,65,29,23,35,33,34,47,46,69,21,42,43,37,43,13,41,32,16,35,44,11,10,16,34,35,47,61,55,51,49,48,45,62,55,15,11,13,32,23,47,16,16,21,10,16,16,7,32,23,16,29,32,31,14,20,19,12,15,7,12,19,7,5,46,100,57,46,42,47,76,81,62,40,60,37,33,23,20,58,36,32,33,18,9,9,58,62,41,43,31,144,35,73,42,86,34,62,16,6,164,127,
20190228,14,PM10,73,245,246,139,74,192,187,97,77,165,121,139,400,105,116,99,197,85,188,45,82,54,52,97,135,44,78,56,57,66,98,52,86,72,45,31,84,46,37,29,27,28,17,30,54,14,96,41,125,212,127,46,,92,31,32,95,103,144,90,59,,44,26,69,101,49,19,21,167,70,79,89,63,61,47,115,67,169,80,59,148,63,185,118,107,94,120,142,219,164,96,145,151,238,135,15,50,29,38,43,34,39,34,15,78,98,107,28,94,131,151,177,85,84,135,111,77,100,36,300,174,72,37,44,,98,151,65,128,73,133,57,93,46,,41,22,36,29,19,56,54,25,98,67,61,84,24,23,177,130,95,99,148,115,129,48,77,259,155,101,231,159,223,195,218,191,237,174,,156,146,56,53,43,84,43,54,68,68,60,87,41,60,81,40,,99,61,64,111,185,81,127,152,122,108,147,45,15,101,51,22,99,65,64,129,104,66,135,79,156,114,57,23,63,94,95,151,243,160,105,41,300,23,96,121,81,84,75,23,60,80,88,75,58,82,66,35,11,9,69,10,24,55,48,37,16,37,46,35,43,148,145,72,45,68,131,85,57,81,96,79,66,66,45,72,35,42,52,46,40,63,22,44,54,26,56,35,91,53,26,27,38,22,25,45,33,68,70,83,73,99,58,78,45,66,89,8,15,23,42,23,48,38,30,50,,25,39,22,36,46,18,52,106,47,13,45,28,,12,60,22,42,,14,126,64,57,51,47,61,120,96,80,131,63,34,50,19,24,61,35,44,30,19,58,33,67,57,96,118,87,288,69,313,176,256,167,60,49,,231,306,
20190228,14,PM10_24h,90,159,267,152,143,186,205,67,66,145,181,181,282,159,93,200,114,135,254,37,59,53,37,75,120,48,62,60,55,53,82,55,94,61,41,36,70,47,51,26,26,24,16,19,54,58,60,43,159,104,105,30,52,131,49,47,145,52,98,71,58,150,41,30,84,84,27,34,34,136,69,68,113,180,59,51,119,76,137,135,87,178,68,156,175,137,171,222,159,279,271,96,163,92,232,218,18,53,31,44,49,42,42,53,62,82,81,86,44,95,106,143,189,170,64,162,197,163,161,119,422,333,195,42,54,39,131,140,89,183,100,128,49,76,38,45,45,17,47,20,27,66,60,32,88,80,72,83,22,33,157,159,90,81,131,105,121,97,71,264,255,158,128,66,125,267,317,236,315,284,104,139,134,65,44,51,56,44,70,48,51,57,76,34,45,47,26,,119,78,95,91,196,165,159,182,145,121,146,93,23,123,65,85,74,72,107,160,160,93,151,125,83,94,152,80,73,202,275,303,328,291,227,61,311,93,88,89,90,64,29,18,67,86,89,53,79,40,44,60,27,19,47,59,20,54,43,19,21,38,48,31,30,138,131,88,89,96,106,82,91,66,89,93,43,92,50,43,39,52,56,50,44,77,29,54,64,56,55,29,57,50,26,57,65,14,16,20,53,54,64,70,66,82,70,68,53,66,70,23,16,25,55,28,59,24,29,26,14,24,42,26,47,42,25,48,47,51,23,34,54,14,26,17,46,37,9,11,87,131,67,63,59,69,120,164,82,108,72,46,53,47,25,65,47,44,42,36,22,35,81,73,66,138,81,190,64,272,219,278,159,93,41,10,194,182,
20190228,14,SO2,3,23,36,14,12,25,24,16,14,15,21,12,86,20,23,26,27,7,20,9,16,8,9,17,20,12,16,13,28,10,6,19,12,10,6,8,10,9,7,3,6,5,5,6,4,4,6,6,22,27,11,7,5,6,5,6,13,8,12,13,7,12,7,5,12,9,20,8,4,10,15,22,19,11,10,9,54,14,23,22,15,131,10,22,12,11,16,18,23,28,24,11,17,15,31,28,5,8,4,2,6,6,7,5,7,11,16,29,7,10,61,15,29,16,12,35,35,24,33,10,17,10,7,6,8,10,10,15,11,13,10,9,7,9,4,5,2,7,5,8,3,5,9,14,10,8,4,6,10,11,9,10,7,7,10,11,37,9,7,7,27,19,24,16,,16,28,31,20,29,22,21,18,13,10,19,19,12,8,13,11,14,12,12,7,1,4,,,6,7,4,22,13,19,6,28,14,50,7,3,23,19,3,8,13,8,32,11,13,15,11,11,18,6,9,9,6,8,7,8,12,5,46,17,5,16,17,19,8,8,9,8,3,7,7,3,9,6,4,5,3,8,7,7,14,20,12,4,11,15,6,9,19,23,11,6,7,7,7,4,13,18,9,8,9,6,7,7,5,3,10,11,6,6,5,4,4,8,9,7,8,7,8,8,9,7,8,4,9,12,8,6,8,12,7,6,2,7,9,17,12,13,23,3,16,3,24,4,6,7,7,6,9,11,25,23,6,4,7,8,6,3,4,9,4,,2,6,7,9,25,12,14,8,12,7,12,6,7,10,10,20,16,18,18,12,20,3,5,14,11,10,10,15,24,16,24,6,11,19,15,6,16,10,13,
20190228,14,SO2_24h,6,22,37,26,36,19,30,13,9,13,29,22,52,26,18,55,28,20,24,6,7,6,8,19,15,8,10,10,8,6,5,7,7,8,6,7,10,6,7,4,5,5,4,5,3,5,6,4,23,16,11,5,4,7,4,6,12,5,7,10,6,17,8,5,10,8,10,13,3,7,14,15,17,8,10,7,34,21,18,49,21,103,10,25,22,15,28,38,30,23,30,14,21,12,24,32,6,10,4,4,7,7,6,6,8,15,15,13,12,9,49,22,34,37,20,49,37,35,56,15,35,18,16,5,11,10,10,15,13,13,11,10,7,11,5,8,2,7,6,8,2,6,9,16,11,7,4,4,12,12,7,13,10,7,7,16,7,23,5,6,31,20,25,10,20,27,24,31,18,48,14,12,10,10,7,13,6,9,6,8,7,11,7,9,7,1,3,,62,5,10,5,26,55,43,16,43,35,83,15,3,37,21,11,7,13,64,46,33,31,26,14,25,26,15,14,15,17,19,18,14,21,18,13,12,27,9,15,15,13,9,10,9,3,10,7,4,8,7,7,8,6,12,10,5,8,13,9,4,8,11,6,14,13,16,16,6,8,6,7,5,9,21,11,4,10,6,3,5,6,4,7,12,5,5,5,3,3,7,9,8,10,7,10,21,7,7,6,4,8,10,8,5,9,10,9,6,2,6,9,20,17,19,20,2,11,3,21,4,5,10,7,5,8,13,24,10,6,4,7,8,6,4,4,9,4,6,3,9,20,16,40,16,15,10,14,7,20,9,14,9,13,11,10,19,13,10,22,5,5,15,13,8,14,16,18,12,10,6,13,21,26,4,2,16,9,
20190228,14,NO2,28,38,88,45,23,27,58,23,16,55,21,23,118,26,23,33,84,23,35,35,56,43,20,25,30,23,50,36,29,26,20,24,21,39,30,47,49,30,23,19,13,27,22,28,35,29,30,24,33,60,33,44,29,53,17,18,60,99,70,81,13,36,25,7,38,55,36,13,6,48,49,41,27,70,26,31,36,11,60,16,14,54,31,32,16,16,17,22,25,60,27,8,20,68,50,23,14,15,6,6,13,3,18,4,16,12,25,35,10,12,37,26,30,14,11,40,34,27,31,15,20,36,14,19,19,18,18,24,14,22,18,21,23,20,15,18,12,15,6,13,3,25,33,14,35,20,21,27,23,10,32,19,40,34,25,15,33,16,34,14,23,13,39,39,,11,20,39,36,23,36,30,33,40,15,28,42,24,26,24,37,17,31,12,34,20,27,,40,14,12,42,31,12,20,17,26,14,29,7,5,17,6,6,3,11,9,32,28,11,24,8,10,13,11,8,14,21,14,26,30,22,25,23,30,7,22,26,36,30,20,13,25,16,8,11,15,47,24,28,23,13,14,20,19,32,23,15,16,20,23,11,19,34,29,13,8,10,37,11,9,34,22,15,39,15,5,33,21,11,21,35,21,17,15,20,8,13,16,12,23,13,12,11,12,6,12,15,18,40,30,25,33,45,32,32,24,23,26,4,10,6,23,14,10,18,8,17,12,15,6,5,11,8,7,13,26,13,8,18,12,4,4,3,8,3,,5,30,39,25,22,22,33,16,19,24,17,15,11,24,11,12,16,14,19,9,9,2,17,19,19,19,19,17,62,27,51,10,29,22,24,8,37,41,29,
20190228,14,NO2_24h,56,84,91,72,75,40,80,17,29,72,66,55,93,66,51,84,73,49,53,46,41,53,24,56,52,27,54,46,34,27,32,22,46,50,37,54,56,48,43,28,17,41,34,29,45,30,28,31,64,72,46,37,26,78,31,28,70,39,46,58,30,72,31,10,37,55,18,23,6,54,65,39,58,75,22,32,59,35,60,47,44,77,32,65,51,49,56,69,49,68,82,37,61,69,42,80,21,28,8,12,29,10,21,25,36,29,38,41,27,26,46,37,54,61,23,65,65,65,80,29,51,71,39,53,48,31,47,48,32,57,39,43,27,40,21,27,14,18,17,17,5,42,30,30,40,21,41,23,21,10,50,41,44,37,50,25,38,39,34,27,70,48,83,48,56,51,57,53,63,91,33,49,52,57,22,41,41,33,41,40,50,36,39,15,41,21,39,,64,28,33,40,57,53,63,44,67,51,59,31,9,38,39,24,7,11,39,68,68,37,48,35,36,27,23,18,24,45,36,42,45,42,60,17,37,14,46,33,61,36,15,20,41,41,50,35,44,33,38,26,22,13,23,21,16,20,32,20,17,21,28,16,26,41,61,28,30,42,43,28,36,33,32,49,29,32,12,26,25,26,29,28,23,22,19,22,10,13,18,15,38,22,17,20,26,13,17,17,25,38,30,29,34,44,24,44,26,20,35,8,16,11,30,14,14,17,14,17,8,14,17,9,26,10,17,14,18,24,9,20,14,5,26,4,8,3,12,5,35,74,30,43,33,35,36,31,28,31,22,23,29,23,14,32,20,15,23,15,10,22,32,34,28,38,40,57,28,42,10,40,31,53,11,16,38,30,
20190228,14,O3,77,134,54,106,75,105,96,104,78,93,122,113,51,112,94,90,50,96,108,81,46,68,80,114,109,86,60,76,66,73,90,94,125,61,75,13,45,58,71,52,68,50,37,27,61,40,77,63,126,97,112,38,46,23,73,82,22,69,65,51,108,19,15,69,22,33,30,85,88,63,64,76,105,57,47,44,88,113,49,101,96,90,63,112,124,135,135,144,123,103,140,119,119,60,125,138,40,110,68,70,33,80,29,72,17,124,157,7,97,130,82,143,125,125,77,120,82,91,89,104,100,129,77,75,85,50,93,116,132,104,112,110,87,86,76,80,71,70,81,37,71,71,39,88,14,34,60,46,45,70,97,115,64,57,94,96,90,114,79,72,139,149,141,110,143,146,151,195,161,129,145,141,157,78,86,91,60,89,78,74,47,93,67,93,55,23,68,,91,92,121,80,137,110,117,137,108,111,97,89,95,90,114,93,73,122,92,111,88,89,95,106,76,96,93,107,114,88,96,115,78,105,115,63,54,92,88,78,111,49,62,54,72,97,68,54,113,46,68,51,4,25,55,41,35,15,45,33,77,59,52,39,31,88,115,127,114,109,74,115,98,30,85,100,28,98,81,39,57,96,37,48,70,70,53,66,63,74,57,26,12,21,21,12,30,56,41,35,13,49,38,42,34,26,32,75,61,67,36,97,56,98,107,32,87,31,80,64,55,70,95,79,98,86,90,103,72,104,75,34,46,89,78,95,43,92,,91,77,90,73,61,64,65,101,112,74,114,78,83,60,87,107,95,103,77,93,66,88,89,97,95,78,91,94,48,65,49,70,79,65,79,63,39,60,68,
20190228,14,O3_24h,90,134,69,106,79,131,96,105,94,101,122,115,79,120,92,95,64,99,112,79,61,67,88,115,109,86,57,76,73,80,90,94,125,59,77,72,49,58,74,73,81,46,40,38,62,102,101,65,126,103,129,58,75,68,84,103,63,91,89,93,109,19,15,75,36,65,67,85,96,89,76,102,110,82,70,68,99,113,82,106,117,97,136,112,124,135,135,145,123,125,140,130,119,96,137,138,40,126,83,80,84,115,104,89,17,145,157,8,97,130,95,143,146,124,79,123,85,91,98,112,165,161,101,76,86,52,123,132,132,147,113,136,93,86,77,92,94,85,93,42,84,88,52,90,30,47,79,86,66,77,110,121,75,79,121,113,115,122,103,88,139,149,141,117,143,146,152,195,162,133,145,157,157,78,86,91,72,118,79,75,47,93,67,107,55,23,68,,91,92,121,132,154,111,128,140,127,119,116,102,95,109,114,93,76,123,96,111,88,100,95,106,76,107,94,107,114,104,129,137,132,122,162,99,85,92,90,79,111,61,67,56,78,97,96,64,113,46,69,133,41,62,76,103,35,50,46,44,77,88,54,46,37,119,130,127,114,110,103,115,99,54,89,100,63,98,81,65,59,97,52,84,73,91,63,80,86,77,79,26,20,22,24,12,72,69,42,37,16,75,69,53,41,68,58,76,64,67,63,108,68,101,103,48,100,64,94,87,68,87,96,79,98,91,91,104,94,106,83,81,76,89,72,103,46,92,80,99,99,100,103,85,89,105,110,128,101,114,78,99,95,99,116,106,115,89,109,121,99,91,107,103,94,100,99,147,92,102,87,101,73,102,76,76,97,102,
20190228,14,O3_8h,41,50,20,51,41,40,42,70,41,31,67,64,23,49,44,45,28,60,59,51,32,36,56,44,56,49,28,41,39,48,53,72,53,37,46,8,26,32,41,33,67,33,30,25,24,47,66,45,71,42,61,27,38,8,50,54,8,33,19,29,50,9,8,48,15,14,48,72,88,24,23,44,44,35,40,36,40,64,32,56,52,50,57,42,61,69,63,67,55,65,57,52,46,32,96,60,30,65,64,49,19,65,26,46,10,57,62,4,43,83,35,76,54,51,43,76,52,39,48,80,78,69,51,39,48,26,45,43,75,41,60,54,40,35,47,39,53,68,58,31,64,32,33,47,6,19,28,27,50,59,40,65,18,27,32,69,46,67,55,37,51,80,52,62,58,57,69,107,68,51,107,74,82,38,52,57,36,60,47,40,26,46,36,71,36,21,44,,31,37,69,74,53,51,50,69,42,46,44,58,68,55,54,68,51,110,56,57,53,50,65,55,28,53,54,83,84,68,66,81,58,82,94,56,41,72,40,33,49,44,57,47,42,52,44,30,57,36,45,50,6,20,24,43,21,22,34,26,57,60,34,30,31,41,47,78,60,54,27,68,54,18,34,41,27,52,49,30,39,51,17,51,57,44,42,59,56,55,34,16,8,9,20,8,14,56,37,28,6,33,29,21,12,9,25,50,23,66,18,59,48,77,56,23,75,26,57,68,60,51,64,68,45,42,54,52,39,45,64,14,42,84,53,89,36,79,63,83,35,33,41,28,34,40,54,48,46,63,55,58,46,56,103,36,84,64,60,52,71,82,47,50,53,63,52,28,60,26,64,46,43,36,55,60,61,37,
20190228,14,O3_8h_24h,42,50,20,51,41,51,42,71,41,33,67,64,28,49,44,45,40,60,59,60,42,48,63,50,56,54,40,47,45,52,53,72,53,37,54,11,27,32,41,36,75,33,30,29,37,88,68,45,71,43,65,41,47,8,55,63,8,33,20,29,60,9,8,48,23,14,59,72,89,37,23,65,44,47,50,48,40,68,49,56,52,50,65,42,69,74,63,67,55,69,57,56,46,32,107,60,30,65,75,53,19,72,42,46,10,57,62,4,43,83,35,111,54,52,53,76,52,39,48,82,78,69,51,39,48,28,62,43,75,44,66,54,40,35,48,40,63,76,58,32,64,35,35,64,7,23,34,46,59,59,43,65,18,29,35,70,48,67,75,38,51,80,52,65,58,58,69,107,68,51,114,74,82,47,53,67,46,61,51,49,28,55,43,72,36,21,46,,31,37,69,74,53,51,50,71,42,46,44,58,72,55,65,68,53,111,56,57,53,50,65,55,28,53,54,83,91,72,106,92,64,87,104,60,41,84,40,41,49,49,63,49,42,52,44,47,57,36,49,95,23,21,32,73,21,41,35,42,57,86,39,39,32,43,47,78,60,54,32,68,54,19,34,41,33,54,49,33,39,51,24,59,59,57,58,61,63,67,34,16,8,9,20,8,14,56,37,28,6,41,36,38,12,9,33,50,25,66,18,59,59,87,58,43,83,52,57,83,65,56,64,69,45,51,75,69,52,45,72,20,57,84,41,91,36,79,75,90,46,33,41,28,34,68,54,56,69,63,63,66,62,56,103,71,84,64,60,52,80,82,50,50,80,63,52,63,63,26,64,46,43,37,55,66,74,76,
20190228,14,CO,0.56,1.61,2.39,0.82,0.80,1.05,1.38,0.90,0.63,1.27,0.67,0.80,3.50,1.15,0.83,1.15,2.03,0.63,0.82,0.71,0.91,0.57,0.38,1.10,1.43,0.40,1.09,0.63,0.47,0.60,0.98,0.77,0.67,0.89,0.67,0.90,0.73,1.10,0.65,0.53,0.50,0.70,0.53,0.83,0.47,0.53,0.73,1.00,0.77,1.34,0.64,1.02,0.83,1.27,0.55,0.48,1.31,1.35,1.27,1.16,0.62,1.20,1.37,0.48,0.98,0.84,0.94,0.54,0.48,1.19,1.30,1.67,1.82,2.20,0.84,0.58,1.40,0.56,1.40,0.70,0.63,1.30,0.60,0.88,0.60,0.65,0.83,0.78,0.70,1.27,0.85,0.90,0.70,0.80,1.53,0.80,1.20,0.67,0.52,0.50,1.00,0.70,1.40,0.65,1.15,0.80,1.32,1.10,0.50,0.77,1.10,1.12,1.70,0.70,0.28,2.17,1.32,1.78,0.68,0.56,0.70,1.04,0.32,0.43,0.50,0.65,0.60,1.10,0.70,0.93,0.65,0.87,0.62,0.70,0.74,0.88,0.50,0.85,0.70,1.12,0.40,0.45,0.76,0.36,0.97,0.80,0.78,0.76,0.72,0.60,1.03,0.90,0.97,1.14,0.73,0.80,1.30,0.70,0.70,0.60,1.15,0.85,1.45,1.05,1.30,1.10,1.40,1.65,1.60,1.30,1.70,1.45,1.90,0.70,0.55,0.50,1.45,0.50,0.95,0.73,2.50,1.20,1.35,0.20,0.90,0.90,0.70,,1.50,0.47,0.65,0.90,1.52,0.72,0.57,0.98,0.75,0.77,1.07,0.30,0.30,0.45,0.25,0.20,0.40,0.65,0.40,1.88,0.60,0.80,0.93,0.70,0.55,0.90,0.95,0.10,0.63,0.63,0.63,1.07,1.25,0.87,0.70,0.45,1.45,0.30,0.72,0.60,0.73,0.53,0.85,0.70,0.60,0.37,0.70,0.50,0.40,0.60,0.57,0.70,1.00,1.00,0.63,0.50,0.75,2.47,1.00,0.55,1.40,0.65,1.00,0.85,1.10,0.70,1.22,0.60,0.83,0.60,1.08,0.43,0.33,1.24,0.85,0.72,0.80,0.53,0.80,0.90,0.60,0.63,0.90,0.82,0.75,0.93,0.75,0.67,0.78,1.10,0.50,1.15,1.75,0.97,1.00,1.10,1.15,0.90,1.05,1.05,1.10,1.00,0.80,1.03,0.83,0.77,0.85,0.87,0.73,1.00,0.77,0.20,0.35,0.47,0.55,1.00,0.80,0.85,0.20,0.70,0.40,0.50,0.50,0.50,0.40,0.70,0.55,0.67,0.70,0.50,0.60,0.90,0.70,0.40,0.30,0.45,0.55,0.85,,0.35,0.85,0.73,0.85,0.95,0.95,0.85,0.90,0.80,0.65,0.75,0.80,0.70,1.20,0.65,0.60,0.80,0.60,0.80,0.90,1.00,0.40,0.20,0.47,0.75,1.10,1.10,0.75,2.05,0.70,1.25,0.50,0.95,0.30,1.43,0.60,0.40,1.65,1.90,
20190228,14,CO_24h,0.86,1.59,2.09,1.30,2.38,1.07,1.78,0.80,0.77,1.25,1.23,1.25,2.20,1.46,1.25,2.58,1.35,1.22,1.25,0.61,0.77,0.77,0.45,1.05,1.11,0.43,0.99,0.77,0.47,0.58,0.90,0.53,0.73,0.91,0.76,0.93,0.77,0.90,0.87,0.57,0.53,0.73,0.57,0.90,0.61,0.66,0.67,1.07,1.06,0.93,0.69,0.61,0.74,1.68,0.63,0.57,1.56,0.97,1.27,0.98,0.70,1.70,1.31,0.50,0.89,0.93,0.73,0.60,0.48,1.15,1.37,1.43,1.28,1.97,0.70,0.55,1.90,0.78,1.18,1.60,1.17,1.98,0.57,1.15,0.97,0.85,1.50,1.70,0.92,1.58,1.73,0.95,1.03,0.67,1.43,1.40,1.30,0.82,0.55,0.67,1.05,0.70,1.20,1.40,2.00,1.10,1.20,2.10,1.27,0.77,2.35,1.54,2.14,1.50,0.63,2.67,1.98,3.00,1.58,1.00,2.25,1.66,0.80,0.70,0.67,0.82,0.74,1.30,0.80,1.40,0.80,1.00,0.76,1.10,0.80,1.00,0.53,1.00,0.90,1.13,0.50,0.63,0.76,0.62,0.83,0.80,0.90,0.76,0.68,0.65,1.10,1.20,1.50,1.04,0.87,1.00,0.75,0.70,0.76,0.73,2.15,1.15,1.15,0.65,0.70,2.10,2.60,2.35,2.70,3.00,1.30,1.40,1.95,0.83,0.55,0.60,0.85,0.60,1.00,0.87,2.10,1.40,1.15,0.20,1.00,0.80,0.70,,1.80,0.65,0.85,0.80,1.62,1.02,1.22,1.36,1.30,1.00,1.63,0.77,0.30,1.00,0.60,0.77,0.25,0.60,0.98,2.48,1.55,1.35,1.33,1.30,1.50,1.35,0.75,0.40,0.73,1.43,1.40,1.60,1.50,1.35,1.20,0.65,1.50,0.40,0.73,0.62,0.93,0.63,0.70,0.67,0.60,0.60,0.80,0.63,0.45,0.60,0.73,0.80,1.20,0.90,0.90,0.70,0.75,1.23,1.07,0.50,1.40,0.78,1.37,0.88,1.15,0.80,1.15,0.80,1.03,0.72,1.00,0.50,0.60,1.10,1.00,0.95,0.53,0.78,0.80,0.65,0.60,0.77,1.05,0.76,0.90,1.00,0.97,0.77,0.98,0.92,0.75,1.30,1.63,1.30,1.07,1.55,1.40,0.85,1.00,1.00,1.15,0.97,0.73,0.98,0.90,0.83,0.85,0.72,0.70,1.10,0.77,0.40,0.45,0.63,1.05,0.87,0.90,0.85,0.25,0.85,0.50,0.50,0.80,0.55,0.45,0.75,0.60,0.50,0.65,0.60,0.60,0.80,0.70,0.50,0.50,0.45,0.60,0.95,0.40,0.35,1.15,1.67,0.95,1.10,1.00,0.80,1.20,0.85,0.80,0.75,0.95,0.90,1.20,0.80,0.80,0.80,0.60,0.70,1.00,1.00,0.50,0.40,0.67,0.85,1.25,1.75,1.10,1.80,0.60,1.25,0.50,1.55,0.45,2.17,1.00,1.00,1.60,2.00,
20190228,15,AQI,80,216,221,111,64,139,199,68,62,138,113,119,349,80,80,68,128,61,130,47,79,56,46,75,120,56,62,60,64,61,79,64,79,71,39,33,80,44,44,31,22,30,29,34,73,16,80,36,116,203,128,60,51,69,28,30,69,134,92,101,57,84,42,26,66,89,54,27,37,125,61,71,73,211,65,53,78,55,131,81,62,143,56,123,93,90,105,125,115,181,146,75,145,129,207,108,20,53,30,35,49,34,36,34,20,91,86,84,31,84,88,143,156,73,57,113,71,70,67,42,216,180,64,43,46,53,104,186,78,134,71,141,68,62,40,53,43,30,36,31,21,58,63,27,94,81,64,83,23,26,208,123,119,116,138,66,87,50,80,163,146,111,163,146,7,186,141,157,131,91,108,94,143,64,51,55,64,47,68,58,68,59,91,42,51,73,36,,93,63,54,91,177,60,73,129,66,71,72,44,30,64,38,29,71,61,50,105,67,51,104,53,55,68,63,34,65,70,78,145,347,153,81,45,380,29,90,105,115,86,94,30,70,83,91,66,55,98,90,27,11,10,54,12,33,61,50,33,25,40,50,35,36,174,148,83,68,61,103,89,54,69,71,81,73,85,39,60,50,31,42,69,49,64,26,43,52,29,51,35,109,50,20,32,39,29,20,47,43,65,64,95,93,78,60,60,54,69,91,29,19,30,38,39,41,43,29,53,29,26,32,24,33,45,28,53,58,41,22,43,28,28,19,45,23,31,,29,83,58,69,41,61,53,68,78,84,89,96,32,43,27,36,69,37,49,31,21,137,30,73,63,75,90,68,275,59,201,131,143,104,55,30,82,265,264,
20190228,15,PM2.5,59,166,171,84,36,106,149,27,15,105,85,90,299,59,45,46,97,39,99,33,58,40,32,55,91,40,42,43,46,44,58,46,58,52,25,23,59,30,31,20,14,19,20,19,53,11,59,20,88,153,97,43,36,43,17,19,48,102,66,76,33,62,19,13,48,66,30,14,10,95,44,52,53,161,47,37,56,22,100,60,32,109,40,93,69,67,79,95,87,137,112,53,111,98,157,81,14,32,18,18,30,14,25,24,10,68,64,62,19,62,65,109,119,53,22,85,38,51,48,26,166,136,46,30,30,37,78,140,57,102,52,108,49,38,28,37,28,15,25,21,9,41,45,15,70,60,46,61,14,10,158,93,90,88,105,44,48,35,59,67,112,84,124,112,,140,108,120,100,65,81,45,109,46,31,39,46,33,49,41,49,42,68,28,32,53,25,,69,45,38,68,134,30,53,98,48,52,42,12,10,44,22,12,18,44,11,79,38,21,78,37,37,49,45,16,47,51,57,111,297,117,60,18,330,12,67,79,87,64,70,20,51,61,68,48,39,73,67,14,4,5,37,6,18,44,34,22,10,17,35,22,16,132,113,61,49,44,77,66,38,50,52,60,53,63,26,43,35,20,21,50,34,46,18,27,33,18,35,14,82,27,13,19,27,20,10,33,30,47,46,71,69,57,39,42,38,50,68,8,5,11,16,27,21,30,11,37,20,12,8,8,20,18,12,37,41,20,12,29,17,13,4,10,10,9,,3,47,41,50,29,44,37,49,57,62,53,72,21,30,10,11,50,26,34,21,10,17,11,53,45,50,39,30,225,42,91,49,68,31,39,21,,215,214,
20190228,15,PM2.5_24h,65,136,173,94,79,113,147,24,22,91,129,129,202,107,45,146,86,116,225,30,45,43,30,49,75,45,40,44,46,42,55,39,60,45,29,26,57,37,33,16,16,14,13,14,50,40,46,30,103,67,87,26,41,66,31,30,69,39,52,55,41,107,23,14,63,57,16,17,10,82,48,46,62,145,48,41,59,33,100,99,79,133,62,107,115,87,149,178,94,182,188,48,123,57,181,160,15,42,20,25,29,31,34,37,35,63,54,54,22,52,55,107,137,118,26,110,140,107,129,99,425,269,147,55,47,44,97,111,70,122,75,104,42,43,28,42,34,14,30,14,13,47,57,15,70,62,53,63,15,13,154,138,75,74,94,47,41,53,51,64,197,105,74,42,79,215,195,166,259,185,73,72,80,49,32,34,38,32,50,35,39,45,58,20,31,36,14,,88,57,59,52,131,69,103,127,105,82,61,54,19,57,31,66,18,43,73,118,120,50,113,105,64,67,124,47,61,167,218,246,290,285,153,31,328,29,63,66,72,54,36,12,60,61,53,40,55,39,64,48,12,10,29,34,14,40,31,21,13,20,37,20,18,105,91,71,78,71,91,61,60,38,57,70,25,65,30,24,35,33,33,47,47,68,21,42,43,36,42,13,41,32,15,34,43,12,9,17,33,37,47,62,56,52,48,48,45,58,56,15,11,13,33,23,46,16,16,22,10,16,16,6,32,23,16,30,32,32,14,20,19,12,13,7,12,19,7,5,45,99,57,45,42,47,75,82,63,41,61,37,34,22,19,59,35,32,33,18,10,9,59,62,42,43,31,148,36,74,42,85,34,63,16,6,166,132,
20190228,15,PM10,91,210,265,145,77,193,211,86,74,168,131,133,392,104,109,85,143,72,168,45,79,53,43,83,140,51,73,55,58,58,85,61,92,73,39,33,79,44,41,31,22,30,20,34,55,16,94,36,128,220,119,55,,88,28,30,88,127,133,89,63,49,42,26,70,94,58,17,37,164,65,72,86,111,53,44,106,60,173,92,74,152,47,140,115,103,128,119,141,231,166,99,187,157,218,126,13,56,30,35,49,34,34,28,20,73,95,112,29,97,117,138,154,88,63,132,91,85,83,42,153,190,69,36,46,,86,161,62,146,66,120,62,74,40,37,43,30,32,31,17,54,46,27,101,75,55,86,23,26,,95,121,90,137,81,124,44,78,275,149,116,203,161,,177,214,199,194,132,133,137,206,61,51,49,69,42,57,61,71,64,94,42,52,75,34,,100,54,53,120,180,70,77,142,78,75,94,44,18,78,30,27,92,58,50,109,84,52,126,45,59,75,64,27,66,79,94,185,330,150,106,45,368,,87,103,95,76,74,30,55,79,90,68,57,77,,27,5,5,57,12,33,60,50,33,11,40,47,35,36,156,158,67,46,64,105,77,53,83,81,78,70,81,39,68,38,29,42,46,35,54,26,43,54,29,51,35,97,50,20,32,29,21,20,45,43,59,63,77,84,80,69,70,46,66,85,14,13,25,38,33,41,43,19,44,,20,32,21,33,45,21,52,64,41,14,43,28,14,18,45,23,24,,18,115,52,55,35,47,52,77,105,88,127,69,32,43,19,18,58,37,47,27,17,224,26,56,58,100,130,85,301,63,351,212,235,158,56,25,114,239,297,
20190228,15,PM10_24h,90,164,272,154,143,187,209,67,66,149,181,177,285,157,95,197,116,129,243,37,60,53,37,77,124,48,62,59,55,54,83,56,96,63,42,35,72,48,51,25,26,25,16,20,54,56,61,43,159,111,105,31,52,130,48,47,142,55,103,72,59,138,41,30,83,85,28,34,34,137,69,69,113,180,59,49,119,76,139,135,87,179,67,159,173,136,168,232,162,280,266,98,166,98,234,215,18,53,30,44,49,44,41,52,57,82,82,88,45,96,109,142,189,168,66,162,194,161,159,116,374,331,181,41,54,39,129,142,89,181,100,127,50,78,38,44,45,18,46,21,27,66,60,33,90,80,73,84,23,32,157,156,91,82,131,105,129,102,72,268,255,160,125,68,120,266,320,238,317,287,102,138,139,65,43,51,51,43,70,47,52,58,76,34,46,48,26,,122,78,93,92,197,163,157,182,143,119,146,90,23,123,64,85,75,72,106,160,157,92,150,120,82,93,149,78,74,201,275,301,334,286,216,61,318,93,89,91,91,65,30,19,67,86,90,55,79,43,63,57,25,16,48,54,21,56,43,21,20,38,48,31,30,138,132,88,89,95,106,82,91,67,89,93,44,92,49,44,39,51,56,50,45,76,28,54,65,54,55,29,57,49,24,56,64,14,16,22,53,55,65,71,68,83,69,69,53,66,71,21,16,25,54,29,59,25,29,27,14,24,42,26,48,42,24,48,48,52,23,34,53,13,26,19,46,37,9,11,80,129,67,62,59,69,119,165,84,108,73,45,53,46,25,66,46,44,42,35,31,34,80,72,67,139,82,197,64,277,217,278,159,94,40,16,196,188,
20190228,15,SO2,5,17,36,12,11,21,22,15,23,15,20,12,72,17,17,20,22,6,20,9,13,7,9,17,19,12,14,11,21,8,5,22,11,11,6,8,11,9,7,4,5,6,5,6,4,4,6,5,23,22,9,8,4,6,6,6,12,9,11,14,7,13,7,5,12,7,20,8,4,9,11,20,11,12,10,10,59,14,23,26,20,65,10,20,13,9,16,15,20,26,21,10,16,14,26,23,5,8,4,2,6,7,6,5,7,10,14,28,7,10,52,14,19,14,9,28,30,27,27,10,20,10,8,6,8,9,12,15,11,12,11,7,7,10,5,6,2,6,5,10,3,5,9,9,10,7,4,4,11,11,9,8,6,6,9,6,17,7,7,7,26,18,20,16,20,14,20,25,20,24,21,21,17,13,9,22,24,12,8,12,10,13,11,11,7,1,4,,32,5,7,5,15,10,13,7,20,17,30,7,3,14,19,3,8,13,6,29,8,9,7,13,12,21,8,9,10,6,7,8,7,12,3,55,16,7,15,14,16,8,9,9,5,3,5,7,3,7,7,4,5,3,7,7,10,11,21,11,4,8,11,5,6,18,20,10,6,6,6,6,3,12,10,7,8,9,5,6,6,5,3,9,14,5,5,5,4,3,8,9,7,8,7,8,7,8,7,9,4,9,10,10,5,7,16,5,6,3,5,9,16,12,13,23,3,19,3,14,6,5,7,7,5,9,10,16,6,6,4,7,8,6,4,3,9,4,,3,6,6,8,28,17,12,5,10,7,13,8,8,9,12,7,14,18,16,12,18,,5,11,10,8,15,13,25,19,17,6,7,15,15,5,18,11,63,
20190228,15,SO2_24h,6,22,38,25,31,18,30,13,9,14,28,22,52,26,19,54,28,20,23,6,8,6,8,20,16,8,10,10,8,6,5,7,7,9,6,7,10,6,7,4,5,5,4,5,3,5,6,4,24,16,11,5,4,7,4,6,12,5,7,10,7,15,8,5,10,8,11,13,3,8,14,15,17,8,10,7,35,21,17,48,21,105,10,25,22,14,27,39,30,23,29,14,21,12,24,31,6,9,4,4,7,7,6,6,8,15,15,14,12,9,51,21,34,37,20,48,36,34,57,15,33,18,16,5,11,10,10,15,13,13,11,10,7,11,5,8,2,7,6,8,2,6,9,16,11,7,4,4,12,12,7,13,10,7,7,17,11,27,5,6,31,20,25,10,20,27,23,31,17,48,13,12,10,10,7,13,6,9,6,8,7,11,7,9,7,1,3,,62,5,10,5,26,54,43,16,43,35,84,15,3,37,22,11,8,13,63,45,32,31,25,14,25,26,15,13,15,17,19,18,13,21,17,14,13,27,9,15,15,13,9,10,9,3,10,7,4,7,7,6,8,5,11,9,6,8,14,9,4,8,11,6,15,13,16,15,7,8,6,7,5,9,17,11,4,10,6,3,5,6,4,7,12,5,5,5,3,3,7,8,8,9,7,10,21,7,7,7,4,8,10,8,5,9,10,8,6,2,6,9,19,17,19,20,2,11,3,21,4,5,10,7,5,9,13,24,10,6,4,7,8,6,4,4,9,4,6,3,9,20,15,40,16,15,9,14,7,20,9,14,10,13,11,11,19,13,10,22,5,5,15,13,8,15,16,18,12,10,6,13,21,26,4,3,16,11,
20190228,15,NO2,34,29,82,37,28,20,45,20,14,39,20,23,102,22,19,28,68,22,35,34,52,45,18,31,32,23,48,33,24,23,19,26,25,40,35,51,47,30,26,19,15,27,22,25,30,29,27,25,34,48,27,48,27,57,18,21,63,122,79,80,16,35,25,6,37,53,37,12,6,40,47,40,21,73,29,37,34,11,66,20,20,59,29,33,17,16,20,22,26,67,28,11,17,65,48,23,15,14,6,8,11,5,17,4,22,14,23,34,10,14,33,22,22,13,11,37,32,34,32,16,19,37,16,20,25,20,21,23,12,21,14,16,21,26,17,17,13,16,6,14,5,23,32,16,38,20,23,22,24,10,36,15,36,34,25,14,17,14,27,11,22,14,28,41,,11,21,33,32,23,37,32,37,43,14,31,,25,25,22,53,17,34,10,16,21,26,,,13,12,56,22,11,18,13,19,21,22,10,7,14,7,7,2,11,7,32,21,7,17,11,11,15,12,8,12,21,15,29,33,22,30,20,37,8,24,23,42,38,22,13,23,19,11,13,12,46,26,26,22,13,15,21,23,33,26,15,15,17,26,12,22,29,26,14,10,10,25,12,8,34,21,13,38,17,6,35,20,11,21,37,24,17,18,20,12,14,12,13,24,13,12,11,15,5,12,18,22,39,28,29,33,38,32,25,22,20,23,5,10,6,23,13,11,18,7,22,16,7,6,6,11,11,8,9,10,12,11,20,11,4,7,3,8,2,,6,24,34,20,22,22,26,16,16,19,18,21,14,27,13,9,,15,22,11,7,,19,18,18,21,21,12,56,24,26,8,20,12,22,6,36,40,36,
20190228,15,NO2_24h,55,83,92,72,76,40,80,17,29,72,64,54,93,66,51,83,73,48,52,45,42,52,24,56,50,27,53,45,34,28,32,23,46,49,36,55,56,48,42,28,16,40,33,29,45,31,29,31,63,72,46,38,26,76,31,28,70,44,49,60,30,64,30,10,37,56,18,23,6,54,65,40,58,76,22,32,60,35,61,47,44,78,32,64,51,49,56,69,49,69,81,37,61,70,42,79,20,28,8,12,28,12,21,25,35,28,38,40,27,26,47,37,54,60,23,65,64,63,79,29,48,71,38,52,46,32,47,48,31,57,38,43,27,40,21,28,14,18,17,17,5,42,30,30,41,21,41,23,22,10,50,40,45,37,49,25,29,42,34,27,72,49,85,49,58,51,60,54,64,94,34,50,53,57,22,41,39,33,42,39,50,36,38,15,40,21,39,,67,28,33,42,57,52,63,43,67,50,59,30,9,38,39,23,7,11,39,68,67,37,47,34,36,27,22,18,24,45,36,42,45,42,57,17,38,14,46,33,61,41,15,20,41,41,50,35,44,33,38,26,22,13,23,21,16,20,31,20,17,20,28,15,26,41,61,28,30,41,44,28,36,33,32,49,30,32,12,27,25,26,28,28,23,22,19,21,10,13,18,15,37,21,16,19,26,12,16,17,25,39,30,29,35,45,25,44,25,20,35,8,15,11,30,14,14,17,14,17,9,14,17,8,26,10,17,14,18,24,9,21,14,5,26,3,8,3,13,5,33,74,30,42,33,35,36,31,28,31,22,23,29,23,14,32,20,16,22,14,10,22,32,33,28,38,40,58,28,42,10,40,31,53,11,17,38,31,
20190228,15,O3,80,135,63,105,76,124,126,116,87,125,130,123,70,115,102,91,57,93,106,83,54,68,84,113,120,89,62,83,76,84,90,101,130,61,69,11,51,67,77,55,64,55,39,29,73,32,80,65,132,122,122,39,51,36,69,77,32,73,62,46,110,20,16,66,25,37,26,85,91,82,70,82,97,59,46,40,98,118,47,108,91,93,63,118,132,144,138,141,132,103,143,140,133,71,128,142,39,111,68,68,41,79,34,72,18,152,171,9,99,136,89,153,139,128,83,119,83,98,90,107,95,120,81,81,79,56,109,126,141,116,116,126,93,73,78,85,73,53,90,40,66,79,40,85,17,31,63,52,47,71,94,118,92,60,104,100,116,121,91,75,148,151,153,120,,152,156,199,170,136,159,140,158,80,96,97,59,88,85,85,40,101,67,102,70,24,75,,88,94,121,64,149,112,121,148,119,105,110,89,96,96,120,94,74,124,88,114,94,93,93,105,82,89,97,109,112,86,96,114,76,100,102,66,37,92,92,87,103,47,64,53,77,96,90,59,115,47,69,45,6,25,52,38,31,13,46,36,80,64,49,40,30,107,130,132,116,112,97,118,103,34,91,105,32,95,81,38,57,99,35,48,69,79,46,69,60,74,63,24,12,30,24,12,29,57,40,35,13,51,41,46,31,37,37,83,65,72,43,94,60,97,106,40,87,38,93,59,49,83,96,78,106,78,89,104,92,118,69,38,47,90,61,96,43,100,,93,76,95,77,67,69,72,103,122,85,121,81,79,61,87,116,128,103,78,98,67,97,95,104,104,84,94,97,65,70,81,81,90,75,88,70,47,65,71,
20190228,15,O3_24h,88,138,70,109,79,131,122,113,94,125,130,123,79,120,102,96,71,101,110,84,64,70,88,119,120,89,63,83,75,84,91,98,130,61,78,65,56,67,78,66,81,55,41,38,75,101,101,66,133,121,131,56,74,62,83,101,46,90,87,84,112,20,17,70,34,63,67,87,95,92,81,102,114,84,68,68,104,118,79,109,108,98,124,118,132,144,138,146,132,123,144,140,133,94,137,142,41,118,81,79,80,102,104,85,18,153,171,9,99,136,95,153,146,126,83,123,87,98,90,108,139,160,88,81,86,56,123,132,141,147,116,136,91,86,79,91,92,85,99,42,79,85,48,90,23,47,71,86,66,77,110,122,92,79,117,113,116,120,103,88,148,151,153,123,134,152,156,199,170,136,159,140,158,80,96,97,73,88,85,85,40,101,67,105,70,24,75,,88,95,122,132,154,113,127,148,127,119,116,99,96,109,120,94,76,124,92,115,94,98,95,106,82,107,97,109,114,98,128,137,132,122,162,99,78,92,97,88,111,56,68,56,77,99,96,65,116,47,70,131,35,51,72,103,36,50,46,44,80,88,54,43,37,119,132,132,116,112,107,118,103,55,92,105,57,98,81,63,59,99,51,83,73,85,63,80,86,76,76,26,20,30,25,13,72,69,42,37,14,74,69,52,41,68,58,83,66,72,63,108,67,101,103,46,100,56,97,87,68,87,96,79,106,91,91,105,92,118,82,81,75,90,69,103,46,100,80,99,96,102,103,85,89,100,110,128,100,121,81,92,95,97,116,128,112,87,109,112,99,95,109,104,94,100,99,147,92,102,87,101,75,102,76,74,97,102,
20190228,15,O3_8h,49,66,27,62,48,54,56,76,51,46,80,73,32,62,56,56,33,70,69,56,36,43,60,55,73,56,34,46,43,53,63,76,69,43,51,8,30,39,47,37,67,37,32,26,31,44,69,50,83,54,71,28,40,12,55,59,11,42,26,34,64,10,10,51,17,18,43,74,89,34,33,49,53,42,40,36,52,75,37,67,62,60,57,56,74,85,80,76,70,73,76,70,63,39,103,78,31,76,64,52,23,68,28,53,12,74,83,4,54,94,43,88,66,63,51,86,60,49,56,86,85,83,59,48,55,32,56,58,89,55,72,69,50,43,54,47,57,65,64,33,65,39,34,54,8,21,36,31,48,61,52,76,30,33,45,74,67,65,59,42,78,96,81,80,10,82,96,127,96,74,123,110,98,48,64,66,40,64,59,51,27,61,45,81,46,22,51,,45,48,83,75,70,64,62,83,56,58,56,65,74,61,69,76,55,112,65,67,64,60,73,67,36,61,63,91,92,74,72,88,61,89,100,58,44,76,50,43,62,42,57,48,49,63,55,34,71,37,50,48,5,21,30,41,23,19,35,27,61,60,38,32,31,52,62,89,74,68,39,79,67,20,44,53,27,61,56,31,43,63,20,49,58,49,42,60,57,57,39,18,8,13,21,9,18,57,38,30,7,35,31,24,16,13,27,56,29,68,22,65,49,82,63,25,76,26,65,65,58,57,70,69,56,49,62,62,47,56,65,18,42,85,51,90,37,82,62,84,46,44,48,35,40,44,62,62,52,72,60,61,49,60,104,52,88,67,67,55,74,84,57,59,60,69,57,33,61,35,66,52,46,42,56,56,61,42,
20190228,15,O3_8h_24h,49,66,27,62,48,55,56,76,51,46,80,73,35,62,56,56,42,70,69,61,43,48,63,60,73,56,40,49,46,54,63,76,69,43,54,11,30,39,47,39,76,37,32,29,38,88,69,50,83,54,72,42,47,12,60,66,11,42,26,34,66,10,10,51,23,18,59,74,89,42,33,65,53,50,50,48,52,75,49,67,62,60,65,56,78,85,80,76,70,75,76,70,63,39,110,78,31,76,75,54,23,75,42,53,12,74,83,4,54,94,43,111,66,63,55,86,60,49,56,86,85,83,59,48,55,32,64,58,89,55,73,69,50,43,54,47,63,76,64,33,65,40,36,64,8,24,40,46,59,61,52,76,30,34,45,74,67,68,75,42,78,96,81,80,37,82,96,127,96,74,123,110,98,53,64,67,53,64,59,54,28,61,46,81,46,22,51,,45,48,83,75,70,64,62,83,56,58,56,65,75,61,72,76,56,113,65,67,64,60,73,67,36,61,63,91,96,77,110,94,65,92,104,60,44,84,50,47,62,47,63,50,49,63,55,48,71,37,51,95,23,22,35,73,23,41,36,42,61,86,39,39,32,52,62,89,74,68,39,79,67,21,44,53,33,61,56,33,43,63,26,59,60,57,58,61,63,67,39,18,8,13,21,9,18,57,38,30,7,42,37,38,16,13,33,56,30,68,22,65,59,87,63,43,83,52,65,83,65,59,70,69,56,51,75,73,56,56,72,20,57,85,51,91,37,82,75,90,55,44,48,35,40,68,62,62,72,72,63,67,62,60,104,71,88,67,67,55,80,84,57,59,80,69,57,63,63,35,66,52,46,43,56,66,74,76,
20190228,15,CO,0.66,1.25,2.16,0.70,0.82,0.72,1.43,0.90,0.68,1.15,0.67,0.75,3.27,0.97,0.72,0.85,1.64,0.59,0.70,0.67,0.79,0.56,0.43,1.10,1.50,0.37,0.90,0.60,0.50,0.58,0.92,0.82,0.70,0.90,0.64,0.90,0.73,0.93,0.60,0.53,0.30,0.67,0.45,0.87,0.43,0.57,0.73,0.99,0.76,1.24,0.60,1.20,0.80,1.24,0.55,0.48,1.30,1.45,1.40,1.26,0.70,1.13,1.33,0.45,0.99,0.77,0.98,0.54,0.48,1.09,1.00,1.67,1.53,2.24,0.90,0.62,1.28,0.56,1.45,0.77,0.77,1.23,0.53,0.85,0.60,0.65,0.83,0.78,0.70,1.42,0.82,0.85,0.77,0.80,1.33,0.68,1.23,0.67,0.46,0.53,0.95,0.60,1.35,0.65,1.20,0.95,1.23,1.15,0.53,0.77,1.07,1.02,1.42,0.62,0.23,1.58,1.15,1.92,0.63,0.63,0.57,1.08,0.38,0.43,0.53,0.67,0.59,1.10,0.70,0.87,0.67,0.80,0.66,0.80,0.74,0.80,0.40,0.80,0.63,1.12,0.40,0.40,0.72,0.24,1.07,0.80,0.75,0.70,0.70,0.55,0.97,0.83,0.90,1.06,0.67,0.75,1.00,0.70,0.68,0.53,1.05,0.90,1.25,1.15,,1.05,1.35,1.45,1.70,1.30,1.35,1.45,2.00,0.70,0.50,0.50,2.10,0.50,0.95,0.70,2.55,1.20,1.30,0.20,0.80,0.90,0.65,,,0.45,0.63,0.90,1.16,0.66,0.55,0.92,0.60,0.93,0.87,0.30,0.35,0.40,0.35,0.20,0.40,0.65,0.32,1.53,0.45,0.67,0.53,0.80,0.55,1.15,0.95,0.10,0.70,0.60,0.67,1.23,1.40,0.80,0.80,0.50,1.80,0.30,0.65,0.58,0.77,0.60,0.80,0.67,0.45,0.40,0.70,0.43,,0.60,0.60,0.63,1.07,1.03,0.73,0.60,0.80,2.20,1.00,0.60,1.35,0.63,0.93,0.90,1.10,0.73,1.15,0.57,0.83,0.58,0.96,0.40,0.33,1.22,0.85,0.70,0.85,0.50,0.80,0.90,0.70,0.75,0.95,0.82,0.77,0.80,0.83,0.67,0.80,2.30,0.55,1.23,1.77,0.97,1.00,1.10,1.10,0.85,1.05,1.05,1.10,0.93,0.77,1.03,0.80,0.73,0.78,0.70,0.70,0.80,0.70,0.20,0.30,0.43,0.52,0.97,0.75,0.85,0.20,0.75,0.40,0.40,0.55,0.55,0.45,0.70,0.55,0.57,0.60,0.50,0.65,0.90,0.70,0.40,0.35,0.40,0.55,0.75,,0.35,0.90,0.67,0.80,0.85,0.90,0.90,0.80,0.75,0.65,0.75,0.80,0.70,1.30,0.65,0.60,,0.60,0.80,0.90,0.90,0.40,0.20,0.43,0.70,1.15,1.15,0.75,2.20,0.40,0.70,0.50,0.80,0.10,1.45,0.70,0.20,1.75,2.50,
20190228,15,CO_24h,0.86,1.61,2.11,1.30,2.26,1.05,1.80,0.80,0.77,1.25,1.23,1.20,2.25,1.44,1.23,2.54,1.38,1.19,1.24,0.61,0.77,0.77,0.43,1.08,1.13,0.43,0.98,0.75,0.47,0.58,0.92,0.53,0.73,0.90,0.74,0.93,0.77,0.90,0.83,0.57,0.53,0.70,0.57,0.90,0.60,0.66,0.67,1.09,1.06,0.96,0.66,0.66,0.76,1.69,0.65,0.55,1.55,1.00,1.33,1.00,0.72,1.60,1.31,0.50,0.89,0.93,0.73,0.62,0.48,1.16,1.37,1.43,1.32,2.00,0.68,0.55,1.94,0.78,1.22,1.60,1.17,1.97,0.57,1.15,0.97,0.85,1.47,1.92,0.94,1.58,1.67,0.95,1.03,0.73,1.43,1.37,1.30,0.82,0.53,0.67,1.05,0.65,1.25,1.40,2.00,1.10,1.23,2.10,1.27,0.77,2.38,1.52,2.12,1.48,0.68,2.67,1.97,2.98,1.60,0.97,2.05,1.66,0.78,0.70,0.65,0.82,0.74,1.30,0.80,1.40,0.80,1.00,0.76,1.10,0.80,0.98,0.53,1.00,0.90,1.13,0.50,0.63,0.76,0.60,0.87,0.80,0.90,0.76,0.68,0.65,1.10,1.20,1.50,1.07,0.87,1.05,0.70,1.03,0.76,0.73,2.15,1.15,1.15,0.65,0.60,2.15,2.70,2.40,2.80,3.00,1.55,1.40,2.00,0.83,0.55,0.60,1.00,0.50,1.00,0.87,2.10,1.40,1.15,0.20,1.00,0.80,0.70,,1.90,0.65,0.85,0.80,1.62,1.02,1.20,1.36,1.30,1.00,1.63,0.77,0.30,1.00,0.60,0.77,0.25,0.60,0.98,2.53,1.50,1.35,1.30,1.30,1.50,1.35,0.75,0.35,0.73,1.43,1.40,1.60,1.50,1.32,1.20,0.65,1.50,0.40,0.73,0.62,0.93,0.62,0.70,0.67,0.60,0.60,0.80,0.63,0.45,0.60,0.73,0.80,1.17,0.90,0.90,0.70,0.75,1.25,1.07,0.50,1.40,0.78,1.37,0.88,1.15,0.80,1.15,0.80,1.03,0.72,1.00,0.50,0.60,1.08,1.00,0.95,0.53,0.78,0.80,0.65,0.60,0.80,1.05,0.76,0.90,1.00,0.95,0.77,0.95,0.85,0.75,1.30,1.63,1.27,1.03,1.55,1.40,0.80,1.00,1.00,1.15,1.00,0.73,0.98,0.90,0.83,0.85,0.75,0.73,1.00,0.77,0.40,0.45,0.63,1.05,0.87,0.90,0.85,0.25,0.85,0.50,0.50,0.80,0.55,0.45,0.75,0.60,0.53,0.65,0.65,0.60,0.80,0.70,0.50,0.50,0.45,0.60,0.95,0.40,0.35,1.27,1.63,0.95,1.10,1.05,0.80,1.20,0.85,0.80,0.75,0.95,0.90,1.20,0.80,0.80,0.80,0.60,0.70,1.00,1.00,0.50,0.30,0.70,0.85,1.25,1.70,1.15,1.85,0.60,1.25,0.50,1.50,0.45,2.20,1.00,0.90,1.60,2.00,
20190228,16,AQI,98,181,220,94,74,144,233,68,65,200,116,126,273,88,73,64,95,66,100,49,69,58,45,80,126,63,61,63,64,60,81,64,76,71,37,36,76,44,49,35,24,33,26,30,69,21,62,38,118,174,118,63,51,68,28,29,72,89,88,118,60,75,43,25,79,84,55,26,59,115,60,69,69,207,66,51,75,55,130,100,64,103,29,128,85,88,113,125,119,205,144,78,141,115,174,109,23,49,21,34,43,39,36,37,21,83,78,76,31,88,90,129,130,68,56,95,70,78,67,51,131,157,75,38,49,50,100,191,74,134,66,126,74,62,41,44,41,34,37,33,21,58,53,25,105,83,59,88,23,38,190,109,118,114,125,55,89,47,78,159,136,118,181,157,46,173,169,150,117,88,75,84,145,61,48,63,66,49,76,55,65,64,93,48,50,71,42,69,71,55,56,96,150,60,64,131,56,78,62,46,29,63,47,29,52,65,37,96,69,39,80,47,39,51,80,34,60,69,108,123,362,130,104,43,467,27,83,103,115,95,89,25,63,75,85,59,54,98,99,27,12,10,53,12,44,56,52,37,24,39,50,35,37,164,148,85,66,55,91,85,53,70,60,69,71,84,37,64,51,31,40,61,44,54,32,40,51,27,44,31,86,49,21,26,39,24,26,46,45,60,64,94,104,65,63,52,56,71,85,30,18,31,40,33,37,50,32,54,21,26,54,46,42,45,27,53,47,43,24,48,26,27,20,89,27,30,26,29,65,55,65,46,58,54,63,77,65,91,86,56,51,28,37,68,44,50,34,21,17,32,68,54,73,94,68,276,55,156,140,143,108,51,29,,253,241,
20190228,16,PM2.5,73,137,170,70,50,110,183,36,16,150,88,96,223,65,38,38,71,44,75,34,50,41,31,59,96,45,42,45,46,43,60,46,56,52,25,25,56,31,34,22,13,21,18,20,50,13,44,24,89,132,89,45,36,42,16,19,52,66,65,89,43,55,25,12,58,62,33,12,12,87,43,50,50,157,48,36,53,25,99,75,43,77,19,97,63,65,85,95,90,155,110,55,108,87,132,82,16,28,14,15,28,17,24,23,12,61,57,51,20,65,67,98,99,49,18,71,44,57,42,33,100,120,55,21,28,35,75,144,54,102,48,96,54,36,29,31,26,14,20,23,10,41,37,14,79,61,42,65,15,10,143,82,89,86,95,34,56,33,57,61,104,89,137,120,,131,128,115,67,65,54,34,111,44,31,45,48,34,56,39,47,46,69,29,30,52,24,50,52,39,40,72,115,29,46,100,38,57,41,16,9,36,21,15,26,47,10,72,37,18,59,33,22,29,59,18,43,50,81,93,312,99,78,18,450,11,61,77,87,71,66,17,45,55,63,42,38,73,74,14,4,4,37,6,24,40,32,25,6,18,35,22,19,125,113,63,48,39,68,63,37,51,43,50,52,62,23,46,36,20,23,44,31,38,19,28,34,14,31,14,64,28,15,18,27,17,14,26,31,43,46,70,78,47,45,34,40,52,63,11,3,10,14,23,22,33,13,38,15,9,7,32,24,17,13,37,27,21,17,23,18,11,5,13,9,10,2,3,46,39,47,32,41,38,44,56,47,51,64,23,35,13,14,49,31,32,24,12,4,8,49,38,49,39,23,226,36,63,44,67,32,34,20,,203,191,
20190228,16,PM2.5_24h,64,139,177,95,83,113,151,25,22,95,129,128,202,106,46,144,85,112,217,30,46,43,30,51,77,45,40,44,46,42,56,41,62,47,30,25,58,38,34,16,16,14,13,14,51,39,46,31,104,71,87,27,40,65,31,29,68,40,54,57,42,105,22,14,62,58,17,18,9,77,48,47,62,147,47,40,60,33,100,98,76,133,61,108,113,87,146,174,96,181,184,49,124,60,181,157,14,41,20,24,28,30,33,37,32,63,55,54,23,54,57,107,136,116,27,109,137,105,125,97,380,264,141,55,46,44,96,112,69,122,74,104,42,43,28,41,34,14,30,15,13,47,56,15,72,62,54,63,16,13,153,135,75,74,94,46,42,50,52,64,196,105,73,44,78,220,198,168,262,188,75,72,83,49,33,35,38,32,51,35,39,46,58,21,32,38,14,35,88,56,58,53,131,68,103,127,105,81,61,52,19,57,31,65,17,43,73,118,118,50,111,102,64,66,123,46,61,165,218,241,295,280,145,30,339,29,64,68,74,55,38,13,60,61,54,41,55,42,66,47,11,9,29,33,14,40,31,21,13,19,37,21,18,105,91,71,78,70,91,61,59,38,57,70,25,66,30,25,35,33,33,47,47,67,21,42,43,35,42,12,42,31,14,33,42,12,8,17,33,38,47,63,58,52,48,47,45,56,57,15,11,13,33,23,46,17,16,23,10,16,16,6,32,22,16,30,33,32,14,20,19,12,13,7,12,19,6,4,46,98,56,45,42,47,74,82,63,41,62,38,34,22,19,59,35,31,32,18,10,9,59,61,42,43,31,153,36,75,42,85,34,63,16,,168,136,
20190228,16,PM10,98,113,266,123,97,197,239,86,80,202,138,137,283,109,95,77,111,81,128,47,76,56,45,82,147,49,71,57,61,56,85,65,92,75,37,36,76,42,42,35,21,33,25,30,51,21,73,38,131,201,110,61,,85,28,29,93,105,120,106,56,46,43,25,71,92,60,17,67,153,57,70,58,167,52,42,99,59,172,107,78,130,29,145,108,102,100,123,140,251,166,105,132,144,200,121,14,49,18,34,43,39,36,37,21,77,91,101,31,104,108,121,128,72,61,116,89,101,84,51,86,178,86,38,49,40,97,157,61,146,63,97,54,73,41,26,41,34,37,29,18,53,41,25,110,75,55,84,23,38,144,95,100,88,125,59,127,44,80,267,138,130,166,161,,171,204,158,184,122,99,118,214,68,48,61,79,47,67,56,71,57,100,48,50,75,42,61,70,51,50,136,158,69,71,134,62,81,73,46,18,75,47,24,54,58,37,108,88,39,97,44,39,51,78,28,62,80,111,150,356,138,119,43,489,15,80,104,94,75,73,25,58,77,106,65,46,76,,27,10,7,44,,44,56,54,37,8,39,46,35,37,160,156,70,51,58,89,78,56,80,59,63,74,57,37,64,46,31,40,55,36,42,32,39,52,27,37,31,111,49,15,19,39,20,26,46,45,57,61,98,90,78,66,53,49,63,76,14,17,24,40,27,37,50,32,47,17,15,58,23,42,45,18,49,47,43,,48,25,12,20,127,27,23,3,21,79,46,55,42,44,51,75,104,77,132,77,61,51,28,18,55,38,50,29,15,17,25,51,54,96,137,85,292,59,261,230,235,165,52,28,,241,281,
20190228,16,PM10_24h,91,167,276,155,143,187,215,68,68,153,182,176,285,155,96,195,116,126,230,38,62,53,38,78,127,49,62,59,56,54,85,57,97,65,43,34,74,48,51,25,27,25,17,20,54,54,62,43,160,116,105,33,52,129,48,47,140,56,106,73,59,137,40,29,83,86,30,34,37,136,69,69,112,183,58,49,120,77,141,134,86,180,65,161,171,136,164,227,165,279,259,100,167,103,235,212,17,53,29,43,50,43,41,51,52,82,82,88,45,98,111,142,188,166,67,162,190,159,155,114,364,326,172,41,54,37,128,143,88,181,99,127,50,79,38,43,45,20,46,21,27,67,59,33,92,80,73,84,23,32,156,156,92,82,132,104,116,94,73,270,254,161,121,70,119,272,324,238,322,289,104,136,143,65,42,52,56,43,71,46,51,58,77,35,48,50,28,52,112,78,92,93,198,161,156,182,142,119,146,87,23,123,64,84,75,71,107,160,156,92,148,117,81,93,149,75,74,200,276,295,340,279,207,58,338,92,90,93,92,66,33,19,67,86,92,57,78,46,63,54,23,12,48,53,23,56,44,25,19,38,48,31,31,139,133,88,88,94,106,82,90,68,88,94,46,91,50,45,39,51,56,50,43,75,28,54,65,53,54,28,59,48,23,53,62,14,16,23,51,56,65,71,71,84,69,69,53,65,72,22,17,25,54,28,59,26,31,28,14,24,42,25,48,42,24,49,48,52,23,34,51,13,26,24,46,37,8,11,81,129,66,61,58,69,117,165,85,110,73,46,53,45,25,66,46,45,41,34,31,33,77,70,67,141,83,202,65,277,217,276,159,95,40,,198,194,
20190228,16,SO2,7,15,39,10,15,18,20,14,16,19,21,12,32,17,16,17,20,13,19,8,13,6,9,15,15,11,12,11,15,7,5,17,10,11,7,7,10,8,6,4,5,6,4,6,3,4,6,3,21,20,10,8,4,6,11,6,11,8,9,13,7,11,7,5,12,7,19,9,4,9,9,19,9,14,10,11,38,15,21,26,30,64,9,18,13,9,18,16,19,23,17,10,13,14,22,33,5,8,4,2,7,6,6,5,7,11,13,22,7,9,43,14,14,13,8,23,27,30,25,10,11,8,7,6,8,10,16,14,10,11,12,6,7,10,4,5,3,7,6,9,2,4,8,12,45,6,4,4,12,11,9,8,7,6,9,6,17,8,7,7,24,17,19,14,14,14,20,25,18,22,19,15,15,13,9,22,18,11,7,11,10,13,11,10,6,1,4,4,35,5,8,3,14,9,12,5,19,15,27,5,3,16,20,8,13,13,7,23,7,6,5,13,11,22,8,9,8,6,19,5,6,13,13,25,15,23,15,14,16,11,8,9,5,4,4,6,3,7,7,5,5,4,14,7,11,10,20,9,3,8,13,5,9,19,18,10,5,6,5,5,4,9,7,6,8,10,6,6,7,5,2,9,14,5,5,5,5,3,8,8,7,7,6,8,10,8,7,8,4,9,10,8,5,7,24,7,6,4,5,8,17,11,11,16,3,23,12,16,10,5,7,7,5,9,10,10,5,6,5,7,8,6,4,4,9,4,5,3,6,6,8,16,8,11,6,10,7,12,7,5,9,16,12,13,18,14,11,17,6,5,10,7,7,19,6,30,24,10,6,6,15,11,5,,8,70,
20190228,16,SO2_24h,6,22,38,25,30,18,30,13,10,14,28,21,51,26,18,54,28,20,23,6,8,6,8,20,16,8,10,10,9,7,5,8,8,9,6,7,10,6,7,4,5,5,4,5,3,5,6,4,23,17,11,6,4,7,4,6,12,5,8,10,6,14,7,5,10,8,11,13,3,8,14,15,17,9,10,8,36,21,17,45,21,107,10,25,21,14,27,39,31,23,28,14,21,12,24,31,6,9,4,4,7,7,6,6,8,15,16,14,12,9,52,21,34,36,20,48,36,34,56,15,31,17,16,5,11,10,11,15,13,12,11,10,7,11,5,8,2,7,6,8,2,6,9,15,12,7,4,4,12,12,7,13,10,7,7,17,11,23,5,6,30,20,26,10,20,27,23,31,17,48,13,11,10,10,7,13,6,9,6,8,7,11,7,9,7,1,3,3,57,5,10,5,25,53,43,16,43,35,85,14,3,38,22,11,8,13,63,45,31,31,25,14,24,27,15,13,15,17,20,17,13,20,16,15,13,28,9,15,15,13,9,10,9,3,10,7,4,7,7,6,7,5,12,9,6,8,14,9,4,8,11,6,15,14,16,15,7,8,6,7,5,9,13,11,5,10,6,3,5,6,4,7,12,5,5,5,3,3,7,8,8,9,7,10,19,7,7,7,4,9,10,8,5,9,10,9,6,3,6,9,20,17,19,20,2,11,4,21,4,5,10,7,5,9,13,24,10,6,4,7,8,6,4,4,9,4,6,3,9,19,15,37,16,15,9,14,7,20,9,14,10,14,11,11,19,14,10,22,5,5,14,12,8,15,15,19,12,10,6,13,21,26,4,,15,13,
20190228,16,NO2,40,28,77,31,43,20,41,20,11,39,22,22,42,23,19,27,52,25,37,39,53,45,19,29,29,27,48,37,24,21,22,27,23,43,42,55,48,33,29,25,13,28,24,26,29,30,21,27,36,51,27,47,29,61,28,19,61,69,81,88,17,36,28,6,38,51,41,14,6,38,37,39,19,62,30,36,26,13,67,28,26,51,26,34,17,19,22,23,28,64,29,14,19,57,53,26,17,15,6,9,14,6,17,4,24,14,23,32,13,15,31,21,19,15,11,36,37,38,35,20,17,40,16,21,24,19,22,23,12,19,15,17,27,24,18,16,12,18,7,16,4,28,34,25,37,20,23,28,25,9,31,16,33,31,26,14,20,15,27,9,25,14,27,39,,11,24,29,30,22,39,32,39,48,19,33,47,27,29,30,59,17,39,10,16,25,31,40,40,13,14,61,20,10,19,13,18,23,20,8,7,17,8,8,3,12,8,29,21,6,17,11,12,16,13,9,14,24,18,26,34,20,48,15,26,13,29,21,44,38,17,11,28,20,12,12,14,52,29,26,23,14,17,24,28,33,31,16,18,20,33,12,24,23,34,16,14,11,19,13,9,35,18,11,44,20,6,36,20,12,19,33,26,18,19,21,12,11,13,14,31,12,14,14,15,10,14,17,24,41,27,30,30,35,40,18,24,20,22,5,12,6,20,12,13,22,11,22,23,7,7,6,13,8,7,7,12,11,9,21,15,5,9,3,8,3,4,7,20,33,21,24,16,28,16,15,20,19,17,14,31,12,12,16,16,16,6,7,4,18,17,17,23,22,9,49,28,12,7,17,12,21,7,,45,26,
20190228,16,NO2_24h,55,83,93,72,75,39,79,18,29,73,62,53,91,65,51,82,73,46,51,45,43,51,23,57,50,27,53,44,34,28,32,23,47,48,35,55,55,48,40,27,16,39,33,29,45,31,28,31,63,72,45,39,26,75,32,29,69,46,51,62,30,62,29,10,38,56,20,23,6,54,64,40,58,76,22,32,60,35,62,44,44,79,32,64,50,48,56,69,49,69,79,37,60,71,43,79,20,28,7,12,28,12,21,25,34,28,39,39,27,26,47,37,54,60,23,65,62,62,78,29,45,70,37,51,45,31,47,48,31,57,38,42,27,41,21,28,14,18,17,17,5,42,30,31,41,21,41,23,21,11,50,40,45,37,50,25,29,38,34,27,74,50,87,51,60,52,61,54,66,97,35,52,54,56,21,41,41,33,42,38,50,37,38,15,39,21,38,52,62,28,33,43,57,52,63,43,67,50,59,30,9,38,39,23,7,11,39,67,65,37,46,34,36,27,22,18,24,45,36,41,46,41,56,17,39,14,46,33,62,39,15,19,40,41,50,35,44,34,38,26,21,13,23,21,16,20,31,19,17,20,28,15,26,41,60,28,29,41,44,28,36,33,31,49,31,32,12,28,25,26,28,28,23,22,19,21,10,13,18,14,37,20,16,18,25,11,16,17,24,39,31,29,35,45,25,43,25,20,35,8,16,11,30,14,14,17,14,17,9,14,17,8,26,10,17,14,19,24,9,21,14,5,26,4,8,3,13,5,34,74,31,42,33,35,35,31,28,32,22,23,29,23,14,32,20,16,22,13,10,22,32,33,28,38,39,59,28,42,10,41,31,53,11,,39,31,
20190228,16,O3,86,133,79,102,67,135,133,118,92,145,131,127,104,118,103,92,72,93,97,79,54,70,87,117,122,86,64,81,72,89,86,105,128,58,62,10,56,72,79,51,77,62,38,39,81,29,81,69,137,119,127,38,51,38,60,83,32,79,53,51,104,21,17,62,27,37,24,83,94,86,79,84,109,66,45,40,112,119,44,102,87,88,61,122,139,146,136,150,134,126,142,146,126,84,126,144,39,109,67,68,38,89,34,72,23,150,171,7,94,135,91,155,143,129,84,113,83,97,86,111,89,95,82,83,84,65,116,130,142,130,120,131,84,68,78,88,75,68,93,38,66,72,39,78,10,36,62,49,50,73,102,116,97,62,105,107,116,124,98,76,145,153,155,123,147,153,169,182,164,138,155,139,152,77,84,91,62,87,83,80,37,111,64,105,70,22,70,56,105,93,119,67,143,113,116,146,123,106,118,87,94,99,122,93,77,128,85,112,97,94,89,98,80,90,93,110,104,87,96,104,69,87,88,69,56,86,90,92,102,46,69,53,74,96,101,53,131,42,64,39,6,26,44,34,24,14,42,38,76,63,42,41,31,118,125,138,111,108,103,120,103,37,98,103,30,95,85,40,60,100,41,50,66,81,47,78,60,73,68,24,14,33,25,11,29,55,34,40,16,45,44,45,32,45,31,87,63,74,50,95,59,99,101,69,84,37,89,54,42,83,97,78,105,83,87,98,90,125,74,47,44,87,64,101,40,95,82,92,79,98,77,56,85,67,107,124,85,122,93,79,62,87,119,,103,85,102,67,,101,110,107,90,95,96,89,69,93,86,98,78,94,73,,65,90,
20190228,16,O3_24h,88,139,80,109,79,135,128,115,94,145,131,127,104,121,103,96,79,101,110,84,61,72,87,122,124,91,67,84,76,89,92,100,130,61,78,62,56,72,80,60,82,62,41,42,84,99,98,69,138,124,132,55,71,45,81,99,35,86,74,77,112,22,18,71,32,62,67,87,96,91,83,102,115,87,67,68,112,119,69,112,97,95,102,122,139,146,138,151,134,129,144,146,137,92,137,144,43,115,81,76,68,102,101,83,18,153,172,9,99,137,92,155,146,126,84,122,88,99,90,111,114,135,86,83,87,65,123,130,143,146,120,135,91,86,79,91,90,85,102,43,76,82,45,90,22,47,65,82,66,76,109,122,97,76,107,113,116,125,104,86,145,153,155,124,147,153,169,182,164,138,155,139,152,77,84,91,68,87,83,80,37,111,64,105,70,22,70,56,105,95,122,119,154,114,125,148,127,119,118,98,96,109,122,94,77,128,92,116,96,94,95,106,82,107,97,110,114,95,126,137,131,122,124,78,69,92,99,92,112,56,71,56,79,100,101,66,117,47,70,123,29,40,71,103,36,50,46,43,80,88,54,43,37,119,132,135,116,112,108,120,103,50,98,105,57,99,83,63,61,100,51,75,73,81,63,78,85,76,76,26,14,33,25,13,72,69,42,40,16,74,66,48,41,68,58,89,70,74,61,103,68,101,105,69,99,53,97,87,68,85,97,79,107,91,91,105,93,125,80,81,75,90,69,103,46,100,82,97,94,102,100,83,87,92,110,128,100,122,93,92,86,95,119,128,110,85,109,89,99,101,111,107,94,100,99,147,92,102,87,101,78,102,76,,97,102,
20190228,16,O3_8h,58,82,37,73,53,69,70,83,61,64,95,84,45,76,68,65,41,79,79,61,39,50,66,68,86,64,41,54,49,61,71,82,84,48,56,9,35,45,54,41,69,42,34,28,39,42,70,57,96,68,84,31,42,17,60,65,15,51,32,40,76,12,11,55,18,21,38,77,90,42,43,56,66,49,42,37,65,87,41,78,71,69,57,71,90,102,97,99,85,85,94,90,78,49,111,95,33,86,65,57,26,76,29,61,13,91,104,5,65,105,54,103,82,76,60,95,67,60,64,95,92,93,67,57,64,38,69,73,104,71,85,84,60,51,60,57,62,65,71,34,67,47,36,61,9,25,43,35,47,64,64,88,41,40,59,80,74,87,64,49,145,153,155,123,147,153,169,182,164,138,155,139,152,77,84,91,62,87,83,80,37,111,64,105,70,22,70,56,105,58,97,74,84,77,76,98,70,71,69,73,80,69,85,84,60,115,72,77,71,69,79,78,45,70,72,98,101,81,79,94,65,93,101,62,49,79,60,54,74,42,59,50,55,74,68,39,83,39,55,47,5,22,34,40,25,18,37,30,65,61,41,34,31,65,77,100,85,81,51,92,79,24,54,66,29,69,62,32,47,76,24,48,60,55,43,61,58,60,45,20,10,17,21,10,21,57,37,32,9,38,33,28,20,19,29,63,36,69,28,72,50,88,71,32,78,27,71,63,56,62,77,72,67,57,71,71,55,70,66,24,42,86,54,91,38,85,65,85,58,55,55,41,50,48,71,76,59,82,67,65,53,66,107,59,92,70,76,58,75,87,70,70,69,73,65,43,61,44,69,57,51,51,58,,60,49,
20190228,16,O3_8h_24h,58,82,37,73,53,69,70,83,61,64,95,84,45,76,68,65,47,79,79,64,44,52,66,72,86,64,43,55,49,61,71,82,84,48,56,12,35,45,54,42,77,42,34,30,41,88,70,57,96,68,84,42,47,17,62,70,15,51,32,40,76,12,11,55,22,21,59,77,90,46,43,65,66,56,50,48,65,87,50,78,71,69,65,71,90,102,97,99,85,85,94,90,78,49,116,95,33,86,75,57,26,76,43,61,13,91,104,5,65,105,54,112,82,76,60,95,67,60,64,95,92,93,67,57,64,38,70,73,104,71,85,84,60,51,60,57,65,76,71,35,67,47,37,66,9,26,45,46,59,64,64,88,41,40,59,80,55,87,76,49,145,153,155,123,147,153,169,182,164,138,155,139,152,77,84,91,62,87,83,80,37,111,64,105,70,22,70,56,105,58,97,75,84,77,76,98,70,71,69,73,80,69,85,84,60,115,72,77,71,69,79,78,45,70,72,98,101,82,113,98,66,95,104,62,49,84,60,55,74,47,63,52,55,74,68,51,83,39,55,95,23,23,38,73,25,41,37,42,65,86,41,39,32,65,77,100,85,81,51,92,79,24,54,66,33,69,62,33,47,76,29,59,60,57,58,62,63,67,45,20,10,17,21,10,21,57,38,32,9,43,37,38,20,19,33,63,36,69,28,72,61,88,71,43,83,52,71,83,65,62,77,72,67,57,75,77,60,70,72,24,57,86,54,91,38,85,75,90,59,55,55,41,50,68,71,76,76,82,67,70,62,66,107,71,92,70,76,58,80,87,70,70,80,73,65,63,63,44,69,57,51,51,58,,74,76,
20190228,16,CO,0.76,1.14,1.91,0.63,1.50,0.75,1.48,0.90,0.57,1.42,0.67,0.75,1.40,0.94,0.68,0.62,1.36,0.61,0.67,0.68,0.86,0.57,0.40,1.02,1.32,0.33,0.86,0.63,0.45,0.55,0.88,0.75,0.67,0.92,0.66,0.88,0.70,0.87,0.60,0.50,0.33,0.70,0.57,0.87,0.45,0.60,0.67,0.88,0.79,1.13,0.53,1.03,0.79,1.22,0.54,0.48,1.26,0.90,1.40,1.32,0.66,1.13,1.36,0.45,0.99,0.77,0.95,0.56,0.48,1.06,0.83,1.73,1.15,2.03,0.84,0.65,1.24,0.54,1.43,0.92,0.93,1.02,0.50,0.75,0.63,0.65,0.87,0.77,0.74,1.47,0.80,0.80,0.75,0.97,1.37,0.70,1.20,0.63,0.46,0.53,1.00,0.60,1.35,0.65,1.15,0.90,1.18,1.05,0.57,0.77,0.97,0.98,1.24,0.62,0.23,1.32,1.10,2.12,0.60,0.63,0.48,1.04,0.34,0.47,0.52,0.68,0.56,1.10,0.67,0.90,0.73,0.77,0.70,0.80,0.74,0.77,0.43,0.80,0.70,0.97,0.35,0.40,0.74,0.58,0.83,0.80,0.78,0.77,0.63,0.55,0.90,0.83,0.93,1.01,0.70,0.75,1.10,0.65,0.72,0.53,1.10,0.85,1.10,1.00,1.50,1.00,1.40,1.30,1.80,1.20,1.15,1.15,1.90,0.77,0.55,0.60,1.05,0.50,0.95,0.77,2.45,1.25,1.30,0.20,0.80,0.90,0.65,0.80,1.10,0.47,0.65,0.90,0.85,0.60,0.53,0.82,0.55,0.93,0.83,0.33,0.35,0.45,0.35,0.23,0.40,0.65,0.32,1.25,0.40,0.60,0.53,0.70,0.55,1.25,0.85,0.15,0.75,0.63,0.97,1.07,1.45,0.65,0.90,0.50,2.00,0.30,0.67,0.58,0.70,0.68,0.77,0.67,0.45,0.37,0.70,0.47,0.20,0.60,0.63,0.68,1.03,1.00,0.77,0.50,0.82,1.95,1.00,0.63,1.30,0.63,1.00,0.97,1.10,0.67,1.15,0.57,0.87,0.55,0.92,0.50,0.30,1.26,0.75,0.63,0.83,0.50,0.80,0.90,0.70,0.60,1.05,0.76,0.75,0.80,0.80,0.57,0.80,1.85,0.35,1.15,1.83,0.97,1.00,1.10,1.20,0.85,1.05,0.95,1.10,1.03,0.77,1.00,0.80,0.67,0.83,0.60,0.73,0.70,0.67,0.40,0.30,0.43,0.53,0.80,0.75,0.85,0.20,0.75,0.50,0.40,0.50,0.55,0.45,0.75,0.55,0.50,0.60,0.50,0.65,1.00,0.70,0.50,0.25,0.45,0.60,0.80,0.40,0.35,0.83,0.70,0.80,0.95,0.85,0.90,0.80,0.65,0.65,0.75,0.75,0.60,1.20,0.65,0.60,1.00,0.50,0.80,0.80,0.90,,0.10,0.37,0.65,1.10,1.15,0.50,2.10,0.40,0.30,0.50,0.70,0.10,1.17,0.80,,1.80,3.50,
20190228,16,CO_24h,0.85,1.61,2.14,1.30,2.32,1.05,1.82,0.80,0.77,1.27,1.20,1.20,2.17,1.43,1.25,2.50,1.39,1.18,1.22,0.61,0.77,0.77,0.43,1.10,1.15,0.43,0.96,0.75,0.47,0.58,0.92,0.57,0.73,0.90,0.74,0.93,0.77,0.93,0.83,0.57,0.53,0.70,0.57,0.90,0.59,0.64,0.67,1.09,1.06,0.98,0.65,0.67,0.76,1.69,0.64,0.55,1.56,1.00,1.33,1.00,0.72,1.60,1.30,0.50,0.86,0.93,0.76,0.62,0.48,1.15,1.37,1.43,1.32,2.00,0.68,0.55,1.94,0.76,1.22,1.58,1.13,1.97,0.57,1.15,0.97,0.85,1.47,1.87,0.92,1.60,1.65,0.95,1.03,0.73,1.43,1.37,1.28,0.82,0.53,0.67,1.05,0.65,1.25,1.35,1.95,1.10,1.23,2.10,1.27,0.77,2.38,1.52,2.12,1.47,0.70,2.67,1.93,2.93,1.56,0.95,1.88,1.66,0.74,0.70,0.67,0.85,0.76,1.27,0.80,1.40,0.80,1.00,0.76,1.10,0.80,0.98,0.50,0.97,0.87,1.13,0.50,0.63,0.76,0.60,0.87,0.80,0.92,0.76,0.68,0.65,1.10,1.17,1.47,1.07,0.87,1.05,0.80,0.75,0.76,0.73,2.20,1.10,1.20,0.65,0.70,2.15,2.70,2.45,2.80,3.10,1.60,1.45,2.05,0.83,0.55,0.65,0.85,0.50,1.00,0.90,2.10,1.40,1.15,0.20,1.00,0.80,0.70,0.90,1.70,0.65,0.85,0.80,1.62,1.02,1.17,1.36,1.30,1.00,1.63,0.73,0.30,1.00,0.60,0.77,0.25,0.60,0.98,2.48,1.48,1.35,1.30,1.30,1.50,1.35,0.80,0.35,0.77,1.43,1.40,1.60,1.50,1.30,1.20,0.60,1.50,0.40,0.73,0.62,0.93,0.63,0.73,0.67,0.55,0.60,0.80,0.63,0.45,0.60,0.73,0.80,1.10,0.93,0.90,0.60,0.75,1.23,1.03,0.50,1.38,0.78,1.33,0.88,1.15,0.80,1.15,0.80,1.03,0.72,1.00,0.50,0.60,1.08,1.00,0.95,0.57,0.78,0.80,0.70,0.60,0.77,1.05,0.76,0.88,1.00,0.95,0.73,0.95,0.78,0.70,1.27,1.73,1.20,1.03,1.50,1.35,0.80,1.00,1.00,1.15,1.00,0.80,1.00,0.90,0.83,0.88,0.75,0.73,1.00,0.77,0.40,0.45,0.63,1.05,0.90,0.90,0.85,0.25,0.85,0.50,0.50,0.80,0.55,0.45,0.75,0.60,0.53,0.65,0.65,0.60,0.80,0.70,0.50,0.50,0.45,0.60,0.95,0.40,0.35,1.27,1.63,0.90,1.10,1.05,0.80,1.20,0.85,0.80,0.80,0.95,0.90,1.20,0.80,0.80,0.80,0.60,0.80,1.00,1.00,0.50,0.30,0.63,0.85,1.25,1.70,1.15,1.90,0.60,1.25,0.50,1.50,0.45,2.20,1.00,,1.60,2.10,
20190228,17,AQI,100,171,246,105,138,149,222,68,55,220,130,124,186,100,72,64,99,73,103,50,66,54,44,71,130,68,61,61,64,53,79,58,84,71,40,36,75,51,54,43,25,34,30,30,64,20,50,39,118,170,111,60,51,65,29,29,75,95,81,119,59,70,48,25,69,70,59,35,61,116,64,64,59,209,66,53,73,55,138,109,74,75,23,140,89,89,115,130,124,228,136,73,138,104,194,96,27,45,30,39,49,50,38,31,21,68,71,78,49,85,84,128,134,74,58,99,77,89,86,55,86,131,83,47,51,53,101,193,74,144,66,106,84,69,39,39,42,31,35,32,20,56,55,26,115,94,56,90,26,34,186,110,116,113,129,53,88,47,75,194,131,119,191,139,187,169,151,144,107,120,86,86,138,58,51,64,66,51,79,56,63,65,81,37,55,75,50,,114,56,64,28,144,57,61,118,57,88,64,44,29,65,51,28,51,70,35,78,67,36,66,50,44,48,74,34,63,106,210,141,390,119,104,42,449,33,85,98,110,93,93,20,69,75,88,63,59,95,103,25,16,11,58,14,52,51,52,31,23,34,50,38,35,170,136,91,75,52,85,88,49,71,56,68,66,88,36,68,53,31,40,56,44,51,26,40,50,31,33,33,89,52,27,21,39,24,26,49,51,66,58,90,91,69,65,36,60,,76,41,16,32,41,36,43,55,36,50,24,27,51,25,37,38,27,51,50,44,22,49,28,26,26,86,20,28,26,27,65,47,61,47,60,55,63,81,73,89,78,40,52,32,37,70,41,53,34,26,29,33,70,56,75,90,65,268,56,134,129,147,104,51,36,,245,265,
20190228,17,PM2.5,75,130,196,78,105,114,172,39,14,170,99,94,140,75,35,38,74,45,77,35,48,38,31,52,99,49,41,44,46,37,58,41,62,52,27,25,55,36,38,27,14,24,21,21,46,14,20,21,89,129,84,43,36,39,16,18,55,71,60,90,42,51,26,11,50,51,35,12,12,88,46,46,42,159,48,37,47,24,105,82,54,49,16,107,66,66,87,99,94,178,104,53,105,78,146,72,19,25,14,16,32,21,26,22,14,49,45,57,22,63,62,97,102,54,20,74,49,66,64,38,64,100,61,33,30,37,76,145,54,110,48,80,62,50,27,27,28,17,23,21,11,40,39,14,87,70,39,67,18,12,140,83,88,85,98,33,58,30,55,62,100,90,144,106,141,128,116,110,60,91,64,50,105,37,33,46,48,34,58,40,45,47,60,25,36,55,22,,86,40,46,,110,26,41,89,37,65,42,14,10,35,27,18,35,51,9,57,42,18,42,33,27,27,54,20,45,80,160,108,340,90,78,20,423,23,63,73,83,69,69,10,50,55,65,45,42,71,77,17,4,5,41,6,24,36,31,22,5,18,35,22,16,129,104,68,55,35,63,65,34,52,40,49,48,65,25,49,37,16,26,40,31,36,16,28,33,17,23,15,66,31,19,15,27,7,16,34,34,48,41,67,68,50,47,21,43,,56,12,11,11,11,25,30,34,24,35,17,9,12,4,26,15,11,36,30,22,14,15,18,14,7,16,8,9,6,10,46,33,44,33,43,39,45,53,53,54,57,28,33,20,11,51,29,30,21,9,,8,51,40,55,36,22,218,39,44,35,60,25,36,16,,195,215,
20190228,17,PM2.5_24h,63,142,180,96,80,113,155,25,22,99,129,126,200,105,47,140,86,108,211,31,46,43,31,52,80,45,39,45,47,42,57,41,62,48,30,25,59,38,34,17,17,15,14,15,52,37,46,31,104,75,86,28,39,64,30,29,67,42,55,59,42,102,20,14,62,59,17,18,9,77,47,46,62,148,46,39,60,33,101,99,75,132,61,110,112,86,144,171,98,181,179,50,125,63,182,155,14,41,19,24,29,30,33,36,30,63,55,54,23,55,58,106,136,116,27,108,134,104,123,95,331,255,136,55,46,45,95,114,68,122,73,103,42,44,28,40,34,14,30,15,13,48,56,15,74,63,54,64,16,13,152,133,76,74,95,47,43,49,52,64,195,104,74,45,81,224,200,169,267,192,78,77,85,48,33,35,38,32,51,35,38,47,58,20,34,39,15,,92,56,59,53,131,67,102,126,105,79,62,49,18,57,31,64,18,44,74,116,116,49,108,100,64,66,121,45,61,165,218,234,299,275,138,27,349,29,65,69,75,57,40,13,60,61,55,42,56,44,68,46,10,9,30,31,15,40,30,22,12,19,38,21,18,106,92,71,77,69,91,62,59,39,57,70,27,66,30,26,35,33,33,47,46,66,21,42,43,35,41,13,43,30,14,32,41,12,8,18,33,39,48,63,59,52,48,47,45,,57,15,11,13,32,23,46,17,18,24,11,16,16,6,32,22,16,31,33,33,15,20,19,13,13,7,12,18,6,4,46,97,56,44,43,47,74,82,63,42,62,38,34,23,19,59,35,31,30,16,10,9,59,61,43,44,31,157,36,75,42,85,35,64,16,7,170,141,
20190228,17,PM10,114,110,297,159,154,187,233,85,60,246,143,143,193,123,93,77,112,95,118,46,79,54,42,72,148,57,72,57,60,53,84,63,110,75,40,35,75,51,39,43,20,32,26,27,59,19,50,39,133,194,101,61,34,79,29,29,89,81,101,112,54,43,48,25,68,78,67,35,71,142,64,69,51,161,57,45,95,59,186,115,85,100,23,153,111,101,94,132,152,278,161,96,123,135,229,117,16,45,30,39,49,50,38,30,21,67,91,91,49,107,98,118,132,77,66,121,104,110,116,59,65,141,80,34,51,42,94,168,62,153,66,107,81,80,38,28,42,31,35,32,18,53,44,26,111,83,62,88,25,34,,,98,90,126,56,125,47,72,338,142,122,184,149,195,167,204,160,163,123,104,122,194,65,51,65,77,51,74,59,67,56,92,37,60,81,50,,158,50,50,,166,64,72,121,63,87,77,44,17,79,51,25,51,66,35,83,83,36,82,50,44,48,72,33,67,106,184,135,396,123,153,42,460,,80,96,89,75,,20,59,80,97,73,54,75,73,25,16,10,51,9,53,51,53,29,13,34,47,38,35,157,131,74,55,53,81,99,49,78,52,66,74,64,34,68,50,27,40,42,36,40,26,38,50,31,29,33,104,53,20,16,28,24,26,47,52,69,62,83,66,68,66,36,53,,70,18,16,27,41,29,39,60,36,44,22,16,51,22,36,38,20,49,50,44,,49,28,,26,121,20,28,8,24,79,47,48,40,46,59,65,111,81,128,63,34,53,32,22,73,35,56,34,11,,22,65,60,98,130,80,281,62,218,208,243,157,52,36,,237,266,
20190228,17,PM10_24h,91,171,281,158,144,188,219,69,69,158,182,174,282,155,97,191,117,125,217,39,63,53,38,80,130,50,62,59,57,54,86,58,99,67,44,33,76,49,51,25,27,25,18,21,54,51,62,43,160,122,104,36,43,128,47,46,136,58,109,76,59,136,38,29,82,87,31,35,39,136,69,70,111,181,58,48,121,77,145,135,84,180,63,164,169,135,161,223,167,280,254,102,168,107,236,210,17,52,29,43,50,42,40,50,49,81,83,88,44,99,113,141,188,165,69,160,187,157,152,112,354,317,163,39,54,39,127,144,87,182,98,127,50,81,38,43,45,21,45,22,26,67,58,33,94,80,74,85,24,32,156,156,93,82,134,104,116,92,73,274,254,161,123,72,122,277,328,239,327,291,109,140,147,65,42,53,56,43,71,46,51,58,77,34,49,53,30,,117,77,91,94,199,159,156,181,141,118,146,84,23,122,64,83,74,69,107,159,155,91,146,115,82,93,146,73,73,200,275,286,344,272,199,53,356,92,91,94,94,67,33,20,67,86,93,58,79,49,66,52,21,11,49,47,24,56,44,27,19,38,49,32,32,140,133,88,87,93,109,83,90,69,88,94,47,91,49,46,40,51,56,49,44,73,28,54,65,52,53,28,61,48,23,50,59,15,15,24,51,57,66,72,71,84,69,68,54,,73,21,17,25,54,28,58,26,33,29,14,23,44,25,48,43,24,50,49,53,23,35,48,13,27,29,45,36,8,11,83,127,65,60,57,69,116,166,86,112,74,47,54,44,25,67,46,46,39,32,32,32,74,70,67,142,83,208,65,277,215,276,160,95,40,17,201,199,
20190228,17,SO2,7,14,44,13,22,16,19,14,9,23,21,11,18,19,17,17,24,15,20,8,12,6,9,15,15,10,11,11,10,6,5,14,8,11,6,7,9,7,6,4,5,6,5,6,3,4,6,3,20,15,12,7,4,5,6,6,11,11,9,12,8,10,7,5,13,6,20,8,4,9,8,18,9,15,8,10,33,13,18,41,33,54,9,17,13,9,19,19,20,19,15,10,15,17,24,34,6,8,4,2,6,7,6,5,6,11,11,23,8,9,34,14,16,30,11,23,25,26,62,12,18,5,8,5,8,9,16,14,10,10,12,6,8,10,4,5,2,7,6,7,3,5,8,16,9,7,4,4,11,13,8,7,7,6,9,27,12,7,7,5,24,18,17,13,9,16,22,22,16,24,21,18,14,12,9,21,14,12,7,12,12,12,10,11,7,2,3,,58,4,8,2,15,9,13,5,18,15,32,6,4,19,20,4,4,14,7,17,7,7,5,13,15,12,10,10,9,7,34,6,5,17,25,11,17,24,15,14,16,12,8,9,7,5,5,6,3,10,7,5,5,3,9,7,12,10,21,9,3,9,13,5,9,16,14,11,6,6,5,5,3,9,7,5,10,9,6,8,7,5,4,8,14,4,5,5,4,3,7,8,7,7,7,6,9,8,7,7,3,10,9,8,4,7,29,6,6,,5,6,20,13,12,12,3,25,14,11,11,5,6,7,5,9,11,9,5,8,4,6,8,6,4,4,8,4,4,3,6,6,8,13,7,12,6,10,6,13,9,8,6,15,4,12,16,14,10,20,6,5,13,7,7,16,4,29,22,7,6,7,15,12,5,,8,36,
20190228,17,SO2_24h,6,23,39,25,31,18,30,14,10,15,28,21,49,26,19,53,28,20,23,6,8,6,8,20,16,8,11,11,9,7,5,9,8,9,6,7,10,6,7,4,5,5,4,5,3,4,6,4,23,17,11,6,4,7,4,6,12,5,8,10,7,14,7,5,10,8,11,12,3,8,14,15,17,9,10,8,36,21,17,43,22,108,10,25,21,14,26,38,31,23,28,14,21,13,23,31,6,9,4,4,7,7,6,6,8,15,16,14,12,9,53,22,34,37,20,48,35,33,57,14,29,16,15,5,11,10,11,15,13,12,11,10,7,11,4,8,2,7,6,8,2,6,9,15,12,7,4,4,12,12,7,13,10,7,7,17,8,22,5,6,30,19,26,10,20,28,24,31,16,48,14,12,10,10,7,13,5,9,6,8,7,11,7,9,7,1,3,,58,5,10,5,25,53,42,16,43,35,85,14,3,38,22,11,8,13,63,44,30,31,25,14,25,26,15,13,11,17,20,17,13,20,16,15,13,28,10,15,15,13,9,10,9,3,10,6,4,8,7,6,7,5,12,9,6,8,15,9,4,8,12,5,15,14,16,15,7,8,6,7,5,9,13,11,5,10,6,3,5,6,4,8,12,5,5,5,3,3,7,8,8,8,7,10,18,7,7,7,4,9,10,8,5,9,11,9,6,,6,9,20,17,18,19,2,11,5,21,5,5,10,7,5,9,13,24,10,6,4,7,8,6,4,4,9,4,6,3,9,19,14,37,16,14,9,14,7,20,9,14,10,14,11,11,20,13,10,22,5,5,13,12,8,15,15,20,12,10,6,13,21,26,4,3,14,14,
20190228,17,NO2,39,32,79,46,84,19,43,20,10,33,23,24,26,26,19,29,61,33,49,38,51,48,20,35,26,33,50,40,26,22,22,28,23,46,46,57,57,43,32,26,14,31,28,29,32,32,21,29,37,65,32,48,34,61,27,20,60,92,83,99,23,36,32,8,41,43,44,14,7,41,37,38,19,62,34,37,29,12,77,34,34,40,26,40,19,21,22,27,32,59,33,15,23,75,68,26,18,16,6,7,16,9,22,5,23,13,24,30,16,17,29,23,25,42,16,41,43,31,57,26,21,31,26,23,28,23,28,23,14,23,20,19,31,27,18,17,13,18,8,17,4,27,37,24,36,20,30,34,23,11,30,18,35,31,30,15,20,15,26,9,28,18,35,37,13,11,22,33,33,29,39,43,47,45,28,35,42,27,31,28,48,21,37,11,34,29,36,,66,13,15,46,24,9,20,11,19,29,22,13,8,18,11,9,3,12,9,29,24,10,21,14,13,16,18,12,17,34,23,28,35,34,57,17,34,14,33,22,39,51,23,12,27,22,11,11,15,54,34,29,24,17,18,27,32,35,37,17,19,25,32,16,26,22,32,18,16,12,21,16,11,36,21,14,53,26,6,39,21,12,17,31,28,20,20,24,13,12,14,15,28,16,20,14,13,12,17,20,27,43,29,31,26,40,40,26,29,,23,3,12,7,21,11,12,26,12,24,29,7,7,4,14,8,7,8,14,12,11,22,16,6,6,3,8,2,4,6,25,32,21,26,17,43,14,16,22,23,18,9,29,14,8,16,16,16,5,8,5,18,23,18,23,20,8,47,27,11,7,11,10,22,6,,44,32,
20190228,17,NO2_24h,55,83,93,72,75,39,78,18,29,73,61,53,88,65,51,81,73,46,50,44,43,51,23,57,50,28,52,44,34,28,32,24,47,47,35,56,54,47,40,27,15,39,32,29,44,31,28,31,63,72,45,39,27,73,31,28,67,49,54,64,31,60,29,10,38,56,20,23,6,54,64,41,57,77,23,33,61,35,63,43,44,78,32,64,49,48,56,68,49,69,78,37,60,73,44,79,19,27,7,12,27,12,22,24,33,28,39,38,28,26,48,37,53,60,23,65,61,60,78,29,42,67,36,49,44,31,47,48,31,57,38,42,28,41,21,28,14,18,16,17,5,42,30,31,40,21,41,24,21,11,50,39,45,37,50,25,41,37,35,27,76,52,88,53,59,53,63,55,68,100,35,54,55,56,22,41,39,33,43,37,48,37,38,15,39,21,37,,64,28,33,43,57,52,63,41,67,51,60,29,9,38,39,23,7,12,39,66,63,37,46,33,35,27,22,18,24,45,36,41,46,41,54,17,39,14,47,32,62,38,15,19,40,41,50,35,44,35,37,26,21,13,23,21,17,21,31,19,17,20,28,15,26,42,61,28,30,40,44,28,35,34,31,48,32,33,12,28,24,26,27,28,23,22,19,21,10,13,18,14,36,19,16,17,24,11,16,16,24,40,31,30,35,46,26,43,26,,35,8,16,11,29,14,14,17,15,17,10,14,17,8,26,10,17,15,19,24,10,21,15,5,25,3,9,3,13,5,34,74,31,42,33,35,35,31,28,32,22,23,28,23,14,32,20,16,22,13,10,22,32,33,28,38,39,59,28,42,10,41,31,53,11,17,39,32,
20190228,17,O3,95,126,86,101,48,134,121,115,93,165,129,125,119,121,103,88,62,79,82,83,54,63,88,110,118,82,62,78,75,90,84,102,118,55,55,12,46,63,78,53,80,59,38,39,69,28,73,74,136,85,123,35,46,28,60,79,22,72,31,41,84,22,19,48,27,43,21,78,95,82,77,88,116,83,40,37,108,117,34,101,75,83,52,117,136,150,136,148,133,133,135,147,131,68,109,139,38,105,65,64,31,90,35,69,20,118,142,4,85,131,91,155,145,106,80,106,80,109,75,104,84,82,87,80,79,63,111,133,138,128,112,127,82,54,77,85,66,66,93,35,65,73,39,78,12,39,64,48,46,73,106,116,92,60,99,110,120,124,107,76,140,151,147,132,140,144,169,175,155,134,165,144,139,82,73,87,67,87,80,80,49,106,68,106,60,21,64,,82,91,115,88,135,108,115,146,125,98,118,84,92,101,120,90,77,129,81,97,92,89,82,98,77,95,81,108,98,82,94,101,66,83,88,66,49,85,87,89,105,43,65,47,75,96,104,55,110,40,57,38,7,22,47,30,24,14,35,39,72,57,39,41,28,120,120,139,104,108,99,111,99,39,99,97,22,92,83,38,62,100,43,51,67,77,50,66,59,69,67,22,11,31,21,12,30,50,29,33,12,42,41,43,47,45,33,78,52,,49,130,42,103,98,70,81,33,91,53,31,85,96,79,101,84,86,99,89,117,69,56,44,84,64,108,39,88,84,87,74,100,75,53,79,53,112,122,81,121,95,75,64,84,119,103,104,85,101,84,94,106,115,105,86,97,92,96,72,99,84,102,77,94,76,,70,100,
20190228,17,O3_24h,96,140,88,109,79,135,128,115,94,165,131,127,119,123,104,95,79,101,110,86,60,72,88,122,125,91,68,85,79,91,92,100,130,61,78,34,56,72,81,59,82,63,41,45,83,96,97,74,139,124,129,54,69,40,83,97,33,80,69,77,112,22,20,71,32,59,67,87,96,90,80,102,117,91,65,63,113,120,64,112,94,95,93,122,139,150,138,151,135,136,144,147,137,92,137,144,43,114,81,72,41,102,79,78,20,153,172,9,99,137,92,155,147,125,84,122,87,109,90,111,112,129,89,83,87,67,120,133,143,143,120,133,90,86,81,89,87,85,96,43,75,79,44,90,20,44,65,75,66,74,108,121,97,70,106,113,120,124,107,85,140,151,147,132,140,144,169,175,155,134,165,144,139,82,81,87,68,87,80,80,49,106,68,106,60,22,64,,82,95,122,115,150,113,117,149,125,117,119,90,96,110,122,94,77,129,92,116,96,94,95,106,82,107,97,110,114,95,126,134,126,121,115,74,69,92,99,92,112,57,71,56,82,100,104,67,117,47,70,107,27,30,66,92,36,50,46,43,80,88,54,43,37,121,131,136,116,112,104,120,103,50,99,105,52,99,83,59,63,100,51,69,73,81,63,78,81,76,70,26,14,33,25,13,72,69,42,40,16,71,62,48,47,57,56,89,70,,58,132,68,103,107,71,93,53,97,87,68,86,97,79,107,89,90,105,93,125,79,79,71,90,69,108,46,100,84,94,94,102,92,72,85,87,112,125,100,122,95,86,86,93,119,128,108,85,107,89,99,106,115,107,93,99,99,149,92,102,87,102,78,102,76,74,95,100,
20190228,17,O3_8h,68,97,46,84,57,84,81,89,70,83,107,95,59,90,79,74,46,85,86,67,43,55,71,80,97,70,46,60,55,68,77,88,97,52,58,10,39,51,60,44,72,47,36,30,47,40,70,62,109,76,96,33,44,20,63,71,17,58,35,44,86,14,13,56,20,26,34,79,91,51,53,64,78,56,42,38,76,100,43,89,77,76,57,84,103,116,111,119,100,97,110,109,94,57,117,111,34,93,66,60,29,81,30,67,15,103,121,5,74,114,65,119,98,89,67,104,74,72,72,101,95,100,74,64,72,45,82,88,117,86,97,97,69,56,66,65,67,66,77,35,69,54,38,69,9,28,49,38,46,67,76,98,52,46,71,88,75,96,71,56,140,151,147,132,140,144,169,175,155,134,165,144,139,82,73,87,67,87,80,80,49,106,68,106,60,21,64,,82,68,107,76,98,89,89,113,84,81,82,79,86,79,98,89,66,119,79,85,78,77,83,88,54,78,78,103,106,86,85,99,70,94,102,64,53,83,70,64,86,43,61,51,61,84,81,44,96,41,59,46,5,23,39,38,26,16,38,32,68,61,42,36,30,78,91,111,95,92,63,101,89,27,65,77,29,79,71,35,53,87,28,48,63,61,45,63,59,64,51,21,10,20,21,11,25,57,37,33,10,41,36,32,25,24,31,68,41,,33,85,49,93,79,38,80,28,76,62,52,69,84,75,78,65,81,82,63,83,68,30,44,87,57,94,39,86,68,86,66,67,62,46,56,52,80,89,65,94,73,71,54,73,109,73,96,74,86,63,81,90,83,80,77,78,75,54,62,53,71,65,56,62,62,56,60,58,
20190228,17,O3_8h_24h,68,97,46,84,58,84,81,89,70,83,107,95,59,90,79,74,51,85,86,68,46,56,71,82,97,70,47,60,55,68,77,88,97,52,58,12,39,51,60,45,77,47,36,30,48,88,71,62,109,76,96,43,48,20,67,73,17,58,35,44,86,14,13,56,23,26,59,80,91,51,53,68,78,61,50,48,76,100,50,89,77,76,65,84,103,116,111,119,100,97,110,109,94,57,120,111,35,93,75,60,29,81,43,67,15,103,121,5,74,114,65,119,98,89,67,104,74,72,72,101,95,100,74,64,72,45,82,88,117,86,97,97,69,56,66,65,68,76,77,35,69,54,38,71,9,28,50,46,59,67,76,98,52,46,71,88,75,96,79,56,140,151,147,132,140,144,169,175,155,134,165,144,139,82,73,87,67,87,80,80,49,106,68,106,60,21,64,,82,68,107,76,98,89,89,113,84,81,82,79,86,79,98,89,66,119,79,85,78,77,83,88,54,78,78,103,106,86,115,100,70,96,104,64,53,84,70,64,86,48,63,52,61,84,81,54,96,41,59,95,23,24,42,73,26,41,38,42,68,86,42,39,32,78,91,111,95,92,63,101,89,27,65,77,33,79,71,35,53,87,31,59,63,61,58,63,63,68,51,21,10,20,21,11,25,57,38,33,10,44,38,38,25,24,33,68,41,,33,85,62,93,79,43,83,52,76,83,65,69,84,75,78,65,81,82,64,83,72,30,57,87,57,94,39,86,75,90,66,67,62,46,56,68,80,89,79,94,73,73,62,73,109,73,96,74,86,63,81,90,83,80,80,78,75,65,63,53,71,65,56,62,62,66,74,76,
20190228,17,CO,0.78,1.08,2.21,0.90,2.00,0.75,1.33,0.90,0.53,1.63,0.70,0.75,0.82,1.03,0.70,0.57,1.35,0.64,0.89,0.65,0.79,0.67,0.43,0.95,1.06,0.37,0.79,0.65,0.45,0.58,1.00,0.65,0.77,0.93,0.69,0.88,0.80,0.93,0.63,0.53,0.37,0.70,0.57,0.87,0.51,0.60,0.63,0.84,0.76,1.00,0.59,0.88,0.81,1.24,0.58,0.45,1.24,1.13,1.40,1.38,0.70,1.13,1.33,0.48,1.03,0.74,1.01,0.56,0.48,1.05,0.73,1.50,1.07,1.95,0.88,0.63,1.26,0.54,1.43,0.97,1.07,0.85,0.50,0.75,0.63,0.70,0.90,0.94,0.76,1.30,0.80,0.80,0.77,1.20,1.63,0.65,1.24,0.68,0.48,0.50,1.00,0.65,1.45,0.65,1.15,0.95,1.05,1.15,0.67,0.77,0.82,0.98,1.34,1.20,0.30,1.27,0.98,1.92,0.82,0.70,0.48,0.80,0.58,0.43,0.53,0.63,0.63,1.13,0.67,0.93,0.77,0.80,0.72,0.90,0.76,0.77,0.47,0.80,0.63,1.13,0.35,0.40,0.82,1.05,0.77,0.80,0.78,0.78,0.56,0.55,0.90,0.90,0.97,1.04,0.67,0.75,0.90,0.65,0.72,0.53,1.15,0.95,1.10,1.10,0.90,1.00,1.25,1.30,1.70,1.30,1.30,1.35,1.95,0.77,0.60,0.80,0.85,0.50,1.05,0.87,2.55,1.25,1.15,0.20,0.90,0.90,0.70,,1.75,0.45,0.68,,1.14,0.48,0.63,0.80,0.55,1.07,0.80,0.33,0.35,0.55,0.30,0.23,0.40,0.65,0.32,0.90,0.45,0.63,0.57,0.80,0.55,1.10,0.80,0.15,0.70,0.77,1.23,0.90,1.55,1.07,1.10,0.60,1.95,0.40,0.65,0.54,0.67,0.82,0.77,0.67,0.50,0.40,0.60,0.47,,0.60,0.70,0.73,1.00,1.07,0.77,0.60,0.90,2.02,1.00,0.65,1.30,0.63,1.00,0.97,1.05,0.70,0.97,0.57,0.90,0.55,0.88,0.53,0.30,1.30,0.80,0.65,0.93,0.55,0.70,0.95,0.80,0.63,1.10,0.70,0.77,0.90,0.80,0.60,0.73,1.65,0.35,1.18,1.73,0.97,1.00,1.15,1.10,1.05,1.05,1.00,1.15,1.10,0.77,1.00,0.73,0.70,0.82,0.63,0.70,,0.70,0.30,0.30,0.45,0.47,0.80,0.80,0.85,0.20,0.70,0.50,0.40,0.55,0.50,0.45,0.70,0.55,0.50,0.65,0.55,0.65,1.00,0.70,0.50,0.20,0.45,0.60,0.80,0.40,0.35,1.00,0.63,0.80,0.95,0.85,0.85,0.80,0.70,0.65,0.75,0.75,0.70,1.10,0.65,0.60,0.90,0.50,0.70,0.80,0.90,0.50,0.20,0.37,0.70,1.15,1.05,0.45,1.95,0.20,0.35,0.40,0.60,,1.17,0.80,,1.75,2.80,
20190228,17,CO_24h,0.84,1.64,2.20,1.30,2.22,1.02,1.83,0.80,0.77,1.30,1.17,1.20,2.15,1.43,1.25,2.46,1.42,1.14,1.22,0.61,0.77,0.77,0.43,1.10,1.17,0.43,0.97,0.75,0.47,0.58,0.92,0.57,0.73,0.90,0.74,0.93,0.77,0.93,0.80,0.57,0.53,0.70,0.53,0.90,0.59,0.64,0.67,1.09,1.05,0.99,0.64,0.67,0.77,1.69,0.65,0.55,1.56,1.03,1.37,1.00,0.72,1.60,1.30,0.50,0.89,0.93,0.79,0.62,0.48,1.15,1.37,1.43,1.32,2.00,0.68,0.55,1.96,0.76,1.22,1.55,1.10,1.97,0.57,1.15,0.97,0.85,1.47,1.87,0.94,1.62,1.60,0.95,1.03,0.77,1.43,1.35,1.28,0.82,0.53,0.63,1.05,0.65,1.25,1.35,1.80,1.10,1.25,2.05,1.30,0.80,2.38,1.52,2.12,1.47,0.68,2.67,1.88,2.92,1.54,0.93,1.75,1.58,0.74,0.67,0.63,0.83,0.76,1.27,0.80,1.40,0.80,1.00,0.74,1.10,0.80,0.98,0.50,0.93,0.87,1.15,0.50,0.65,0.76,0.62,0.87,0.80,0.92,0.78,0.68,0.65,1.10,1.17,1.47,1.07,0.87,1.05,0.80,0.75,0.76,0.73,2.20,1.10,1.20,0.75,0.70,2.15,2.80,2.45,2.90,3.20,1.65,1.50,2.10,0.83,0.55,0.65,0.85,0.50,1.00,0.87,2.10,1.40,1.15,0.20,1.00,0.80,0.70,,1.80,0.65,0.85,0.80,1.62,1.02,1.17,1.35,1.30,1.00,1.63,0.73,0.30,1.00,0.60,0.77,0.25,0.60,0.98,2.48,1.45,1.35,1.30,1.30,1.45,1.35,0.80,0.35,0.77,1.43,1.43,1.57,1.50,1.30,1.10,0.60,1.60,0.40,0.73,0.62,0.93,0.63,0.70,0.67,0.55,0.60,0.80,0.63,0.45,0.60,0.73,0.80,1.10,0.93,0.90,0.60,0.77,1.23,1.00,0.50,1.38,0.75,1.33,0.88,1.05,0.80,1.15,0.78,1.03,0.72,1.00,0.53,0.60,1.10,1.00,0.95,0.60,0.78,0.80,0.70,0.60,0.77,1.05,0.76,0.85,1.00,0.90,0.73,0.93,0.70,0.70,1.23,1.73,1.20,1.03,1.50,1.35,0.85,1.00,0.95,1.15,1.00,0.80,1.00,0.90,0.83,0.93,0.75,0.73,,0.77,0.45,0.45,0.63,1.00,0.87,0.90,0.85,0.20,0.85,0.50,0.50,0.80,0.60,0.45,0.75,0.60,0.53,0.65,0.65,0.60,0.80,0.70,0.50,0.50,0.45,0.60,0.90,0.40,0.35,1.27,1.63,0.90,1.10,1.05,0.80,1.20,0.90,0.80,0.80,0.95,0.90,1.20,0.80,0.80,0.80,0.60,0.80,1.00,1.00,0.50,0.30,0.63,0.85,1.25,1.65,1.15,1.90,0.60,1.20,0.60,1.55,0.45,2.20,1.00,0.90,1.60,2.10,
20190228,18,AQI,125,164,306,234,207,134,219,64,53,221,133,130,159,113,73,66,104,69,150,49,68,54,53,70,128,70,63,60,71,59,78,59,96,71,39,37,70,52,50,51,29,38,33,33,70,18,46,41,119,148,100,55,54,65,29,30,66,119,74,103,65,66,48,23,69,60,65,34,60,114,69,64,54,197,69,58,71,52,141,143,76,70,33,148,95,95,114,136,130,235,133,78,151,108,204,104,33,43,32,39,49,45,44,33,21,61,59,69,38,83,79,128,143,166,62,120,76,103,95,71,81,129,145,61,53,56,106,169,75,166,81,106,89,70,39,54,49,33,38,38,20,61,51,28,114,96,58,90,31,44,180,126,118,114,129,54,90,46,79,346,135,119,197,140,209,141,118,161,107,123,100,105,148,57,53,64,63,52,78,60,60,73,81,44,60,80,54,,148,54,68,91,143,52,66,109,58,88,68,45,27,66,52,34,51,69,30,83,84,48,65,56,44,51,64,40,74,134,278,170,405,174,146,50,500,40,86,95,106,86,93,20,63,78,76,68,68,100,100,29,12,11,58,13,54,50,55,36,20,32,51,37,35,146,113,98,69,48,86,85,53,71,55,68,65,74,35,73,53,31,41,55,44,55,28,41,51,34,31,40,83,54,31,25,44,25,24,58,55,71,58,103,89,68,59,51,65,,78,28,19,31,35,43,47,52,39,50,34,26,77,24,44,44,26,50,52,46,21,42,29,26,21,58,40,33,26,26,70,54,61,51,54,54,67,93,74,85,76,39,54,32,37,66,40,53,37,61,31,34,80,56,94,89,60,268,58,136,121,133,97,65,50,23,253,,
20190228,18,PM2.5,95,125,256,184,157,102,169,38,17,171,101,99,121,85,35,43,78,46,115,34,49,38,34,51,97,51,44,43,52,42,57,42,72,52,26,26,51,36,35,34,15,25,23,23,51,12,18,23,90,113,75,39,38,37,17,18,46,90,54,77,47,48,29,12,50,43,37,13,13,86,50,46,38,148,50,41,43,24,108,109,56,43,23,113,71,71,86,104,99,185,101,57,116,81,154,78,23,21,17,17,34,24,25,23,15,44,35,50,23,61,58,97,109,126,26,91,56,77,65,52,60,98,111,44,36,40,80,128,55,126,60,80,66,51,27,38,32,23,19,22,12,44,36,13,86,72,41,67,20,12,136,96,89,86,98,28,62,27,58,75,103,90,148,107,159,108,89,123,76,93,75,68,113,37,37,46,44,34,57,43,43,53,60,27,43,59,23,,113,38,49,68,109,20,44,82,31,65,41,19,13,35,31,23,30,50,21,61,62,24,37,40,31,35,46,25,54,102,228,129,358,132,112,28,556,28,64,71,80,64,69,10,45,57,56,49,49,75,75,20,5,5,41,6,27,34,39,25,4,19,36,24,21,112,85,73,50,30,64,63,35,52,39,49,47,54,24,53,37,20,25,39,31,39,17,29,33,21,22,18,61,32,22,16,31,12,16,41,34,52,41,77,66,49,42,32,47,,57,12,6,12,11,30,33,33,21,35,24,11,12,13,26,15,9,34,35,23,11,18,17,14,8,16,6,8,2,4,51,38,44,36,38,38,47,69,54,56,56,26,33,21,12,48,28,31,26,20,,8,59,40,70,36,22,218,38,48,37,57,24,47,12,2,203,,
20190228,18,PM2.5_24h,63,145,187,101,83,113,159,28,23,103,129,124,196,104,47,135,87,104,204,31,46,43,31,53,82,45,40,45,47,42,58,42,63,50,31,24,60,38,34,17,17,16,15,15,52,36,46,31,104,79,85,30,38,62,30,29,65,45,56,61,42,99,20,13,61,58,18,18,9,78,48,47,62,149,45,39,61,34,103,100,73,130,60,112,110,86,142,168,100,182,175,51,126,66,181,153,15,40,19,24,29,29,32,36,28,62,54,54,23,56,59,106,136,116,28,107,130,103,120,92,291,242,131,54,45,46,95,114,67,122,72,102,43,45,29,40,32,15,29,16,12,48,56,15,76,63,54,64,16,13,151,132,77,75,96,47,44,49,53,64,195,104,76,47,81,224,199,170,273,193,83,82,89,49,33,36,39,32,52,36,38,48,58,21,35,41,16,,95,56,59,53,131,66,101,127,103,78,62,46,18,57,32,64,18,45,74,113,113,49,105,97,64,66,119,43,61,163,220,229,300,271,132,27,360,30,66,70,76,58,43,13,60,62,56,43,57,47,69,45,9,8,31,29,16,40,31,23,12,19,38,21,19,106,92,72,76,69,93,63,58,40,57,71,28,66,30,28,35,32,33,46,46,65,21,45,43,34,40,13,44,30,15,31,41,11,8,19,33,40,48,63,60,52,47,46,45,,57,15,11,13,31,22,46,17,18,25,11,16,16,4,32,22,16,31,33,33,15,20,19,13,13,8,11,18,6,4,47,96,56,44,43,48,74,84,63,43,63,38,34,22,19,59,35,31,29,16,10,9,59,61,44,44,31,161,36,74,42,84,35,65,16,7,173,142,
20190228,18,PM10,118,131,352,276,213,167,230,78,56,241,153,136,179,133,96,81,118,88,140,46,77,55,56,83,138,62,76,55,62,54,82,65,108,75,39,36,72,53,41,51,29,38,29,31,69,15,46,41,132,179,98,57,40,79,29,30,82,135,97,111,52,35,48,23,71,62,79,34,70,136,65,67,56,167,58,53,92,53,182,141,92,90,33,170,123,111,100,144,153,292,154,105,133,163,223,129,22,43,32,39,47,45,44,29,20,69,68,87,38,101,85,120,144,198,73,138,102,119,139,78,71,144,131,44,56,48,100,154,73,175,70,104,76,83,39,,49,33,38,38,20,56,27,28,104,86,66,87,31,44,,117,101,98,130,58,130,46,78,457,149,133,200,149,223,154,175,168,163,131,118,159,214,63,56,63,76,54,73,59,57,69,85,44,70,92,58,,154,48,58,125,177,53,82,114,66,91,86,45,21,81,53,34,51,74,30,82,96,48,80,59,43,52,70,40,84,141,263,145,413,152,178,50,,,83,100,82,83,72,20,53,75,86,72,61,80,76,25,12,6,53,,57,50,57,33,17,32,47,37,35,150,118,82,58,48,76,86,55,75,46,58,72,64,35,73,40,31,41,44,42,52,28,39,52,34,30,40,98,58,28,25,44,25,24,55,59,78,61,85,61,67,62,51,57,,73,19,19,31,35,34,38,53,39,45,,16,103,19,44,44,18,50,53,46,10,42,29,,18,65,40,26,8,16,88,46,53,47,39,58,84,118,75,120,50,39,57,32,25,,32,55,33,71,,24,75,51,112,128,70,274,65,222,192,216,143,73,50,6,252,,
20190228,18,PM10_24h,92,174,289,164,149,188,222,68,70,162,181,172,279,154,98,187,118,123,209,39,63,53,39,83,132,51,63,59,57,55,88,59,101,69,44,32,77,49,51,26,27,26,19,21,58,48,62,44,160,127,104,37,40,126,47,45,132,62,111,79,60,135,38,29,78,86,33,34,42,136,69,70,110,180,56,47,122,78,149,136,83,180,62,167,168,135,157,220,169,281,250,103,169,113,236,207,17,52,28,43,49,42,40,49,44,79,83,88,45,101,115,141,188,166,70,159,183,155,152,110,342,302,148,39,54,41,127,145,86,183,97,127,52,83,39,42,47,22,44,23,26,68,57,33,97,81,74,86,24,32,156,155,93,83,135,103,117,90,73,283,255,162,124,75,122,279,329,241,333,294,113,149,152,65,43,54,56,43,71,46,49,60,77,34,51,55,31,,118,77,90,94,200,157,154,180,140,117,146,81,23,121,64,82,74,69,109,156,153,91,144,113,82,92,144,71,73,199,277,279,345,267,192,51,364,92,92,95,95,68,36,20,67,85,95,60,79,51,68,51,19,10,49,43,26,56,45,29,19,37,50,33,32,141,133,89,84,92,111,83,89,70,87,94,49,89,49,48,40,51,56,49,43,72,28,56,65,49,52,28,63,47,23,46,57,16,15,26,51,58,66,72,72,84,68,67,54,,73,21,17,26,52,27,57,25,35,30,14,23,46,25,49,42,24,50,49,54,22,35,45,13,27,31,45,37,8,11,84,126,65,60,58,69,116,166,87,113,75,47,54,43,25,68,46,46,38,33,33,32,73,68,68,143,84,213,66,276,213,275,161,97,40,16,205,201,
20190228,18,SO2,8,14,45,26,21,14,19,13,7,21,22,10,16,33,22,18,28,23,24,7,10,7,9,21,16,10,10,11,13,5,5,12,8,11,8,7,7,7,6,4,5,6,5,6,3,4,6,2,20,13,11,7,5,5,4,6,11,13,9,11,9,9,7,5,15,6,21,9,4,8,7,16,8,18,9,9,28,16,14,43,28,45,9,17,12,13,18,23,21,17,15,10,16,14,22,35,6,8,4,2,6,7,6,5,6,10,10,18,8,10,18,14,17,34,13,25,21,23,110,14,22,12,12,5,8,9,13,12,10,10,12,6,8,9,4,5,3,7,6,7,3,5,8,13,8,7,3,5,12,13,7,9,7,5,8,22,12,7,7,5,28,20,18,12,17,14,20,21,16,21,23,24,14,13,8,18,11,10,7,10,12,12,10,11,9,2,3,,55,4,9,3,16,9,15,5,18,15,33,6,3,32,21,4,3,13,26,19,14,23,8,16,23,19,16,17,13,10,9,7,5,14,5,12,21,29,16,13,15,11,9,9,7,4,4,7,3,10,5,4,6,3,8,7,11,10,24,17,3,10,13,6,6,14,12,11,5,6,6,5,3,10,8,6,8,8,5,7,7,5,4,7,13,4,5,5,6,3,8,8,7,7,7,8,10,8,7,7,3,10,9,8,4,6,20,6,7,,4,10,19,13,12,16,3,15,14,30,6,5,7,7,6,9,11,10,5,7,4,5,8,6,4,4,8,4,4,3,7,11,8,13,6,14,6,9,7,12,8,6,6,12,3,12,14,17,10,18,6,4,23,11,8,12,4,33,20,7,6,8,15,20,5,2,8,,
20190228,18,SO2_24h,6,23,39,25,31,18,30,12,10,15,27,20,49,27,19,52,28,20,22,6,8,6,8,21,16,8,11,11,10,7,5,9,8,9,6,7,10,7,7,4,5,5,4,5,3,4,6,4,23,17,11,6,4,7,4,6,12,6,8,10,7,14,7,5,10,8,12,12,3,8,14,15,16,9,9,8,36,21,17,42,22,105,9,25,21,14,26,38,31,22,27,14,21,13,23,31,6,9,4,4,7,7,6,6,8,15,16,14,12,9,53,22,34,37,20,48,34,32,61,15,28,16,14,5,11,10,11,15,12,13,11,10,7,11,4,8,2,7,6,8,2,6,9,15,11,7,4,4,12,13,7,13,10,7,7,17,8,22,5,6,30,19,27,10,21,28,24,31,16,47,14,12,10,11,7,13,5,9,6,8,7,12,7,9,7,1,3,,59,5,10,5,26,53,43,16,42,35,86,13,3,38,23,9,8,13,64,43,29,31,25,14,25,27,15,13,12,17,20,16,12,20,15,14,13,29,10,15,15,13,9,10,9,3,10,7,4,8,7,6,7,5,12,8,6,8,15,9,4,8,12,5,15,14,16,15,6,8,7,6,5,9,12,11,5,10,6,4,6,6,4,8,12,5,5,5,4,3,7,8,8,8,7,9,17,7,7,7,4,9,10,8,5,9,12,9,6,,6,9,19,17,18,19,2,11,7,22,5,5,10,7,5,9,13,24,10,6,4,7,8,6,4,4,9,4,6,3,9,19,14,36,15,14,9,14,7,21,9,14,10,14,11,11,20,13,10,22,6,5,13,12,8,15,14,20,12,10,6,12,21,26,4,3,13,13,
20190228,18,NO2,46,51,79,102,120,21,50,27,19,36,37,31,27,32,25,43,63,52,67,39,57,55,30,69,29,36,57,44,32,26,26,41,30,53,48,59,50,50,40,29,17,34,31,31,38,35,27,30,44,79,35,53,40,62,29,23,59,129,85,93,25,40,36,12,44,44,46,15,7,48,40,37,24,67,39,43,34,13,93,48,48,43,35,45,26,32,28,36,40,62,38,36,36,73,78,33,23,16,6,10,20,10,17,8,24,17,27,29,19,22,27,27,29,62,47,59,58,49,71,35,38,50,55,32,36,27,38,25,18,28,21,21,38,30,24,19,16,23,12,21,5,32,39,24,38,20,32,37,24,14,31,25,42,34,40,16,25,16,24,9,47,30,53,69,28,19,24,45,49,37,45,67,56,51,24,36,41,26,46,34,55,30,41,15,48,35,44,,80,14,18,36,28,11,24,16,22,30,27,21,11,23,19,17,4,13,21,50,36,20,38,21,52,29,31,54,25,41,26,29,43,41,50,24,66,18,41,27,46,67,24,15,40,27,12,16,19,64,39,30,24,20,22,25,39,43,37,23,22,26,32,17,25,24,30,24,15,15,21,16,14,41,26,18,52,30,8,41,21,15,27,32,27,22,23,28,16,14,16,18,28,18,25,13,15,17,20,20,28,42,35,33,31,38,37,38,27,,29,5,9,9,21,14,13,23,17,24,23,7,7,6,13,10,7,11,16,19,14,24,17,6,7,3,9,2,5,6,40,34,33,33,17,36,18,18,25,23,18,9,31,12,8,17,17,20,5,11,4,19,34,19,25,19,9,46,31,12,6,14,10,24,5,15,55,,
20190228,18,NO2_24h,54,83,94,74,77,39,78,20,29,72,60,52,86,65,51,79,72,46,50,44,43,50,23,60,53,28,51,43,33,27,33,24,47,47,35,55,53,47,39,27,15,38,32,28,44,30,28,30,63,74,45,40,27,69,32,28,66,54,56,66,31,58,29,10,38,56,22,23,6,55,63,40,56,77,24,33,61,36,65,43,44,76,32,64,49,48,55,68,49,69,77,37,60,74,45,77,19,27,7,12,26,12,22,24,32,27,39,37,28,26,48,37,53,61,24,65,60,58,77,29,40,64,35,47,43,31,48,48,30,58,37,42,28,41,22,28,12,16,16,17,5,43,30,31,40,21,41,25,21,11,49,39,45,37,50,25,41,37,35,27,80,54,91,56,59,56,65,56,71,102,35,57,56,56,22,39,38,32,43,36,47,38,37,15,39,21,37,,65,27,33,43,57,52,63,44,66,51,61,27,9,38,39,23,7,12,40,65,61,37,46,33,35,28,22,19,23,44,35,40,46,41,50,17,41,14,47,32,63,38,15,18,41,40,50,34,44,36,38,27,20,13,24,21,18,22,31,19,17,20,28,15,25,42,60,28,29,41,44,28,35,34,30,48,33,33,12,29,23,26,28,28,23,22,19,22,10,13,18,14,35,19,16,16,24,10,15,16,24,40,31,30,35,47,27,43,26,,35,8,15,11,28,13,13,17,15,17,11,14,17,8,25,10,17,15,19,25,10,22,15,5,25,3,9,3,13,5,35,74,31,41,33,35,36,31,28,32,22,24,28,23,14,32,21,16,21,14,11,22,32,33,28,39,39,59,29,42,10,41,31,53,11,17,40,33,
20190228,18,O3,87,102,83,66,30,121,107,103,80,158,112,115,117,118,98,73,69,53,64,80,48,54,78,74,114,72,54,66,68,82,78,78,109,48,54,11,46,54,67,53,77,56,36,34,59,26,62,73,126,67,115,27,39,15,57,75,13,56,18,27,76,17,15,47,28,40,18,72,100,74,70,88,115,78,34,30,100,116,17,97,48,71,40,110,123,134,126,135,121,122,132,127,115,69,90,125,30,96,64,59,23,93,45,67,19,99,99,4,73,122,87,142,142,87,53,83,62,89,54,89,76,54,68,75,67,56,98,120,129,121,105,118,73,59,70,83,56,60,86,32,63,63,36,76,9,39,61,42,43,64,102,113,82,51,85,110,117,115,109,76,113,134,121,95,127,120,144,164,129,121,151,117,122,72,79,87,64,86,74,74,41,92,66,106,63,17,54,,71,90,111,88,127,99,112,140,122,100,115,73,85,97,110,78,73,129,65,64,78,77,68,85,37,73,59,63,84,77,85,99,53,85,88,55,34,78,81,79,96,37,63,41,68,87,103,60,95,31,53,36,7,20,40,33,19,8,28,31,65,55,32,37,27,111,118,128,100,101,94,107,92,37,98,91,25,74,75,36,52,96,35,51,64,73,46,59,58,62,63,19,10,30,16,10,27,44,22,27,11,40,39,42,37,47,34,73,53,,43,89,52,98,97,63,77,26,89,52,31,83,93,78,96,79,84,95,86,105,66,55,44,83,66,103,43,104,84,83,57,96,60,47,82,53,109,120,77,118,93,75,59,76,119,100,102,80,101,86,99,110,130,103,84,98,89,93,72,92,85,104,76,97,77,74,60,,
20190228,18,O3_24h,96,140,88,109,79,135,129,112,94,165,131,127,121,123,104,95,81,101,110,87,60,72,88,119,122,91,68,85,79,91,92,100,130,61,78,20,56,72,81,59,82,63,42,44,83,96,90,75,139,124,127,54,68,39,82,93,33,80,68,75,112,22,20,71,32,51,67,87,100,89,80,93,118,87,63,60,113,120,61,112,94,95,79,122,139,150,138,151,135,138,144,147,137,96,137,144,43,114,81,70,41,100,78,73,20,153,172,9,99,137,92,155,145,124,84,122,87,109,90,111,112,129,89,88,87,67,116,133,143,132,120,131,90,86,81,89,78,84,96,43,75,74,44,90,20,44,65,70,66,73,106,119,97,66,106,110,120,124,110,84,113,134,121,95,127,125,144,164,129,121,151,123,122,72,79,87,70,86,74,76,41,92,66,106,63,22,54,,71,95,122,94,149,113,117,149,125,111,119,90,96,101,122,94,77,129,92,116,96,94,95,106,82,107,97,110,114,95,126,132,126,119,115,74,69,92,99,92,112,58,71,56,82,100,104,70,117,47,70,100,27,28,59,87,36,50,46,43,80,88,54,43,37,121,130,137,116,112,103,120,103,48,101,105,48,99,83,54,63,100,47,69,73,81,63,79,75,76,69,26,14,33,25,13,56,69,42,40,16,67,54,46,47,51,52,89,70,,53,132,68,103,107,71,92,53,95,87,68,85,97,79,107,86,90,105,93,125,79,70,64,90,68,108,46,100,84,94,84,102,85,67,85,83,112,124,96,122,95,83,86,90,119,128,105,85,102,89,99,110,130,107,93,98,97,149,92,102,87,104,78,98,77,74,92,100,
20190228,18,O3_8h,75,107,55,88,60,97,92,93,76,101,114,104,72,101,88,78,51,85,89,72,45,59,75,86,103,74,51,66,60,73,81,89,109,54,60,10,43,55,64,47,73,51,36,31,53,39,70,66,118,80,106,33,45,21,65,75,18,62,36,45,92,16,14,57,22,29,30,80,92,59,61,72,90,62,43,38,86,108,40,97,78,81,56,95,114,126,122,133,112,106,124,121,106,64,118,123,35,97,66,64,30,85,32,70,16,111,129,5,81,122,74,132,113,99,69,107,76,80,75,102,96,99,76,70,75,50,92,100,125,101,106,108,77,62,70,73,69,65,82,35,69,61,38,77,10,31,55,41,46,68,87,107,61,51,81,94,98,104,82,64,113,134,121,95,127,120,144,164,129,121,151,117,122,72,79,87,64,86,74,74,41,92,66,106,63,17,54,,71,77,113,78,113,99,101,124,96,91,94,81,88,85,107,89,69,122,81,87,81,82,83,94,57,83,80,101,106,86,88,101,71,94,101,64,55,85,78,71,96,44,62,51,64,90,92,49,104,41,60,45,6,23,42,37,27,14,38,33,70,60,43,37,29,89,103,120,102,100,73,108,93,29,75,86,29,84,77,36,55,95,31,48,65,66,46,64,60,67,56,22,10,23,21,11,27,55,35,34,11,43,38,36,30,29,33,73,47,,36,91,50,96,87,44,82,28,79,60,48,73,89,77,88,73,86,90,70,93,69,36,44,87,60,96,41,88,75,87,70,77,67,49,64,56,90,101,71,103,79,76,56,79,111,86,99,77,95,68,87,94,96,89,81,84,84,64,64,63,74,75,63,74,65,59,62,63,
20190228,18,O3_8h_24h,75,107,55,88,61,97,92,93,76,101,114,104,72,101,88,78,55,85,89,72,47,59,75,89,103,74,51,66,60,73,81,89,109,55,61,12,43,55,64,47,78,51,37,32,53,88,71,66,118,80,106,43,49,21,68,75,18,62,36,45,92,16,14,57,25,29,59,81,92,59,61,72,90,65,50,48,86,108,50,97,78,81,65,95,114,126,122,133,112,106,124,121,106,64,120,123,36,97,75,64,30,85,44,70,16,111,129,5,81,122,74,132,113,99,69,107,77,80,75,102,96,100,76,70,75,50,92,100,125,101,106,108,77,62,70,73,70,75,82,36,69,61,39,77,10,31,55,46,59,68,87,107,61,51,81,94,98,104,85,64,113,134,121,95,127,120,144,164,129,121,151,117,122,72,79,87,64,86,74,74,41,92,66,106,63,19,54,,71,77,113,78,113,99,101,124,96,91,94,81,88,85,107,89,69,122,81,87,81,82,83,94,57,83,80,103,106,86,116,102,71,97,104,65,55,85,78,71,96,49,63,52,64,90,92,57,104,41,60,95,23,24,44,73,27,41,38,42,70,86,43,39,32,89,103,120,102,100,73,108,93,30,75,86,33,84,77,36,55,95,33,59,65,66,58,64,63,69,56,22,10,23,22,11,27,57,38,34,11,46,38,38,30,29,33,73,47,,36,91,63,96,87,44,83,52,79,83,65,73,89,77,88,73,86,90,70,93,72,36,57,87,60,96,41,88,75,90,70,77,67,49,64,68,90,101,81,103,79,76,62,79,111,86,99,77,95,68,87,94,96,89,81,84,84,69,64,63,74,75,63,74,65,66,74,76,
20190228,18,CO,0.95,1.09,2.56,1.92,2.36,0.63,1.40,0.87,0.60,1.60,0.77,0.85,0.87,1.06,0.73,0.62,1.40,0.77,1.10,0.60,0.78,0.63,0.50,1.10,0.85,0.45,0.85,0.65,0.50,0.60,0.90,0.65,0.83,0.96,0.70,0.90,0.75,1.07,0.67,0.57,0.37,0.73,0.60,0.93,0.63,0.66,0.63,0.87,0.81,1.03,0.58,0.96,0.84,1.24,0.58,0.47,1.30,1.50,1.47,1.40,0.76,1.17,1.36,0.48,1.07,0.73,0.99,0.58,0.50,1.08,0.90,1.37,1.08,2.20,0.92,0.65,1.18,0.58,1.48,1.20,1.10,0.77,0.57,0.78,0.67,0.90,0.93,1.08,0.82,1.37,0.88,0.85,0.83,0.93,1.73,0.70,1.40,0.72,0.50,0.65,1.15,0.65,1.40,0.95,1.20,0.95,0.98,1.10,0.80,0.77,0.68,1.06,1.44,1.65,0.67,1.35,0.92,1.87,1.12,0.83,1.08,1.16,0.80,0.53,0.63,0.63,0.66,1.03,0.67,0.93,0.70,0.87,0.76,0.80,0.76,0.80,0.55,0.90,0.63,1.15,0.40,0.47,0.80,0.90,0.77,0.83,0.78,0.80,0.56,0.65,0.87,0.87,1.00,1.07,0.77,0.80,1.00,0.60,0.72,0.50,1.35,1.10,1.20,1.20,1.00,0.90,1.20,1.55,1.70,1.30,1.55,1.85,2.20,0.83,0.60,0.55,0.70,0.50,1.20,0.87,2.50,1.30,1.25,0.30,1.00,0.90,0.70,,1.90,0.50,0.70,0.90,0.96,0.50,0.68,0.93,0.60,1.10,0.90,0.37,0.35,0.60,0.35,0.33,0.30,0.70,0.40,0.88,0.60,0.75,0.67,1.00,0.90,1.50,1.00,0.50,0.83,0.97,1.20,1.00,1.60,1.45,1.00,0.65,2.65,0.40,0.72,0.53,0.67,0.85,0.77,0.70,0.60,0.47,0.70,0.55,0.40,0.70,0.73,0.70,1.07,1.10,0.90,0.60,1.00,2.15,1.07,0.72,1.33,0.68,0.95,1.02,1.05,0.63,0.90,0.68,0.90,0.57,0.88,0.53,0.33,1.22,0.80,0.68,0.93,0.60,0.80,1.00,0.83,0.63,1.05,0.75,0.75,0.88,0.82,0.67,0.82,1.00,0.40,1.40,1.67,1.00,1.10,1.15,1.20,1.00,1.10,1.05,1.15,1.13,0.80,1.03,0.77,0.73,0.82,0.83,0.70,,0.75,0.50,0.30,0.57,0.47,0.80,0.80,0.95,0.40,0.75,0.50,0.40,0.55,0.60,0.45,0.75,0.55,0.53,0.65,0.60,0.70,1.00,0.65,0.50,0.20,0.50,0.60,0.30,0.40,0.40,1.10,0.73,0.90,1.05,0.85,0.85,0.80,0.80,0.65,0.75,0.80,0.60,1.20,0.90,0.60,0.70,0.50,0.90,0.80,0.90,0.50,0.20,0.50,0.70,1.15,1.00,0.40,1.95,0.20,0.45,0.40,2.70,,1.30,0.70,0.10,2.20,,
20190228,18,CO_24h,0.85,1.64,2.21,1.32,2.26,1.00,1.83,0.80,0.77,1.30,1.17,1.15,2.08,1.43,1.25,2.41,1.43,1.13,1.16,0.61,0.76,0.77,0.43,1.27,1.21,0.43,0.98,0.72,0.47,0.58,0.92,0.60,0.77,0.90,0.74,0.93,0.77,0.93,0.80,0.57,0.50,0.70,0.53,0.90,0.59,0.64,0.67,1.09,1.05,1.02,0.63,0.69,0.77,1.66,0.64,0.55,1.55,1.07,1.40,1.06,0.72,1.53,1.30,0.53,0.90,0.93,0.80,0.62,0.48,1.15,1.37,1.43,1.32,2.02,0.72,0.55,1.96,0.78,1.25,1.55,1.10,1.95,0.57,1.15,0.93,0.85,1.40,1.80,0.96,1.60,1.57,0.95,1.03,0.83,1.47,1.30,1.26,0.82,0.52,0.63,1.05,0.65,1.25,1.35,1.70,1.05,1.23,2.00,1.30,0.80,2.38,1.52,2.10,1.47,0.70,2.67,1.83,2.85,1.54,0.93,1.65,1.54,0.72,0.67,0.65,0.82,0.76,1.27,0.80,1.40,0.80,1.00,0.76,1.10,0.80,0.98,0.55,0.95,0.83,1.13,0.50,0.65,0.76,0.60,0.83,0.80,0.92,0.80,0.68,0.65,1.10,1.17,1.47,1.07,0.90,1.05,0.80,0.70,0.76,0.73,2.20,1.10,1.20,0.75,0.70,2.20,2.85,2.55,3.00,3.20,1.75,1.55,2.15,0.83,0.55,0.65,0.85,0.50,1.00,0.87,2.10,1.45,1.10,0.20,1.00,0.80,0.70,,1.85,0.65,0.85,0.80,1.62,1.02,1.17,1.36,1.30,1.00,1.67,0.73,0.30,1.00,0.60,0.73,0.25,0.60,0.98,2.42,1.45,1.35,1.30,1.30,1.50,1.35,0.85,0.35,0.77,1.40,1.47,1.57,1.50,1.30,1.10,0.60,1.65,0.40,0.73,0.62,0.97,0.63,0.70,0.67,0.55,0.60,0.80,0.63,0.45,0.60,0.73,0.80,1.03,0.93,0.90,0.60,0.77,1.27,1.00,0.50,1.38,0.72,1.30,0.90,1.05,0.80,1.13,0.78,1.03,0.72,1.00,0.53,0.60,1.12,1.00,0.95,0.60,0.78,0.80,0.70,0.60,0.77,1.05,0.74,0.82,1.00,0.90,0.68,0.93,0.70,0.70,1.23,1.70,1.13,1.03,1.40,1.35,0.85,1.00,1.00,1.15,1.00,0.80,1.00,0.90,0.83,0.90,0.75,0.73,,0.77,0.45,0.40,0.63,0.92,0.87,0.90,0.85,0.25,0.80,0.50,0.50,0.85,0.55,0.45,0.75,0.60,0.60,0.65,0.65,0.60,0.80,0.70,0.50,0.50,0.45,0.60,0.95,0.40,0.35,1.27,1.60,0.90,1.10,1.05,0.80,1.20,0.90,0.80,0.80,0.95,0.90,1.20,0.80,0.80,0.80,0.60,0.80,1.00,1.00,0.50,0.30,0.63,0.85,1.25,1.60,1.10,1.90,0.60,1.20,0.60,1.60,0.70,2.20,1.00,0.90,1.70,2.10,
20190228,19,AQI,183,167,316,249,228,126,240,59,57,221,146,135,167,119,76,71,110,78,210,49,70,59,56,79,126,81,66,61,76,58,85,64,108,71,41,40,73,52,55,58,33,42,39,34,80,18,48,48,126,145,86,54,58,65,32,32,63,106,69,91,74,63,52,31,68,58,67,28,51,115,65,61,56,229,75,61,74,53,146,176,106,67,34,160,106,118,113,145,139,249,144,82,170,104,213,116,36,32,30,38,46,53,40,48,22,61,56,66,43,81,63,125,151,211,68,161,98,121,96,91,210,183,191,69,55,74,110,130,80,194,74,106,95,74,42,54,47,35,51,39,22,64,44,26,95,93,61,83,41,33,193,151,148,119,131,56,91,47,79,495,143,121,224,161,217,129,125,167,125,135,101,120,161,59,51,70,65,54,86,63,65,73,79,47,62,81,58,,166,55,69,76,157,53,74,85,61,93,72,53,25,81,64,57,67,68,51,114,114,61,76,68,57,63,71,69,69,212,318,186,413,260,121,52,500,42,88,95,105,86,101,19,64,83,81,73,73,90,98,35,17,11,59,13,58,57,58,45,18,39,54,40,41,133,100,105,63,47,90,83,54,68,61,71,65,68,39,79,54,37,47,59,43,56,29,51,51,40,36,45,89,55,43,36,41,27,24,55,50,70,59,89,84,71,65,64,73,,84,25,23,30,37,41,40,56,33,55,24,25,59,24,46,55,25,60,56,52,21,44,30,27,19,53,44,30,26,27,78,68,63,55,54,55,69,120,71,93,88,39,49,30,34,74,41,52,37,27,30,33,81,60,88,84,58,264,59,179,120,204,93,59,45,23,282,263,
20190228,19,PM2.5,138,127,266,199,178,96,190,31,27,171,112,103,127,90,41,47,83,57,160,34,51,42,40,58,96,60,48,44,56,41,63,46,81,52,27,28,53,35,39,41,18,27,27,24,59,10,18,24,96,111,64,38,41,37,20,21,42,80,47,68,54,45,30,14,49,41,40,16,11,87,47,44,37,179,55,44,43,26,112,133,80,36,22,122,80,89,85,111,106,199,110,60,129,78,163,88,25,17,19,20,32,26,28,26,15,44,33,45,20,60,45,95,116,161,30,123,73,92,72,68,160,138,144,50,39,54,83,99,59,146,54,80,71,54,29,38,29,23,17,24,14,46,31,11,71,69,44,61,25,13,145,116,113,90,100,28,61,26,58,90,109,92,174,123,167,98,95,127,95,103,76,85,123,41,36,51,47,38,64,45,47,53,58,33,44,60,27,,126,39,50,56,120,20,49,63,41,69,45,24,14,41,46,33,16,49,36,86,86,33,48,49,39,45,52,50,50,162,268,140,369,210,92,31,576,24,65,71,79,64,76,11,46,61,60,53,53,67,73,20,8,5,42,6,41,40,41,31,7,20,38,25,29,101,75,79,45,31,67,61,38,49,44,52,46,49,25,58,38,26,28,42,30,40,16,36,29,26,25,18,66,34,30,19,29,17,17,38,35,51,42,66,62,52,47,46,53,,62,17,12,13,12,29,28,37,16,39,17,10,17,11,30,26,12,43,40,30,10,20,21,13,5,13,8,14,6,7,57,49,45,39,38,37,50,91,52,65,65,27,26,16,10,54,29,35,26,19,,10,60,43,65,35,19,214,34,53,37,60,29,37,10,5,232,213,
20190228,19,PM2.5_24h,65,148,193,107,88,112,163,26,23,106,127,122,195,104,48,130,88,101,198,31,47,44,32,54,84,47,40,46,48,43,59,42,65,51,31,23,60,37,35,18,17,17,15,16,54,34,45,31,104,82,84,30,38,61,30,29,63,47,57,63,43,96,20,13,61,58,19,18,10,78,48,47,62,150,45,38,61,34,105,101,73,128,59,114,109,87,139,164,101,183,166,52,127,68,180,150,15,40,19,24,29,29,32,35,25,61,54,53,24,57,60,106,136,118,29,107,127,101,118,89,266,228,127,54,45,47,94,115,67,124,72,102,44,45,29,39,34,16,28,16,12,49,55,16,77,63,54,64,17,13,151,131,79,76,97,47,45,49,53,66,195,104,78,51,83,225,200,171,279,194,86,84,92,50,34,37,40,33,53,36,38,48,59,21,36,42,17,,98,55,59,53,132,65,101,125,103,78,62,42,18,58,32,62,18,45,75,110,111,48,103,95,64,66,117,42,59,162,225,224,298,270,124,26,368,29,66,71,77,59,45,13,60,62,57,45,57,49,71,44,8,8,32,27,17,40,32,24,12,18,39,22,20,107,91,72,75,68,95,63,57,41,56,70,29,65,30,29,34,32,33,45,45,64,21,46,42,32,39,13,45,30,15,28,41,12,8,20,33,41,48,63,60,53,47,46,45,,58,15,11,13,29,21,45,17,19,26,11,16,17,5,32,22,16,32,34,33,15,21,19,13,13,8,11,18,6,4,48,95,56,43,43,47,74,85,64,44,64,38,34,23,18,60,36,31,29,17,11,9,59,60,45,44,31,165,37,74,42,85,35,65,16,6,176,146,
20190228,19,PM10,167,141,360,278,249,165,267,67,63,237,177,168,180,139,101,91,124,101,185,47,80,62,59,95,130,85,79,56,68,57,92,72,117,77,41,39,75,53,46,65,33,42,33,32,76,11,48,48,145,176,90,56,49,79,32,32,76,129,88,92,62,51,53,31,72,60,84,28,52,141,61,65,62,237,60,54,98,56,199,172,88,84,34,173,144,141,112,166,169,294,155,114,174,141,237,138,27,32,30,38,45,55,33,48,22,59,61,82,43,109,68,123,157,215,86,175,119,138,129,97,183,199,166,57,59,61,119,144,75,207,67,100,83,93,42,,47,35,51,39,22,60,23,26,92,90,71,95,41,33,162,123,114,102,141,61,132,47,82,595,165,144,246,178,237,141,166,188,182,150,119,190,247,68,47,69,65,54,85,67,60,71,80,46,74,93,66,,186,52,65,80,194,55,97,102,72,83,93,56,24,111,66,63,83,76,52,107,116,71,101,67,63,70,87,88,81,180,309,156,415,215,149,54,582,42,87,112,95,77,74,19,54,73,89,73,79,72,74,35,17,10,52,8,62,64,63,45,13,39,51,40,39,129,109,93,48,47,82,82,51,72,59,62,79,64,39,79,52,36,47,47,35,55,29,43,51,40,32,45,104,59,32,36,36,27,24,60,50,82,64,84,58,73,69,70,64,,72,19,23,30,37,34,33,61,33,51,22,16,67,21,46,59,13,67,54,53,15,44,29,,18,55,44,30,6,27,105,47,61,48,44,60,85,149,70,136,69,39,49,30,23,,35,54,37,21,,24,82,60,110,117,65,276,67,307,190,353,136,68,45,18,294,,
20190228,19,PM10_24h,95,176,295,170,154,186,227,69,71,166,180,170,276,154,100,181,120,121,198,39,65,54,40,86,135,55,64,60,59,56,89,60,103,70,45,31,78,49,51,27,28,26,20,23,63,45,63,44,160,132,103,39,41,123,46,44,128,65,112,81,60,130,37,29,80,86,35,34,42,137,69,70,109,181,56,47,123,78,153,138,83,179,60,170,166,136,155,216,172,282,223,104,171,116,236,204,17,51,28,45,47,44,39,49,39,78,82,89,46,102,115,140,188,168,72,159,180,155,150,106,333,285,136,41,54,44,127,145,86,185,96,127,55,84,39,42,45,22,44,24,26,69,56,33,98,81,75,86,25,32,156,155,94,84,136,102,118,87,74,298,256,163,127,80,123,280,330,243,341,296,117,155,158,66,43,54,55,44,73,47,48,61,77,34,53,57,33,,120,76,90,93,201,155,153,179,139,117,147,76,23,121,64,79,75,69,110,153,151,91,143,111,82,92,141,70,73,196,282,273,342,266,183,51,378,91,93,98,96,70,41,21,68,86,96,61,81,53,68,49,15,10,50,37,28,56,46,32,18,38,51,33,33,141,131,89,81,91,113,84,86,71,86,94,50,87,49,50,41,51,55,48,43,71,28,57,65,47,51,28,65,47,24,42,57,17,15,28,50,60,66,72,72,85,68,67,54,,74,21,18,26,50,26,56,26,34,32,15,23,47,24,49,42,24,51,49,55,21,36,42,12,27,32,44,37,8,11,86,125,64,59,57,69,116,167,87,114,76,46,53,44,25,68,47,46,38,32,34,31,72,68,69,144,82,218,66,278,210,280,162,98,40,17,211,203,
20190228,19,SO2,13,14,44,26,21,15,19,11,10,19,25,11,16,20,22,21,32,30,32,7,10,6,9,22,13,9,10,10,14,5,5,10,7,10,7,8,7,9,8,4,5,7,7,6,3,4,5,2,22,13,10,7,5,5,4,6,10,13,8,9,9,9,7,5,15,6,21,10,3,9,7,12,8,14,10,8,23,20,10,58,18,43,10,23,14,25,21,26,20,19,18,16,25,12,19,26,5,7,4,2,6,7,6,5,7,10,10,18,7,10,18,18,22,31,15,26,24,28,92,16,29,18,20,5,8,10,10,11,10,11,12,8,8,12,4,6,2,6,6,5,2,5,8,15,8,8,3,5,13,19,7,12,13,5,10,15,13,9,7,5,31,18,27,10,17,17,22,18,21,31,23,27,14,13,9,14,9,10,8,10,10,12,9,10,8,2,3,,61,5,14,3,16,22,20,11,19,14,26,12,4,19,23,7,7,13,46,29,24,53,16,16,38,24,11,23,13,13,14,9,4,16,5,19,26,19,15,11,11,10,7,11,8,3,3,8,4,10,6,4,9,3,7,7,8,9,22,30,6,7,16,6,6,17,11,14,5,7,7,5,4,7,8,6,10,12,7,4,12,5,3,7,15,4,5,6,5,3,9,9,7,7,7,8,6,7,7,7,3,9,10,8,4,6,13,5,6,,4,10,18,15,12,18,3,13,3,50,5,5,8,7,5,9,13,13,5,7,4,5,8,6,4,4,9,4,5,3,7,11,7,12,7,16,7,11,7,13,8,13,6,62,6,16,14,18,10,28,6,5,20,15,8,15,4,45,18,6,6,8,15,21,5,1,11,49,
20190228,19,SO2_24h,6,23,40,26,31,18,30,14,10,15,27,20,48,27,19,51,28,20,22,6,8,6,8,22,16,9,11,11,10,7,5,9,8,9,7,7,10,7,7,4,5,5,4,6,3,4,6,4,23,17,11,6,4,6,4,6,12,6,8,10,7,14,7,5,11,8,12,12,3,8,14,15,16,10,9,8,37,21,17,43,22,105,9,26,20,15,26,37,31,22,25,14,21,14,23,32,6,9,4,4,7,7,6,6,7,15,16,15,12,9,53,22,34,37,20,48,33,32,63,15,26,15,13,5,11,10,11,15,12,13,11,10,8,12,4,8,2,7,6,8,2,6,9,15,12,7,4,5,11,13,7,13,9,7,7,17,9,21,5,6,30,19,28,10,21,29,24,31,15,46,14,12,10,11,7,13,5,9,6,8,7,12,7,9,7,1,4,,58,5,10,5,26,52,42,16,42,35,86,13,3,39,23,8,8,13,65,43,29,32,25,14,26,27,13,14,12,16,20,16,12,20,15,15,14,28,10,15,15,13,9,10,9,3,10,7,4,8,7,5,7,5,12,8,6,8,16,11,4,8,12,5,15,14,16,15,6,8,7,6,5,9,12,11,6,10,6,4,6,6,4,8,13,5,5,5,4,3,7,8,8,8,7,9,17,7,7,7,4,9,11,8,5,9,12,9,6,,6,9,19,17,17,19,2,11,7,24,5,5,10,7,5,9,13,24,10,6,4,7,8,6,4,4,9,4,6,3,9,19,14,32,15,14,9,14,7,21,9,14,9,17,11,11,20,13,10,23,6,5,13,13,8,15,14,21,12,10,6,12,21,26,4,3,12,15,
20190228,19,NO2,62,84,79,126,132,26,65,19,53,63,51,40,37,55,41,70,72,73,81,48,63,60,58,80,47,57,65,52,61,41,40,51,47,57,57,57,53,53,52,28,23,39,32,32,50,35,28,32,65,91,34,54,44,61,31,26,60,135,84,86,30,47,36,12,48,43,47,17,8,57,45,44,29,74,49,47,50,29,99,43,63,42,38,58,42,42,59,58,59,70,59,42,65,88,85,78,22,15,8,13,22,7,20,10,27,18,28,29,15,28,40,42,42,62,62,81,80,60,87,40,65,68,100,42,50,33,41,30,23,54,27,32,38,34,24,23,15,22,18,18,5,39,37,28,44,23,33,42,26,16,53,30,70,42,63,19,35,19,26,12,71,55,95,81,85,29,52,63,65,92,49,70,77,64,25,44,71,34,55,64,69,39,43,21,46,36,46,,98,24,27,32,32,34,43,25,35,41,34,34,14,31,38,20,32,13,36,74,70,31,61,28,60,52,29,73,31,54,27,32,62,41,51,31,78,24,61,30,55,72,28,20,64,38,23,23,27,73,42,32,29,21,25,25,37,48,41,31,24,33,40,23,25,30,38,30,17,22,27,19,24,54,29,30,63,35,16,45,24,26,42,33,28,29,24,28,17,15,19,20,29,19,21,16,15,18,20,22,29,43,35,39,30,44,48,45,23,,28,13,6,10,22,16,17,29,23,31,20,7,8,7,18,10,10,14,16,29,13,28,18,5,11,3,8,3,6,5,51,47,37,42,24,37,30,26,30,29,22,28,25,20,18,28,20,24,10,18,7,18,39,26,23,20,12,51,27,10,7,14,12,30,5,15,60,35,
20190228,19,NO2_24h,54,84,94,77,79,39,78,18,30,72,59,52,84,65,52,78,72,47,50,44,44,50,25,61,51,29,51,43,34,28,34,26,48,46,36,55,52,46,39,26,15,38,31,28,44,30,29,30,63,74,44,41,28,66,32,29,64,59,58,69,31,56,29,10,38,56,23,23,6,55,62,40,56,77,25,34,60,35,67,43,44,74,32,64,49,49,56,67,49,69,75,37,60,74,47,77,19,26,7,12,24,12,20,24,31,27,39,36,28,26,48,37,53,61,25,66,60,58,76,30,40,60,36,46,42,31,47,48,30,59,38,42,29,42,22,28,14,18,15,17,5,43,30,31,39,21,41,26,21,11,49,39,45,38,51,24,42,36,35,27,84,56,95,58,61,58,68,58,72,107,35,58,57,56,23,38,38,33,43,38,47,38,38,16,37,20,36,,66,27,33,43,57,51,63,43,65,52,61,25,9,38,40,21,8,12,40,65,61,36,46,33,35,28,22,21,23,43,35,40,45,41,48,17,42,14,48,32,62,40,15,18,42,41,49,34,45,37,38,26,19,13,24,20,19,22,32,19,17,19,28,15,24,41,60,28,29,41,44,27,35,35,30,48,34,34,12,30,23,26,28,28,23,22,19,22,11,13,18,14,34,18,16,15,24,10,15,16,24,40,32,30,35,47,28,43,25,,35,8,15,11,27,13,13,17,16,18,11,14,17,8,25,10,17,15,19,25,10,22,14,5,24,3,9,3,13,5,36,74,32,42,33,35,36,32,29,33,22,24,28,23,14,32,21,16,21,14,11,21,32,33,28,39,39,60,29,41,10,41,31,53,11,17,41,33,
20190228,19,O3,89,64,68,28,18,105,82,99,32,129,91,100,98,89,78,44,56,27,50,67,38,46,46,67,80,49,38,52,37,58,58,60,71,36,42,15,38,47,46,53,70,48,32,30,44,36,55,60,97,56,105,21,31,7,53,71,6,23,7,18,64,9,13,39,25,39,16,68,104,60,59,76,103,70,20,21,81,101,6,100,30,66,33,84,100,114,86,100,92,101,109,105,75,46,73,74,28,90,65,50,19,96,39,67,18,86,81,3,69,105,66,118,121,82,29,51,37,65,31,80,70,34,36,60,47,47,96,100,113,92,92,101,69,54,68,71,57,59,79,35,57,48,37,70,4,32,56,36,43,56,65,109,42,32,53,104,103,108,106,73,76,92,69,66,46,111,97,121,97,69,137,106,84,53,75,75,31,73,47,39,26,80,58,91,51,16,48,,35,76,92,79,124,70,95,120,105,87,102,59,80,89,84,75,49,127,47,36,46,60,40,71,17,35,54,35,69,59,79,87,29,86,85,46,33,67,59,71,78,33,52,34,54,77,92,56,86,23,51,34,4,20,28,33,14,7,23,19,58,46,29,30,22,92,100,114,90,88,81,95,77,23,96,76,15,54,54,32,39,79,17,45,61,65,43,56,54,53,56,16,7,24,19,7,26,45,20,24,8,41,36,37,35,42,25,62,52,,43,79,57,93,91,60,69,14,79,41,33,81,90,77,89,76,79,89,85,88,67,49,39,86,62,100,44,78,84,83,41,79,53,30,72,49,92,110,66,111,84,46,63,81,108,84,102,76,92,74,95,107,106,92,82,99,84,88,77,97,82,103,75,92,77,72,58,89,
20190228,19,O3_24h,103,140,88,109,79,135,129,115,94,165,131,127,121,123,104,95,82,101,110,87,60,72,88,119,125,91,68,85,79,91,92,100,130,61,78,17,56,72,81,59,82,63,42,44,83,96,83,75,139,124,127,54,67,39,81,89,33,80,68,69,112,22,20,71,33,46,67,87,104,89,80,93,118,87,61,56,113,120,59,112,94,95,73,122,139,150,138,151,135,139,147,147,137,96,137,144,43,114,80,70,41,102,76,73,20,153,172,9,99,137,92,155,145,124,84,122,87,112,90,111,112,129,89,88,87,67,116,133,143,132,120,131,90,86,81,89,76,85,96,44,75,74,44,90,19,44,65,56,66,73,106,120,97,65,106,110,120,124,110,77,88,92,69,76,73,125,100,147,99,69,137,117,84,54,75,78,68,78,58,62,35,80,60,96,51,22,48,,55,95,122,88,149,113,117,149,125,111,119,90,96,101,122,94,77,129,92,116,96,94,95,106,82,107,97,110,114,95,126,127,126,119,115,74,69,92,99,92,112,58,71,56,82,100,104,70,117,47,69,100,27,28,57,87,36,50,46,43,80,88,54,43,37,121,130,137,116,112,103,120,103,45,101,105,43,99,83,49,63,100,43,69,73,81,63,79,70,76,68,26,14,33,25,13,36,69,42,40,16,67,49,46,47,49,49,89,70,,50,132,68,103,107,71,91,53,95,87,68,85,97,79,107,86,90,105,93,125,78,70,61,90,66,108,46,100,84,94,83,102,82,67,85,82,112,124,90,122,95,83,86,88,119,128,104,85,102,86,99,110,130,107,93,99,97,96,92,99,87,104,78,97,77,74,90,100,
20190228,19,O3_8h,80,109,62,84,55,107,97,101,74,114,117,109,82,107,91,77,55,79,88,74,46,60,74,91,105,74,52,68,60,74,80,87,110,53,60,11,45,57,65,49,73,52,37,31,57,38,69,66,120,82,111,32,44,21,65,77,18,60,35,44,92,16,15,57,24,33,26,79,94,64,64,77,99,66,40,36,90,111,36,102,74,81,53,100,119,130,123,133,117,111,133,127,110,66,113,124,35,100,66,64,30,87,34,71,17,114,132,5,85,124,78,137,122,105,68,102,73,83,71,99,91,92,72,72,74,52,97,109,129,106,108,114,80,65,72,77,70,64,85,36,67,63,38,79,10,33,58,42,45,67,90,112,65,51,84,98,109,110,90,70,76,92,69,66,46,111,97,121,97,69,137,106,84,53,75,75,31,73,47,39,26,80,58,91,51,16,48,,35,82,113,78,124,102,107,132,105,96,99,81,90,89,110,88,69,123,78,85,79,82,79,95,57,82,79,92,101,83,90,102,65,94,98,63,53,84,80,76,99,43,62,50,66,91,93,53,105,40,61,43,6,23,42,36,26,13,37,32,69,58,42,37,28,96,110,123,104,102,81,110,93,30,83,91,28,84,76,37,55,94,32,48,67,69,47,64,60,67,59,22,11,25,21,10,28,54,34,33,11,45,39,38,33,34,32,74,52,,39,95,52,97,92,48,81,27,81,57,45,76,93,77,94,79,86,94,76,99,70,40,45,87,63,97,43,87,80,88,68,84,69,50,69,58,97,109,73,111,82,74,58,82,112,92,101,78,96,70,91,98,103,94,83,91,87,72,67,72,77,85,69,82,68,61,62,72,
20190228,19,O3_8h_24h,81,110,62,88,61,107,97,101,76,114,117,109,82,107,91,79,58,85,90,74,48,60,76,95,106,75,52,68,61,75,81,89,110,55,61,13,45,57,65,49,78,52,37,32,57,88,71,67,120,83,111,43,49,21,69,77,18,62,36,45,93,16,15,58,26,33,59,81,94,64,65,77,99,68,50,48,90,111,50,102,78,82,65,101,119,130,123,136,117,111,133,127,110,67,120,124,36,100,75,64,31,87,45,71,17,114,132,5,85,124,78,137,122,105,69,107,77,84,75,102,96,100,76,72,75,52,97,109,129,106,108,114,80,65,72,77,71,76,85,37,69,63,39,79,10,33,58,47,59,68,90,112,65,52,84,98,109,110,92,70,76,92,69,71,46,111,97,121,97,69,137,106,84,54,75,75,46,73,48,55,28,80,58,91,51,19,48,,46,82,113,78,124,102,107,132,105,96,99,82,90,89,110,89,69,123,81,87,81,82,83,95,58,83,80,103,106,86,117,102,71,97,104,65,55,85,80,76,99,49,63,52,66,91,93,60,105,41,61,95,23,25,44,73,27,41,38,42,70,86,43,39,32,96,110,123,104,102,81,110,94,31,83,91,33,86,77,37,55,96,34,59,67,69,58,64,63,69,59,22,11,25,22,11,28,57,38,34,11,48,40,39,33,34,33,74,52,,39,95,63,97,92,48,83,52,81,83,65,76,93,77,94,79,86,94,76,99,72,40,57,87,63,97,43,88,80,90,71,84,69,50,69,68,97,109,83,111,82,76,62,82,112,92,101,78,96,70,91,98,103,94,83,91,87,73,67,72,77,85,69,82,68,66,74,76,
20190228,19,CO,1.37,1.16,2.54,1.82,2.72,0.65,1.60,0.75,0.93,1.63,0.93,0.85,0.85,1.14,0.92,0.71,1.43,0.99,1.32,0.58,0.83,0.63,0.60,1.17,1.03,0.53,0.95,0.60,0.70,0.70,1.00,0.65,0.87,0.97,0.76,0.85,0.73,1.17,0.67,0.57,0.47,0.67,0.60,0.93,0.76,0.68,0.63,0.87,0.94,1.16,0.56,1.04,0.87,1.31,0.57,0.50,1.34,1.63,1.53,1.40,0.84,1.23,1.39,0.50,1.07,0.74,1.01,0.60,0.52,1.14,0.90,1.33,1.06,1.88,1.00,0.82,1.22,0.70,1.50,1.48,1.30,0.80,0.63,0.88,0.80,0.95,1.20,1.25,0.94,1.45,1.10,1.00,1.10,0.83,1.87,0.90,1.34,0.70,0.53,0.60,1.20,0.65,1.50,1.00,1.20,0.95,1.00,1.20,0.70,0.83,0.68,1.24,1.74,1.73,0.95,1.72,1.05,2.00,1.00,0.95,1.93,1.54,1.46,0.60,0.57,0.83,0.71,0.93,0.70,1.10,0.80,0.93,0.78,0.85,0.78,0.88,0.47,0.87,0.77,1.13,0.50,0.52,0.84,0.76,0.83,0.90,0.78,0.88,0.56,0.85,0.97,0.97,1.90,1.17,0.83,0.80,0.95,0.65,0.68,0.47,1.50,1.10,1.60,1.15,1.20,1.10,1.50,1.75,1.80,1.90,1.70,2.00,2.65,0.83,0.60,0.55,0.65,0.60,1.30,1.03,2.55,1.35,1.25,0.30,1.00,0.90,0.70,,1.95,0.65,0.75,0.90,1.00,0.60,0.87,1.02,0.70,1.07,0.93,0.50,0.30,0.75,0.45,0.40,0.45,0.60,0.60,1.07,0.75,0.93,1.10,1.10,1.15,1.70,1.10,1.00,0.87,1.13,1.37,1.00,1.75,1.80,1.00,0.75,2.60,0.60,0.80,0.52,0.67,0.76,0.80,0.75,0.75,0.50,0.70,0.55,0.40,0.70,0.70,0.68,1.23,1.10,0.93,0.60,1.18,1.80,1.30,0.82,1.35,0.68,1.13,1.13,1.10,0.60,0.95,0.75,0.93,0.60,0.92,0.50,0.47,1.26,0.85,0.78,1.03,0.57,0.90,1.05,0.87,0.77,1.30,0.88,0.73,0.93,0.82,0.63,0.82,1.00,0.40,1.35,1.53,1.03,1.13,1.30,1.15,0.90,1.10,1.05,1.15,1.03,0.80,1.05,0.83,0.73,0.97,0.92,0.77,,0.77,0.80,0.35,0.60,0.53,0.83,0.80,1.10,0.30,0.80,0.40,0.40,0.60,0.60,0.50,0.75,0.60,0.63,0.70,1.00,0.65,1.00,0.75,0.50,0.25,0.50,0.60,0.90,0.40,0.35,1.33,0.93,1.05,1.05,0.90,0.75,1.00,0.85,0.60,0.90,0.90,0.60,1.10,0.95,0.90,0.70,0.60,0.90,0.80,1.00,0.50,0.20,0.57,0.75,1.15,1.00,0.45,2.25,0.60,0.50,0.40,0.60,0.10,0.95,0.60,0.10,2.35,2.10,
20190228,19,CO_24h,0.86,1.65,2.29,1.37,2.32,1.00,1.85,0.80,0.80,1.35,1.13,1.15,2.08,1.43,1.27,2.34,1.46,1.12,1.17,0.61,0.76,0.77,0.43,1.27,1.18,0.43,0.98,0.73,0.47,0.58,0.92,0.60,0.77,0.92,0.74,0.93,0.77,0.93,0.80,0.53,0.50,0.70,0.53,0.90,0.59,0.62,0.67,1.07,1.05,1.05,0.64,0.70,0.77,1.64,0.64,0.55,1.55,1.10,1.40,1.10,0.76,1.50,1.30,0.50,0.89,0.91,0.81,0.62,0.48,1.15,1.37,1.43,1.36,2.03,0.72,0.57,1.94,0.78,1.32,1.55,1.10,1.95,0.60,1.15,0.93,0.85,1.40,1.80,0.98,1.62,1.47,0.95,1.03,0.83,1.50,1.30,1.26,0.82,0.52,0.65,1.00,0.65,1.30,1.30,1.65,1.05,1.23,2.00,1.30,0.80,2.38,1.52,2.06,1.50,0.72,2.67,1.80,2.83,1.56,0.92,1.65,1.52,0.72,0.67,0.60,0.83,0.76,1.27,0.80,1.40,0.80,1.00,0.76,1.10,0.78,0.98,0.50,0.93,0.83,1.13,0.50,0.65,0.76,0.60,0.83,0.80,0.90,0.80,0.68,0.65,1.10,1.13,1.50,1.07,0.90,1.05,0.85,0.70,0.76,0.77,2.30,1.10,1.25,0.75,0.70,2.30,2.90,2.60,3.00,3.30,1.75,1.65,2.25,0.83,0.55,0.65,0.85,0.50,1.00,0.87,2.10,1.45,1.10,0.20,1.00,0.80,0.70,,1.95,0.65,0.85,0.80,1.62,1.02,1.15,1.36,1.30,1.07,1.67,0.67,0.30,1.05,0.60,0.73,0.25,0.60,0.98,2.38,1.38,1.30,1.30,1.30,1.50,1.35,0.85,0.40,0.73,1.37,1.47,1.50,1.55,1.35,1.10,0.60,1.65,0.40,0.73,0.62,0.97,0.63,0.73,0.67,0.55,0.60,0.80,0.63,0.45,0.60,0.73,0.80,1.03,0.97,0.90,0.60,0.77,1.27,1.00,0.53,1.38,0.72,1.27,0.90,1.05,0.80,1.13,0.78,1.03,0.72,1.00,0.53,0.60,1.12,1.00,0.95,0.60,0.78,0.80,0.70,0.60,0.77,1.05,0.74,0.82,1.00,0.88,0.68,0.93,0.70,0.70,1.18,1.70,1.13,1.03,1.40,1.35,0.80,1.00,1.00,1.15,1.00,0.80,1.00,0.90,0.83,0.90,0.75,0.73,,0.77,0.45,0.40,0.63,0.85,0.90,0.80,0.85,0.30,0.80,0.50,0.50,0.85,0.60,0.45,0.75,0.65,0.60,0.65,0.65,0.60,0.90,0.65,0.50,0.50,0.45,0.60,0.95,0.40,0.35,1.27,1.63,0.90,1.05,1.05,0.80,1.20,0.90,0.80,0.80,0.95,0.90,1.20,0.85,0.80,0.80,0.70,0.80,1.00,1.00,0.50,0.30,0.63,0.85,1.25,1.60,1.10,1.90,0.60,1.20,0.50,1.60,0.70,2.20,1.00,0.90,1.70,2.10,
20190228,20,AQI,227,173,311,246,234,116,266,61,78,228,163,118,179,119,86,88,91,94,277,50,75,68,68,89,123,90,73,61,83,60,98,67,109,74,42,44,78,53,58,60,35,46,40,39,91,17,39,46,141,161,80,59,61,64,33,36,65,96,68,83,70,63,47,30,68,60,68,28,59,121,64,60,59,228,75,64,81,66,124,206,111,66,36,153,125,139,150,163,153,257,206,93,174,97,227,149,33,28,25,39,46,42,44,40,26,61,49,64,27,88,62,133,163,206,78,221,136,130,109,101,306,189,219,79,60,83,110,108,86,194,83,88,101,71,49,60,47,36,46,38,27,65,43,23,111,100,65,95,37,28,208,163,189,121,134,63,95,63,75,500,160,130,235,160,237,156,174,196,170,170,114,123,180,68,54,70,69,53,99,70,68,75,76,54,69,89,64,,176,61,76,61,163,76,85,103,68,90,84,61,26,84,62,79,77,83,98,189,121,65,99,89,64,73,88,128,101,219,339,305,400,342,145,55,500,55,93,93,109,88,104,24,73,83,88,70,73,88,96,26,16,11,60,12,74,68,62,51,19,43,58,44,44,118,90,108,69,52,94,86,55,73,66,79,70,79,43,91,56,36,60,63,41,73,34,49,53,41,40,40,78,56,49,27,51,28,21,54,55,73,68,96,75,83,73,68,85,,85,36,25,31,38,41,46,56,51,47,34,24,50,23,51,52,25,59,60,66,20,48,39,27,19,35,41,39,26,27,81,84,65,61,53,59,86,110,78,99,95,49,47,25,33,110,53,56,40,23,29,29,66,64,83,90,60,267,58,148,130,134,91,62,29,20,289,237,
20190228,20,PM2.5,177,131,261,196,184,88,216,32,39,178,124,89,135,90,62,65,68,70,227,33,55,49,49,66,93,67,53,44,61,43,73,42,82,54,27,31,57,37,41,43,18,32,28,27,68,9,15,24,108,123,59,42,44,37,22,24,39,72,44,61,51,45,33,14,49,43,44,17,12,92,46,43,39,178,55,46,51,33,94,156,84,40,25,117,95,106,115,124,117,207,156,69,132,72,177,114,23,16,16,21,32,29,31,28,18,44,29,43,19,65,37,101,124,156,32,171,104,99,82,76,256,142,169,58,43,61,83,81,64,146,61,65,76,30,32,43,31,23,22,25,15,47,30,7,84,75,47,71,26,16,158,124,142,92,102,32,66,45,55,107,122,99,185,122,187,119,132,147,129,129,86,84,136,49,38,51,50,37,74,51,49,55,56,35,50,66,28,,133,44,56,43,124,41,63,77,49,67,51,36,15,49,41,58,20,61,73,142,92,42,74,66,43,53,65,97,76,169,289,255,350,292,111,37,648,39,69,69,82,65,78,16,53,61,65,51,53,65,72,16,8,5,43,7,54,49,43,36,10,23,41,29,31,89,67,81,50,34,70,64,39,53,48,58,51,58,27,68,40,20,35,45,29,53,18,34,32,28,28,18,52,34,34,16,36,17,15,34,39,53,49,72,55,61,53,49,63,,63,25,11,13,11,29,25,37,29,33,24,10,14,2,33,31,11,42,43,43,13,19,27,14,8,8,15,19,5,6,60,62,47,44,37,40,64,83,57,63,71,31,17,16,20,83,37,35,27,16,5,6,48,46,61,40,19,217,36,50,29,58,30,39,9,2,239,187,
20190228,20,PM2.5_24h,68,151,197,112,93,110,167,26,24,110,125,119,193,103,49,125,89,98,193,31,48,44,33,56,85,48,41,46,49,43,60,43,67,51,31,22,61,37,35,19,18,18,16,16,55,32,45,30,104,86,83,31,39,59,29,28,61,49,57,63,44,92,20,14,60,58,20,18,9,80,47,47,62,151,45,38,62,34,105,104,72,125,58,115,107,88,138,160,103,184,171,52,128,69,169,148,15,39,19,24,29,29,30,34,21,60,53,53,24,58,60,105,136,119,30,106,124,101,117,85,251,214,123,55,45,49,94,114,67,125,72,100,46,45,29,40,34,16,27,16,12,49,54,15,78,63,55,64,17,14,150,130,80,77,97,46,47,47,54,68,196,106,74,53,85,229,203,174,285,194,106,83,95,52,34,37,41,32,54,37,38,49,59,21,38,45,17,,101,55,59,52,133,63,100,123,103,78,63,38,18,58,33,56,18,46,76,109,108,47,102,93,64,66,112,43,58,156,230,225,295,271,124,26,382,29,67,72,78,60,48,13,60,63,58,46,57,51,72,42,7,7,33,24,19,40,32,25,12,18,40,23,20,107,89,72,74,67,96,64,56,43,56,70,30,65,30,31,34,32,33,44,44,63,21,46,41,31,38,13,45,30,15,26,41,12,7,21,32,42,48,63,60,53,47,45,45,,58,16,11,13,27,20,43,17,20,26,12,15,17,4,32,22,15,32,34,34,15,21,19,13,13,7,11,18,6,5,48,94,55,43,43,47,74,84,63,46,63,38,33,22,18,60,36,31,29,17,11,9,59,60,46,39,31,170,37,73,41,85,35,65,16,6,181,149,
20190228,20,PM10,190,144,354,280,259,160,304,72,105,247,180,142,193,143,121,113,109,114,223,50,93,67,73,112,151,110,87,56,76,68,111,84,115,83,42,42,81,51,49,66,35,44,31,34,91,11,39,46,160,188,81,63,51,77,33,36,79,112,85,77,51,38,47,30,70,63,85,28,67,149,58,64,68,226,65,57,112,81,175,194,105,82,32,209,154,162,139,198,191,311,219,130,186,143,225,171,23,28,25,39,38,42,40,34,26,51,49,77,19,117,74,137,187,213,106,237,147,153,125,107,356,210,202,63,68,65,119,126,85,230,78,89,93,92,49,43,47,36,46,38,27,63,30,23,86,102,77,96,35,28,192,141,171,100,142,75,139,72,75,774,201,158,281,195,286,161,235,211,220,208,140,196,267,71,49,70,77,54,104,79,62,79,79,57,84,99,77,,175,64,82,72,186,102,116,116,84,93,117,72,26,117,74,93,103,89,103,144,163,79,137,87,77,85,102,143,69,202,328,287,409,283,166,59,688,46,93,109,101,82,73,24,66,92,102,73,61,70,80,26,16,6,50,9,76,70,74,52,17,43,54,44,42,120,97,102,49,54,94,85,50,74,75,79,90,73,43,94,61,36,70,46,34,66,34,44,55,41,39,40,105,62,40,27,46,28,16,58,50,87,67,87,61,83,74,73,76,,70,34,25,31,38,35,46,61,51,43,,16,50,17,52,53,25,54,54,82,12,48,30,,18,27,41,39,6,27,106,55,66,68,51,67,112,151,68,147,79,49,47,25,28,,54,61,40,20,20,24,79,69,,129,70,274,66,246,210,217,132,73,29,10,282,253,
20190228,20,PM10_24h,97,178,300,177,159,185,233,69,72,171,177,167,274,153,101,175,122,120,198,40,67,55,42,89,137,62,66,60,60,56,91,61,106,73,45,30,80,49,51,29,29,28,20,24,69,40,63,44,160,137,103,41,43,119,46,43,124,68,113,82,60,127,37,29,80,85,37,33,43,138,69,70,107,181,54,47,124,78,156,140,83,177,58,174,164,138,155,213,175,284,243,112,173,119,231,202,16,50,28,42,46,44,38,48,34,75,80,88,46,104,114,141,189,169,75,159,177,154,149,103,331,269,137,44,54,47,127,146,86,188,95,126,57,85,39,42,46,23,43,24,25,70,55,33,98,81,76,86,25,32,156,155,97,84,137,101,120,84,75,320,259,165,132,84,126,284,336,247,347,298,120,158,162,66,43,54,57,43,75,48,48,62,78,35,55,60,34,,122,76,89,92,202,154,153,177,138,117,147,71,23,122,64,74,76,69,112,151,150,89,143,110,84,93,136,70,71,188,288,272,339,268,182,50,391,85,94,99,97,72,41,21,67,87,97,63,81,55,70,46,13,9,50,31,30,56,47,35,18,38,52,34,34,141,129,89,81,90,115,84,84,72,84,93,52,86,49,53,43,50,55,48,42,71,29,57,64,45,50,27,68,47,23,38,57,17,15,30,50,61,67,72,71,85,68,66,54,,73,22,18,26,48,25,55,26,36,33,15,22,47,24,49,43,23,52,50,56,21,36,38,12,26,32,43,38,8,11,88,124,64,60,58,69,116,166,87,116,76,46,52,43,25,68,47,46,38,32,34,30,71,68,69,137,82,224,67,276,209,279,162,98,40,17,216,208,
20190228,20,SO2,15,14,50,26,22,16,22,17,11,18,26,13,17,20,31,30,29,24,33,7,10,6,9,27,13,9,11,9,12,5,6,6,9,10,7,7,7,8,9,4,5,6,8,6,3,4,5,2,25,13,8,7,4,5,4,6,10,14,8,8,10,9,7,4,14,5,27,11,3,9,7,17,8,14,11,8,19,25,6,54,53,38,10,37,13,37,31,37,22,22,23,20,24,13,22,21,5,7,4,3,7,7,7,5,6,12,10,17,7,8,29,19,33,34,21,34,29,26,77,18,34,21,31,5,8,12,9,11,10,12,11,8,8,25,3,6,2,7,5,4,2,5,8,7,8,9,3,4,12,14,7,13,20,6,9,6,9,29,5,5,36,19,34,11,20,17,24,18,17,49,19,26,13,13,8,13,9,10,8,9,10,13,9,10,8,2,3,,53,5,10,3,20,47,26,14,26,28,16,15,4,34,23,11,6,13,43,36,33,43,19,21,31,33,15,20,13,17,9,10,5,16,8,26,26,31,13,12,15,13,5,7,8,4,4,7,6,14,6,4,6,4,7,7,7,10,24,35,5,7,15,6,6,11,11,14,6,6,7,5,4,8,8,7,7,23,5,5,8,6,2,7,19,3,5,6,4,2,9,8,6,7,7,7,8,7,7,8,3,9,9,7,3,6,9,5,8,,4,12,16,16,12,23,3,15,3,47,4,5,10,7,6,9,13,11,5,8,4,5,8,6,4,4,7,4,6,3,8,17,7,13,9,17,9,11,6,14,13,13,5,13,5,16,20,36,11,22,8,5,13,13,8,16,4,35,18,5,5,9,16,21,4,1,15,32,
20190228,20,SO2_24h,6,23,40,26,31,17,30,14,10,16,27,20,47,27,20,50,28,20,22,7,8,6,8,22,16,9,11,11,10,7,5,9,8,9,7,7,10,7,7,4,5,5,4,6,3,4,6,4,23,17,11,6,4,6,4,6,11,7,8,10,7,14,7,5,11,8,13,13,3,8,14,15,16,10,9,8,37,21,17,44,23,105,9,26,20,16,27,36,31,21,26,14,21,14,24,31,6,9,4,4,7,7,6,6,7,15,16,15,12,9,53,21,34,37,20,48,32,32,64,15,26,14,13,5,11,10,11,15,12,13,11,10,8,13,4,8,2,7,6,8,2,6,9,14,12,8,4,5,11,13,7,13,9,7,7,17,9,22,5,6,31,19,29,11,22,29,23,30,14,45,13,11,9,11,7,13,5,9,6,8,7,12,7,9,7,1,4,,57,5,10,5,26,53,43,16,42,36,86,12,3,38,23,8,8,13,65,43,29,32,25,14,27,28,12,14,12,15,19,15,11,20,15,15,14,25,11,15,15,13,9,10,9,3,10,7,4,8,7,5,7,4,12,8,6,9,16,12,4,8,12,5,14,14,16,15,6,8,6,6,5,9,12,11,6,11,6,4,6,6,4,7,13,5,5,5,4,3,7,8,8,8,7,9,16,7,7,7,4,9,11,8,5,9,12,9,6,,6,10,19,17,16,19,2,12,8,26,5,5,10,7,5,9,13,24,10,6,4,7,8,6,4,4,9,4,6,3,9,19,14,32,15,14,9,14,7,21,9,14,9,17,11,11,20,14,10,23,6,5,13,12,8,15,14,22,13,10,6,12,21,25,4,3,12,15,
20190228,20,NO2,69,105,92,134,138,31,90,23,60,68,54,42,56,82,69,92,67,74,90,55,68,70,79,97,51,82,67,58,69,70,50,46,40,63,68,60,60,65,59,25,20,39,29,31,64,33,25,30,80,83,33,58,52,58,32,38,56,135,79,76,25,45,33,11,49,45,45,20,9,76,42,56,39,90,54,45,57,65,89,45,69,45,36,62,50,41,67,82,77,92,79,60,72,95,86,85,21,17,6,15,18,7,26,10,30,15,23,28,18,31,54,34,63,71,63,95,89,63,93,43,78,78,106,56,59,38,40,29,29,56,26,35,38,34,27,24,13,20,25,15,7,45,35,22,45,25,36,47,27,14,65,45,89,45,82,24,33,54,30,14,61,81,127,68,76,23,69,76,97,135,62,68,61,76,33,62,83,47,42,79,77,50,45,20,49,24,40,,99,34,36,33,31,47,66,22,90,64,32,63,21,55,31,29,43,21,50,89,77,41,72,52,48,50,31,69,40,60,27,36,54,43,39,26,70,24,72,35,62,41,31,25,74,45,69,27,31,81,50,29,24,20,24,24,32,31,42,33,22,35,35,26,26,27,40,27,36,33,42,25,33,56,35,50,65,40,14,47,28,27,43,33,27,40,24,27,18,16,18,18,26,20,31,15,22,18,15,22,31,42,35,39,26,58,42,70,33,,24,21,10,11,21,19,18,32,29,33,19,8,9,6,33,12,11,12,25,62,16,25,22,5,16,3,4,3,8,4,58,63,37,51,26,37,39,29,29,43,25,20,27,19,15,32,21,33,12,16,6,28,26,30,22,21,28,65,26,17,8,15,18,43,7,24,46,32,
20190228,20,NO2_24h,55,84,95,80,80,38,79,18,31,72,56,51,82,66,52,77,72,49,50,44,45,50,27,63,53,31,52,43,35,30,34,27,49,47,37,54,51,46,39,26,15,38,31,28,44,29,28,30,63,74,43,41,29,64,31,29,63,63,60,71,31,54,29,10,38,56,24,23,6,56,62,40,55,78,26,34,59,36,68,43,45,72,31,64,49,47,57,68,50,70,77,46,61,74,55,76,18,26,7,12,23,11,21,24,29,26,38,35,28,26,48,37,54,62,26,67,60,57,76,30,40,58,37,44,41,31,46,48,30,59,37,41,29,42,22,28,14,17,15,17,5,42,30,30,39,21,41,27,21,11,49,39,46,37,52,24,42,36,35,27,85,56,97,58,62,60,70,60,74,107,36,60,55,57,23,38,39,33,41,38,46,38,38,16,37,19,35,,66,28,33,43,57,51,63,42,65,54,61,24,10,36,38,21,10,12,40,65,60,35,47,34,35,29,22,22,22,42,35,39,45,41,47,18,43,14,49,32,62,39,16,18,43,41,50,33,44,39,39,26,19,14,24,20,19,23,32,19,17,19,28,16,24,41,58,27,29,40,44,27,35,36,30,47,36,33,12,32,22,26,28,28,23,23,19,23,11,13,18,14,33,17,16,15,24,10,15,16,24,41,31,30,34,47,29,43,25,,35,8,14,11,26,13,13,18,18,18,11,14,16,8,26,10,17,16,19,27,10,22,13,5,22,3,8,3,13,5,36,74,32,42,33,35,36,32,29,34,21,23,28,23,14,32,21,16,21,14,11,21,31,33,28,36,39,61,29,42,10,41,31,54,11,17,41,34,
20190228,20,O3,80,38,50,13,10,93,49,89,19,97,84,91,66,54,45,23,51,25,47,59,30,32,28,42,62,23,25,44,19,21,43,58,72,21,32,11,25,34,33,54,71,44,28,29,25,39,51,51,74,62,91,13,19,6,50,56,5,3,5,12,61,10,15,29,25,34,12,63,100,36,55,61,88,52,13,17,69,58,5,83,23,60,29,71,90,112,71,61,63,64,88,85,61,33,66,65,27,85,67,47,21,92,28,70,14,81,73,3,62,90,45,113,87,59,25,30,24,51,21,73,72,16,24,41,34,38,93,81,93,80,84,93,65,52,61,66,55,56,67,41,51,40,38,70,3,34,52,28,42,58,38,85,19,22,27,88,101,72,99,66,98,59,31,75,49,116,62,95,39,21,103,95,91,39,62,47,19,55,53,15,15,68,50,84,41,23,48,,17,60,72,62,118,46,61,115,40,50,88,26,68,62,79,60,37,111,31,18,36,47,24,35,22,34,48,33,52,44,77,80,31,71,91,46,47,60,48,63,65,49,43,30,34,60,53,41,76,19,41,37,8,20,22,33,10,21,20,15,60,41,24,22,15,87,88,108,60,70,56,83,63,16,87,53,10,48,52,28,31,73,13,38,57,49,39,53,48,52,52,17,7,21,11,8,18,42,26,23,5,41,35,31,35,26,29,44,34,,45,45,46,87,90,56,65,8,50,36,33,77,87,74,61,69,76,87,73,41,63,40,31,87,62,113,49,77,82,83,28,56,47,15,65,44,76,98,63,91,76,47,62,80,107,80,104,67,91,73,93,93,80,79,77,83,68,70,81,90,80,103,68,79,68,64,106,89,
20190228,20,O3_24h,103,140,88,109,79,135,129,115,94,165,131,127,121,123,104,95,82,101,110,87,60,72,88,119,122,91,68,85,79,91,92,100,130,58,78,17,56,72,81,58,82,63,42,44,83,96,82,75,139,124,127,54,65,39,81,89,33,80,68,67,112,22,20,71,33,47,67,87,104,89,80,93,118,87,59,56,113,120,59,112,94,95,73,122,139,150,138,151,135,139,144,150,137,96,130,144,43,114,79,70,41,100,76,73,20,153,172,9,99,137,92,155,145,124,84,122,87,112,90,111,112,129,89,88,87,67,116,133,143,132,120,131,90,86,81,89,76,85,96,45,75,74,45,90,18,44,65,56,66,73,106,120,97,65,106,110,120,124,110,76,98,84,32,79,49,118,78,119,65,69,109,102,91,48,71,77,68,74,57,61,35,68,56,92,41,23,48,,55,95,122,88,149,113,117,149,125,111,119,90,96,101,122,94,77,129,92,116,96,94,95,106,82,107,97,110,114,95,126,125,118,119,115,74,69,92,99,92,112,60,71,56,82,100,104,70,117,47,69,100,27,28,53,87,36,48,46,43,80,88,54,43,37,121,130,137,116,112,103,120,103,43,101,105,42,99,83,45,63,100,43,69,73,81,63,76,67,76,68,26,14,33,25,13,33,69,42,40,16,67,49,46,47,49,44,89,70,,50,132,68,103,107,71,90,53,95,87,68,85,97,79,107,86,90,105,93,125,78,70,61,90,66,113,49,100,84,94,83,102,81,67,85,81,112,124,90,122,95,83,86,88,119,128,104,85,102,86,99,110,130,107,93,93,97,96,81,99,86,104,78,97,77,74,106,100,
20190228,20,O3_8h,83,105,66,75,47,112,96,102,69,121,115,111,86,104,88,72,57,70,83,75,45,57,70,89,102,70,51,68,58,70,75,82,108,47,57,11,43,56,63,52,73,53,36,32,57,38,68,65,118,84,112,30,41,20,62,75,17,54,34,38,89,16,15,53,25,35,23,77,95,66,65,78,102,67,36,34,92,106,31,100,66,79,50,102,119,132,119,125,114,107,127,123,106,63,101,119,35,101,67,64,29,88,34,71,17,114,129,5,83,121,77,138,123,100,63,92,67,84,65,96,87,82,66,70,69,52,100,113,126,107,106,114,79,66,72,79,68,62,85,37,64,62,38,79,10,35,59,42,45,66,86,110,65,49,81,100,109,108,95,72,98,59,31,75,49,116,62,95,39,21,103,95,91,39,62,47,19,55,53,15,15,68,50,84,41,23,48,,17,83,108,76,130,95,106,134,103,94,103,74,88,89,107,84,66,123,72,79,75,79,73,87,57,77,76,84,93,77,90,100,60,90,96,60,51,81,78,78,96,44,60,49,65,88,87,54,102,36,59,42,6,23,42,35,23,13,35,30,69,55,39,36,26,100,111,124,100,99,83,108,91,30,88,89,25,81,73,36,52,92,31,47,66,70,47,63,58,66,60,21,11,26,19,10,27,52,32,32,11,45,39,40,35,35,32,71,53,,42,90,53,96,96,52,79,26,81,53,41,79,94,77,93,80,85,96,79,97,69,43,43,87,63,101,43,88,83,88,64,86,68,47,71,58,99,113,74,112,84,71,61,83,112,94,102,78,96,72,93,99,103,96,83,89,87,74,71,80,79,93,72,85,70,59,68,80,
20190228,20,O3_8h_24h,85,110,66,88,61,112,97,102,76,121,117,111,86,107,91,80,60,85,90,75,48,60,76,95,106,75,52,68,61,75,81,89,110,53,61,13,45,58,65,52,78,53,37,33,58,88,71,67,121,86,112,43,49,21,69,77,18,62,36,45,93,16,15,58,27,36,59,81,95,66,67,78,102,68,50,48,92,111,50,103,78,82,65,103,120,132,123,136,117,111,130,130,110,67,114,125,36,101,75,65,31,88,45,71,17,114,132,5,85,124,78,138,124,105,69,107,77,86,75,102,96,100,76,72,75,53,100,113,129,107,108,114,81,66,73,79,71,76,85,37,69,63,39,80,10,35,59,47,59,68,90,112,65,52,84,100,111,110,95,72,98,70,31,75,49,116,62,95,39,51,103,95,91,46,62,67,46,67,53,48,28,68,53,84,41,23,48,,46,83,113,78,130,102,108,134,105,96,103,82,90,89,110,89,69,124,81,87,81,82,83,95,58,83,80,103,106,86,117,102,71,97,104,65,55,85,81,78,99,50,63,52,66,91,93,61,105,41,61,95,23,25,44,73,27,41,38,42,70,86,43,39,32,100,111,124,104,102,83,110,94,31,88,91,33,86,77,38,55,96,34,59,67,70,58,64,63,69,60,22,11,26,22,11,28,57,38,34,11,48,40,40,35,35,33,74,53,,42,95,63,97,96,52,83,52,81,83,65,79,94,77,94,80,86,96,79,99,72,43,57,87,63,101,43,89,83,90,71,86,69,50,71,68,99,113,84,112,84,76,62,83,112,94,102,78,96,72,93,99,104,96,83,89,87,74,71,80,79,93,72,85,70,66,75,80,
20190228,20,CO,1.69,1.24,2.74,1.80,2.82,0.67,1.95,0.85,1.02,1.68,1.03,0.85,0.93,1.21,1.32,1.02,1.30,1.10,1.53,0.59,0.93,0.67,0.68,1.30,1.07,0.60,1.09,0.65,0.70,0.88,1.10,0.50,0.90,0.98,0.77,0.80,0.77,1.17,0.70,0.50,0.47,0.63,0.60,0.93,0.87,0.66,0.60,0.88,1.19,1.13,0.50,1.08,0.92,1.38,0.57,0.47,1.35,1.73,1.53,1.38,0.82,1.17,1.37,0.50,1.04,0.77,1.09,0.56,0.52,1.20,0.77,1.37,1.12,2.07,1.00,0.85,1.18,0.90,1.22,1.82,1.37,0.85,0.70,1.10,0.83,0.90,1.40,1.50,1.08,1.72,1.45,1.10,1.13,0.80,1.95,1.00,1.28,0.68,0.52,0.55,1.15,0.55,1.45,0.80,1.20,0.85,0.95,1.20,0.60,0.87,0.88,1.18,1.88,1.95,1.15,2.72,1.38,1.98,1.16,1.13,2.53,1.86,1.76,0.67,0.63,0.87,0.67,0.93,0.70,1.17,0.87,0.80,0.78,0.80,0.84,0.90,0.47,0.83,0.90,1.05,0.50,0.53,0.80,0.38,0.90,0.80,0.80,0.88,0.52,0.65,1.10,1.07,3.67,1.17,0.87,0.85,0.75,0.90,0.72,0.47,1.55,1.05,1.85,1.10,1.30,1.10,1.90,2.00,3.10,2.60,1.80,2.20,2.70,0.83,0.60,0.60,0.90,0.60,1.15,1.20,2.55,1.40,1.30,0.30,1.00,0.90,0.65,,1.85,0.73,0.85,0.80,1.05,0.76,1.05,0.92,0.95,1.20,0.67,0.93,0.35,1.05,0.40,0.70,0.45,0.80,0.90,1.50,1.25,1.15,1.60,1.80,1.10,2.00,1.15,0.80,1.10,1.37,1.37,1.43,1.75,1.85,1.00,0.75,3.15,0.60,0.88,0.58,0.80,0.60,0.80,0.70,0.90,0.67,0.80,0.55,0.25,0.70,0.70,0.63,1.00,1.10,0.90,0.60,0.98,1.43,1.30,0.88,1.30,0.75,1.17,1.13,1.05,0.53,0.90,0.78,0.97,0.65,0.98,0.57,0.47,1.28,0.90,0.88,1.03,0.63,0.90,1.10,0.90,0.77,1.15,0.84,0.70,1.05,0.82,0.60,0.80,0.93,0.45,1.23,1.30,1.03,1.17,1.15,1.20,0.85,1.05,1.00,1.20,1.03,0.80,1.05,0.77,0.80,0.92,1.13,0.80,,0.67,1.05,0.40,0.63,0.53,0.80,0.85,1.10,0.30,0.80,0.40,0.45,0.60,0.60,0.60,0.80,0.60,0.60,0.70,1.60,0.65,1.10,0.90,0.50,0.30,0.40,0.50,1.05,0.50,0.35,1.57,1.37,0.90,1.30,0.90,0.60,1.10,0.90,0.60,0.85,0.95,0.75,1.00,0.80,0.90,0.80,0.70,1.10,0.80,1.00,0.50,0.20,0.37,0.80,1.15,1.40,0.65,2.50,0.70,0.50,0.50,0.65,0.10,1.13,0.70,0.10,1.95,1.80,
20190228,20,CO_24h,0.86,1.65,2.31,1.40,2.34,1.00,1.88,0.80,0.80,1.35,1.10,1.10,2.00,1.41,1.27,2.26,1.46,1.13,1.16,0.61,0.78,0.77,0.43,1.27,1.20,0.43,0.99,0.73,0.47,0.60,0.92,0.60,0.83,0.90,0.74,0.93,0.77,0.93,0.80,0.57,0.50,0.70,0.53,0.90,0.60,0.60,0.67,1.07,1.05,1.06,0.63,0.72,0.78,1.64,0.64,0.55,1.55,1.13,1.40,1.10,0.76,1.47,1.30,0.50,0.90,0.91,0.82,0.62,0.48,1.17,1.37,1.43,1.36,2.05,0.72,0.58,1.92,0.78,1.35,1.55,1.10,1.93,0.60,1.15,0.87,0.85,1.40,1.75,0.98,1.62,1.55,1.00,1.07,0.83,1.60,1.27,1.22,0.82,0.52,0.60,1.00,0.65,1.30,1.30,1.55,1.05,1.23,1.95,1.30,0.80,2.35,1.52,2.06,1.55,0.72,2.70,1.78,2.80,1.54,0.93,1.67,1.46,0.74,0.63,0.60,0.83,0.74,1.27,0.80,1.40,0.80,1.00,0.76,1.10,0.78,0.98,0.50,0.93,0.80,1.12,0.50,0.65,0.76,0.56,0.83,0.80,0.88,0.80,0.66,0.65,1.10,1.13,1.53,1.07,0.90,1.05,0.90,0.75,0.76,0.73,2.30,1.10,1.30,0.75,0.70,2.30,3.00,2.65,3.10,3.30,2.10,1.65,2.25,0.83,0.55,0.65,0.85,0.50,1.00,0.87,2.05,1.45,1.10,0.20,1.00,0.80,0.70,,1.95,0.65,0.85,0.80,1.64,1.02,1.15,1.34,1.25,1.10,1.70,0.63,0.30,1.05,0.60,0.67,0.30,0.65,0.98,2.38,1.35,1.30,1.30,1.30,1.50,1.40,0.85,0.40,0.77,1.27,1.43,1.50,1.55,1.38,1.10,0.60,1.75,0.40,0.73,0.64,0.93,0.63,0.73,0.67,0.60,0.60,0.80,0.60,0.45,0.60,0.73,0.80,1.03,1.00,0.90,0.60,0.80,1.33,1.03,0.55,1.38,0.72,1.27,0.90,1.05,0.80,1.13,0.78,1.03,0.72,1.02,0.50,0.60,1.14,1.00,0.95,0.60,0.72,0.80,0.75,0.60,0.80,1.05,0.74,0.82,1.00,0.88,0.68,0.93,0.70,0.65,1.18,1.63,1.07,1.00,1.35,1.35,0.80,1.00,1.00,1.15,1.00,0.80,1.00,0.90,0.83,0.90,0.80,0.73,,0.77,0.45,0.35,0.63,0.85,0.90,0.80,0.85,0.30,0.80,0.50,0.45,0.80,0.60,0.45,0.75,0.65,0.60,0.65,0.75,0.60,0.90,0.65,0.50,0.40,0.45,0.60,0.95,0.40,0.35,1.27,1.63,0.90,1.05,1.05,0.80,1.20,0.90,0.80,0.80,0.90,0.90,1.20,0.85,0.80,0.80,0.70,0.80,0.90,1.00,0.50,0.30,0.63,0.85,1.25,1.60,1.10,2.00,0.60,1.20,0.50,1.60,0.70,2.23,1.00,0.80,1.70,2.10,
20190228,21,AQI,238,180,327,224,240,111,307,64,84,235,174,114,173,121,109,124,80,108,336,46,84,74,74,89,138,98,83,68,86,76,105,65,103,74,40,44,79,54,56,60,38,54,36,43,101,16,34,50,156,154,83,69,61,63,33,36,59,94,65,75,58,59,51,21,73,66,69,27,57,120,58,91,61,243,75,64,83,77,119,211,121,73,39,148,136,144,177,189,174,257,247,105,184,100,232,157,31,27,29,39,43,31,44,44,35,61,42,64,26,100,65,139,197,212,84,249,160,136,150,104,402,222,238,80,61,79,111,94,86,193,89,88,109,65,49,60,44,36,50,34,22,68,43,22,101,113,68,91,37,22,217,164,150,123,134,67,93,74,83,500,208,,223,133,235,153,166,199,,146,113,129,189,81,55,73,,52,95,78,,80,79,52,69,94,,,170,70,81,60,164,90,114,116,86,101,67,78,30,98,52,149,67,84,91,222,181,79,135,114,67,86,106,120,89,205,333,321,401,380,154,56,500,61,98,90,113,81,104,33,85,113,94,73,86,89,95,16,12,11,56,11,56,64,65,56,23,49,59,51,46,104,83,104,70,56,98,94,59,75,75,88,78,76,41,104,64,50,66,65,41,84,31,51,54,44,44,34,66,55,56,23,59,29,21,55,59,78,66,91,76,83,75,75,94,,79,61,27,29,33,51,55,52,54,43,27,22,37,24,58,52,22,58,60,80,23,54,44,26,18,34,43,50,,26,88,100,63,59,55,60,106,128,78,104,96,46,37,31,43,119,56,71,46,24,26,28,74,88,80,97,68,273,57,171,123,125,95,79,36,17,263,210,
20190228,21,PM2.5,188,136,277,174,190,84,257,35,49,185,132,86,131,92,82,94,59,81,286,32,62,54,54,65,105,73,61,49,64,56,79,35,77,54,24,31,58,38,40,43,19,38,25,30,76,9,11,27,119,118,61,50,44,36,21,23,37,70,39,55,41,42,36,11,53,48,48,17,11,91,41,68,42,193,55,46,51,44,90,161,92,53,27,113,104,110,134,142,132,207,197,79,139,75,182,120,22,13,14,19,30,22,31,31,21,44,27,43,18,75,42,106,148,162,43,199,122,104,115,78,353,172,188,59,44,58,84,70,64,145,66,65,82,28,34,43,31,25,32,24,13,49,30,7,76,85,49,68,26,15,167,125,115,93,102,37,62,23,61,122,158,,173,101,185,117,126,149,,112,85,98,142,60,39,53,,36,71,57,,59,58,34,50,70,,,129,51,55,31,125,59,86,88,64,76,44,47,18,29,35,114,22,62,68,172,137,56,103,86,45,64,80,91,66,155,283,271,351,330,118,35,749,44,73,67,85,60,78,21,63,85,70,53,64,66,71,11,7,5,40,8,38,46,44,39,16,28,42,33,32,78,61,78,51,39,73,70,42,55,55,65,57,56,29,78,46,27,38,47,29,62,18,36,32,31,30,19,44,36,40,16,42,18,15,37,42,57,48,68,56,61,55,55,70,,58,44,13,12,15,36,33,33,35,30,19,8,18,4,37,34,12,41,43,53,12,23,30,15,11,10,13,25,,4,65,75,45,42,39,43,80,97,57,68,72,32,15,18,30,90,40,52,32,17,7,10,54,65,59,46,21,223,37,56,25,59,29,51,13,9,213,160,
20190228,21,PM2.5_24h,72,153,201,115,97,109,173,26,25,114,123,116,191,101,51,120,89,95,190,31,49,45,34,58,86,49,42,47,50,44,62,43,69,52,32,22,62,37,36,21,18,19,17,17,56,30,44,30,105,90,83,33,39,58,28,28,60,51,57,64,44,88,20,14,60,58,20,18,9,81,47,48,62,152,46,37,62,34,105,107,72,124,57,116,105,88,137,157,105,185,170,54,129,71,181,146,15,38,18,23,28,29,30,34,19,59,52,52,24,59,59,105,136,121,31,109,121,101,116,82,248,201,113,55,44,50,94,114,67,126,71,99,48,44,29,40,34,17,27,17,12,50,53,15,77,64,55,64,18,14,150,129,81,77,98,46,47,45,54,71,197,,85,52,88,230,202,174,,190,94,83,98,54,34,36,,32,55,38,,50,60,21,39,48,,,102,55,58,51,134,62,101,122,102,79,63,34,18,56,33,54,18,47,75,110,108,46,101,93,64,67,108,44,57,150,235,224,294,272,126,26,397,29,68,73,80,61,51,14,60,64,59,47,58,53,73,40,7,7,34,22,20,40,33,26,11,19,40,23,21,105,87,72,72,66,96,65,55,43,55,70,32,64,31,33,35,32,33,43,44,62,21,45,41,30,37,12,45,30,16,23,41,13,8,22,32,43,49,62,60,54,46,45,46,,59,16,11,13,26,20,42,18,21,27,12,15,17,5,32,22,15,33,35,35,15,20,19,13,12,7,11,18,,5,49,93,55,43,43,47,73,83,61,47,62,38,32,22,19,61,37,32,29,17,11,9,58,60,47,40,31,174,37,73,40,84,35,66,16,6,184,151,
20190228,21,PM10,197,152,378,253,259,152,357,78,118,258,179,127,189,147,154,147,99,111,227,44,98,71,81,127,158,103,94,64,88,87,112,79,107,87,40,42,83,51,51,67,38,44,31,39,102,10,34,50,187,197,78,65,48,76,33,36,68,113,80,60,49,46,49,21,76,70,87,27,64,165,50,85,72,232,73,59,115,104,160,199,100,95,32,188,153,170,146,203,214,324,280,136,168,146,236,183,22,27,29,39,36,30,37,30,35,53,42,77,23,127,79,148,214,220,118,271,178,164,144,111,461,237,227,71,70,66,115,101,80,220,75,81,101,79,47,,43,36,50,31,22,66,30,13,85,105,80,98,33,22,196,133,179,99,147,84,136,97,92,726,218,,253,142,268,156,248,227,,191,133,200,245,80,52,74,,53,106,88,,83,84,53,84,100,,,139,79,112,70,189,129,153,118,108,121,84,106,30,146,54,133,84,76,125,180,207,107,170,111,83,103,109,116,115,194,342,291,406,326,162,61,784,46,105,109,110,74,77,33,77,126,126,73,73,71,77,15,11,,48,,62,66,79,61,22,49,57,51,46,108,90,98,67,62,111,96,56,82,78,84,100,78,39,104,75,50,81,51,30,74,31,49,58,44,44,34,81,59,42,20,62,29,,60,65,90,71,67,61,90,73,95,83,,69,57,27,29,33,43,59,53,58,39,23,13,37,23,66,54,19,65,61,109,,57,44,,14,20,43,50,,15,114,,60,67,53,60,134,141,76,158,78,41,37,31,,92,58,67,43,20,19,27,68,118,80,144,86,295,64,291,195,200,140,108,36,16,240,221,
20190228,21,PM10_24h,99,179,305,180,163,183,240,70,74,175,174,164,272,152,104,170,123,118,196,40,69,57,45,92,139,68,67,60,61,58,93,62,108,75,46,30,81,49,51,31,30,29,21,24,73,36,62,45,161,143,102,43,43,116,44,42,119,72,113,82,60,126,37,28,79,85,39,32,41,140,68,70,106,183,55,45,124,78,158,143,83,176,55,176,161,139,154,209,178,285,243,108,173,122,237,200,16,49,28,42,44,44,37,47,32,73,79,87,45,105,113,141,189,171,77,162,174,155,150,101,337,255,133,46,55,49,126,145,85,189,94,126,58,85,40,42,45,25,43,25,25,70,54,32,98,82,77,86,25,31,151,153,99,85,138,100,121,81,76,339,259,,134,81,129,287,335,248,,292,128,159,163,68,42,53,,43,75,50,,64,79,34,58,63,,,118,75,90,92,204,154,154,175,138,119,146,67,23,122,62,71,77,70,112,150,151,87,145,110,85,94,131,70,72,181,294,272,339,268,184,50,409,80,96,101,99,72,43,22,68,89,99,65,81,58,70,44,12,9,50,28,32,56,49,37,18,38,52,35,35,140,127,89,79,88,120,88,82,73,83,92,54,84,47,55,45,49,55,49,42,70,29,56,63,44,49,27,69,47,22,32,57,17,14,32,50,63,67,72,71,85,67,67,55,,74,23,18,26,46,23,55,28,39,33,15,21,45,24,50,43,23,52,51,58,20,37,34,12,25,32,43,38,,11,89,124,63,60,58,68,117,164,85,117,72,46,50,41,25,69,48,47,38,32,34,29,70,70,69,137,82,230,67,278,206,276,163,100,39,17,219,212,
20190228,21,SO2,14,14,64,23,25,16,27,27,12,17,27,15,18,19,30,34,27,23,33,7,10,5,9,26,14,8,12,10,11,5,6,6,6,9,7,7,7,8,7,3,5,6,12,6,4,4,5,2,30,25,10,8,5,5,4,7,10,14,8,8,9,11,6,4,13,6,31,10,3,10,7,16,10,11,12,8,24,22,6,38,67,38,9,43,15,20,29,38,25,21,24,15,25,15,20,20,5,6,5,2,7,6,7,5,6,13,8,19,7,8,28,19,44,40,39,38,32,27,78,17,31,24,23,5,8,12,8,10,10,11,12,9,9,24,6,6,2,7,5,4,2,6,8,8,7,9,3,4,11,14,6,19,18,6,8,7,8,32,4,5,34,,36,12,16,25,21,19,,47,22,23,12,13,8,13,,10,8,10,,15,7,10,8,3,,,64,5,10,3,21,56,45,13,57,43,17,16,4,34,21,17,10,16,48,49,34,67,21,21,19,24,18,18,12,18,5,8,4,17,8,32,24,131,13,15,15,10,6,11,7,5,6,6,3,6,5,3,6,4,9,7,6,10,22,32,4,7,13,6,10,11,11,12,6,6,8,6,4,8,8,7,7,24,6,4,10,6,3,8,18,4,5,6,4,2,8,10,6,8,8,7,16,6,7,8,3,9,7,7,4,6,9,12,7,,4,11,17,14,13,26,3,10,3,44,5,5,14,7,5,10,19,12,5,8,4,5,8,6,3,4,8,4,,3,9,16,8,15,12,18,10,12,6,27,9,12,5,15,5,15,25,30,12,26,9,5,11,12,7,13,5,33,13,6,6,10,18,28,4,3,12,27,
20190228,21,SO2_24h,7,23,41,26,30,17,30,14,11,16,26,20,47,27,20,49,28,20,22,7,9,6,8,22,16,9,11,11,10,7,6,9,8,9,7,7,10,7,7,4,5,5,5,6,3,4,6,4,23,18,11,6,4,6,5,6,12,7,8,11,7,14,7,5,11,8,13,13,3,9,13,15,16,10,10,8,36,22,17,45,25,104,9,27,20,16,27,36,31,21,26,14,21,14,23,31,6,8,4,4,7,7,6,6,7,14,16,15,12,9,53,21,33,38,22,47,32,31,65,15,25,14,11,5,9,10,11,15,12,13,11,10,7,13,4,8,2,7,6,8,2,6,9,14,12,8,4,5,11,13,7,13,9,7,8,17,9,20,5,6,30,,29,11,22,30,22,31,,43,15,11,9,11,7,13,,10,6,8,,12,7,9,7,1,,,57,5,10,5,26,54,44,16,43,37,85,11,3,37,23,8,8,13,65,43,29,32,25,15,27,28,12,14,12,14,19,15,10,19,14,17,14,26,11,15,16,13,9,10,9,4,10,6,4,8,7,5,7,4,12,8,6,9,16,12,4,8,12,5,14,15,16,15,6,8,7,6,5,9,11,11,6,11,6,4,6,6,4,7,13,5,5,5,4,3,7,8,7,8,7,8,16,7,7,7,4,9,11,8,4,9,12,9,6,,6,10,19,17,16,19,2,12,8,26,5,5,10,7,5,9,13,24,10,6,4,7,8,6,4,4,9,4,,3,9,19,13,32,15,14,9,14,7,22,8,13,9,17,11,11,21,15,10,24,6,5,13,12,8,15,14,23,13,10,6,12,21,26,4,3,12,16,
20190228,21,NO2,69,107,110,122,134,35,96,28,61,76,51,35,68,97,87,102,70,80,92,58,78,82,77,80,64,88,72,75,65,77,55,41,45,68,72,51,67,67,61,24,20,42,30,31,73,32,22,34,86,80,39,62,53,56,31,53,52,118,68,63,24,48,35,11,50,44,41,26,8,84,43,46,44,98,59,41,68,53,80,49,75,66,35,73,44,43,83,92,95,82,65,42,74,110,77,92,21,16,8,9,22,5,24,11,30,15,16,28,19,35,50,32,72,77,67,96,78,58,100,44,75,76,73,67,68,34,39,25,31,54,26,37,41,45,32,23,15,22,21,16,6,46,35,19,40,24,39,53,26,12,52,42,86,46,89,19,30,58,37,22,55,,134,78,45,27,55,82,,104,42,66,55,92,46,75,,45,65,84,,52,61,20,59,23,,,94,32,42,35,35,56,104,17,117,88,54,75,21,59,27,39,23,24,49,94,83,48,77,67,52,49,38,58,36,51,26,36,49,42,39,33,87,40,75,50,68,25,24,26,91,46,60,31,45,78,47,26,24,21,26,20,27,24,44,36,19,38,33,34,31,23,33,26,39,31,45,37,34,53,32,51,65,43,15,50,31,34,42,36,26,42,22,26,17,14,14,17,28,20,31,15,34,15,16,21,32,39,34,34,27,64,42,58,38,,22,19,14,10,21,18,15,20,33,29,17,10,10,6,32,17,16,8,22,52,8,16,23,6,23,4,8,5,,4,51,69,34,49,35,25,54,28,32,65,20,18,27,19,14,26,19,33,19,27,9,23,27,32,19,36,49,65,23,53,12,21,33,80,8,30,51,34,
20190228,21,NO2_24h,55,84,95,81,82,38,79,19,33,73,54,51,80,67,53,76,72,50,51,44,47,51,29,64,53,34,52,44,36,32,36,27,48,48,38,53,52,46,40,26,16,37,30,28,45,28,27,30,63,73,42,42,30,62,31,30,61,67,61,72,31,52,29,10,39,56,25,23,6,57,61,40,54,78,27,34,58,36,69,44,45,72,31,64,48,46,58,68,52,70,74,38,61,75,50,76,18,26,7,11,22,10,21,23,28,25,37,34,28,25,47,37,54,62,28,67,60,57,76,30,41,56,33,44,42,30,44,47,29,57,36,40,30,42,23,29,14,18,15,17,5,41,30,29,39,21,40,28,21,11,48,39,47,37,53,23,42,35,35,27,86,,98,58,60,63,69,60,,100,32,61,54,57,24,38,,33,41,38,,38,40,16,37,18,,,65,28,33,42,58,52,65,40,65,56,60,24,11,37,37,20,10,13,40,66,61,34,48,35,36,30,23,24,22,41,35,39,46,40,46,18,44,14,50,33,62,38,16,17,45,41,50,32,44,41,39,26,19,14,23,20,19,23,32,20,17,20,29,16,24,39,56,26,28,40,44,29,35,37,30,46,37,33,12,33,22,26,28,29,23,23,19,23,11,13,18,14,32,17,17,15,24,10,15,16,25,41,30,30,33,46,29,44,25,,34,9,14,10,25,13,13,18,18,19,12,13,15,8,25,10,17,16,19,28,10,22,12,5,21,3,8,3,,5,36,72,33,42,33,35,36,32,29,35,21,22,28,22,14,32,21,17,20,15,11,21,31,33,28,37,39,63,29,43,10,41,31,55,10,18,41,34,
20190228,21,O3,71,32,33,15,8,84,37,80,15,81,80,95,48,27,22,15,40,18,39,54,19,16,23,48,39,11,17,25,21,11,33,55,63,10,28,17,19,28,27,54,67,40,26,20,14,41,51,39,62,58,76,8,14,4,53,43,6,3,3,8,59,6,13,33,22,32,12,55,99,21,52,81,78,43,7,18,53,67,7,69,19,38,28,55,89,102,50,45,37,64,90,88,53,18,75,57,26,83,61,58,15,88,27,75,13,75,77,3,54,79,42,112,64,45,14,20,24,45,13,71,50,16,33,24,23,37,84,76,83,68,77,89,55,38,52,63,51,55,43,38,48,34,36,71,3,30,47,20,44,57,42,80,9,20,20,93,102,60,86,52,106,,21,61,76,108,59,76,,39,134,104,89,20,46,32,,57,26,5,,54,33,81,31,21,,,21,60,60,57,109,33,15,115,19,17,56,8,61,53,71,41,37,106,27,13,24,32,15,17,15,31,40,46,43,45,80,69,37,59,97,32,38,42,43,39,56,55,47,20,10,50,50,31,58,15,38,40,7,15,17,35,7,22,14,9,57,37,22,12,8,86,89,103,53,66,50,66,56,17,87,45,8,43,46,18,23,59,5,30,53,41,40,50,45,49,54,16,8,18,6,7,7,44,29,21,5,47,36,31,34,17,26,50,26,,51,34,59,87,88,53,66,18,33,35,28,69,82,76,56,56,70,79,74,43,73,34,28,83,56,109,49,64,,83,25,46,46,11,52,47,55,91,56,66,78,49,59,74,109,89,101,68,94,61,83,90,65,62,77,66,47,67,87,48,74,100,50,36,59,55,102,81,
20190228,21,O3_24h,103,140,88,109,79,135,129,115,94,165,131,127,121,123,104,95,81,101,110,87,60,72,88,119,122,91,68,85,79,91,92,100,130,58,78,21,56,72,81,58,82,63,42,44,83,95,82,75,139,124,127,54,61,39,82,89,33,80,68,66,112,22,20,71,33,47,67,87,104,88,80,93,118,87,58,55,113,120,58,112,94,95,73,122,139,150,138,151,135,139,144,147,137,96,135,144,43,114,79,70,41,97,68,75,20,153,172,9,99,137,92,155,145,124,84,122,87,112,90,111,112,129,97,88,87,67,116,133,143,132,120,131,90,86,81,89,76,85,96,45,75,74,45,90,18,44,65,55,66,73,106,120,97,65,106,110,120,124,110,76,106,,26,73,76,108,61,101,,69,134,104,89,48,71,77,,72,56,60,,57,50,82,32,21,,,55,95,122,88,149,113,117,149,125,111,119,90,96,101,122,94,77,129,92,116,96,94,95,106,82,107,97,110,114,95,126,117,103,118,115,74,69,92,99,92,112,63,71,56,82,100,104,70,117,47,69,100,27,28,53,85,36,46,46,43,80,88,54,43,37,121,130,137,116,112,103,121,103,42,101,105,42,99,83,44,63,100,43,69,73,81,63,73,66,76,68,26,14,33,25,13,32,69,42,40,16,67,49,46,47,49,41,89,70,,52,132,68,103,107,71,89,53,95,87,68,85,97,79,107,86,90,105,93,125,77,60,61,90,66,113,49,100,,94,83,102,79,67,85,81,112,124,90,122,95,83,83,88,119,128,104,85,102,86,99,110,130,107,90,93,97,96,87,99,86,104,78,97,77,74,111,100,
20190228,21,O3_8h,83,95,65,65,38,113,90,101,62,124,110,111,84,94,80,64,57,61,74,73,43,51,64,84,95,61,47,63,53,63,70,77,102,41,52,12,40,53,59,53,72,52,34,31,53,39,66,62,111,82,109,27,37,19,60,71,16,45,31,31,83,15,15,49,25,37,20,73,96,62,66,79,101,66,32,31,89,101,26,96,57,74,46,99,116,130,110,113,105,101,123,122,102,56,101,110,33,99,66,62,28,89,34,71,17,111,122,5,79,116,74,136,121,92,55,80,59,80,55,92,80,68,66,65,61,52,100,111,121,105,102,111,75,61,70,78,65,60,80,37,61,57,38,77,9,35,58,40,45,66,81,107,62,45,72,101,109,103,97,71,106,,21,61,76,108,59,76,,39,134,104,89,20,46,32,,57,26,5,,54,33,81,31,21,,,21,82,101,73,130,86,94,133,95,84,100,65,84,86,102,78,62,121,64,71,68,73,63,77,51,68,70,76,84,71,88,96,55,84,94,55,46,75,73,75,90,45,58,46,57,83,83,51,95,33,55,40,6,21,37,35,21,14,32,27,68,53,36,33,24,101,110,122,93,95,82,103,86,29,93,84,21,75,68,33,47,87,28,45,63,68,46,60,55,63,60,21,10,26,18,10,24,49,30,30,10,44,39,40,36,35,31,69,50,,45,83,54,95,95,55,77,25,75,49,38,79,92,77,89,76,83,94,83,93,69,44,40,86,62,103,44,85,,87,56,83,64,43,71,56,94,112,74,108,85,66,61,82,113,97,103,77,96,72,93,99,101,93,82,87,84,77,74,81,80,98,71,80,70,58,73,84,
20190228,21,O3_8h_24h,87,110,66,88,61,113,97,103,76,124,117,112,86,107,91,80,62,85,90,75,48,60,76,95,106,75,52,68,61,75,81,89,110,53,61,14,45,58,65,53,78,53,37,33,58,88,71,67,121,87,112,43,49,21,70,77,18,62,36,45,93,16,16,58,27,37,59,81,96,66,68,79,102,69,50,48,92,111,50,103,78,83,65,103,120,132,123,136,117,111,130,129,110,67,120,125,36,101,75,65,31,89,45,71,17,114,132,5,85,124,78,138,124,105,69,107,77,86,75,102,96,100,83,72,75,53,101,113,129,107,108,114,81,66,73,79,71,76,85,38,69,63,39,80,10,35,59,47,59,68,90,112,65,52,84,101,113,110,97,72,106,,21,70,76,108,59,85,,51,134,104,89,46,53,67,,64,43,48,,55,43,81,31,21,,,46,83,113,78,131,102,108,135,105,96,104,82,90,89,110,89,69,124,81,87,81,82,83,95,58,83,80,103,106,86,117,102,71,97,104,65,55,85,81,78,99,50,63,52,66,91,93,61,105,41,61,95,23,25,44,73,27,41,38,42,70,86,43,39,32,101,111,124,104,102,83,111,94,31,93,91,33,86,77,38,55,96,34,59,67,70,58,64,63,69,60,22,11,27,22,11,28,57,38,34,11,48,41,40,36,35,33,74,53,,45,95,63,97,96,55,83,52,81,83,65,79,94,77,94,80,86,96,83,99,72,44,57,87,63,103,44,89,,90,71,86,69,50,71,68,99,113,85,112,85,76,62,83,113,97,103,78,96,72,93,99,104,96,83,89,87,77,74,82,80,98,72,85,70,66,77,84,
20190228,21,CO,1.75,1.29,3.10,1.42,2.92,0.70,2.22,0.90,1.10,1.63,1.07,0.80,0.93,1.29,1.75,1.40,1.23,1.30,1.81,0.56,1.01,0.67,0.68,1.23,1.06,0.77,1.21,0.72,0.85,1.05,1.12,0.50,0.83,1.03,0.84,0.77,0.77,1.17,0.70,0.50,0.53,0.63,0.60,0.90,0.94,0.64,0.57,0.89,1.46,1.06,0.55,1.20,0.93,1.39,0.58,0.45,1.32,1.77,1.50,1.34,0.84,1.17,1.37,0.50,1.05,0.80,1.10,0.58,0.50,1.30,0.80,1.30,1.14,2.23,1.00,0.85,1.32,0.86,1.15,2.08,1.33,1.07,0.60,1.25,0.87,0.90,1.60,1.52,1.32,1.57,1.50,1.10,1.23,0.73,1.87,1.02,1.26,0.67,0.48,0.55,1.15,0.57,1.40,0.80,1.25,0.85,0.80,1.20,0.63,0.83,1.10,1.08,2.30,2.00,1.48,2.77,1.62,1.90,1.84,1.05,2.80,1.98,1.33,0.67,0.65,0.77,0.63,0.90,0.73,1.20,0.90,0.73,0.78,0.80,0.86,0.90,0.50,0.80,1.00,1.03,0.45,0.53,0.78,0.48,0.90,0.80,0.82,0.94,0.52,0.60,1.13,1.10,2.67,1.16,0.93,0.85,0.80,1.20,0.76,0.60,1.65,,1.75,1.15,1.30,1.30,1.80,2.45,,2.10,1.70,2.25,2.60,0.83,0.65,0.60,,0.50,1.25,1.43,,1.40,1.40,0.30,0.90,0.90,,,1.70,0.65,0.85,0.80,1.14,0.84,1.15,0.86,1.50,1.33,0.77,1.13,0.35,1.20,0.40,1.07,0.35,1.10,1.18,2.15,1.10,1.43,2.37,2.20,1.10,1.85,1.40,0.70,1.10,1.30,1.63,1.60,1.75,1.75,1.00,0.95,3.05,0.50,0.95,0.66,0.90,0.58,0.80,0.73,1.10,0.73,0.90,0.60,0.30,0.70,0.73,0.65,1.03,1.07,0.93,0.50,0.93,1.35,1.33,0.93,1.30,0.83,1.17,1.13,1.00,0.47,0.82,0.72,0.93,0.65,0.98,0.60,0.50,1.18,0.85,0.90,1.13,0.57,0.85,1.15,1.10,0.77,1.10,0.84,0.70,1.05,0.82,0.60,0.82,0.93,0.45,1.18,1.23,1.07,1.27,1.20,1.40,0.85,1.05,1.05,1.25,1.03,0.77,1.03,0.83,0.80,0.90,1.08,0.87,,0.67,0.90,0.45,0.55,0.55,0.87,0.80,1.00,0.35,0.70,0.50,0.45,0.60,0.55,0.60,0.95,0.65,0.50,0.75,1.15,0.65,1.00,0.85,0.50,0.35,0.45,0.50,1.10,,0.35,1.43,1.50,0.95,1.35,1.00,0.70,1.30,0.90,0.60,1.05,0.90,0.90,1.00,0.85,0.90,0.90,0.70,1.20,0.80,1.10,0.50,0.70,0.55,0.85,1.15,1.40,0.75,2.35,0.80,0.90,0.70,0.80,0.30,1.63,0.70,0.20,1.90,1.50,
20190228,21,CO_24h,0.90,1.65,2.36,1.40,2.34,1.00,1.92,0.80,0.83,1.37,1.07,1.10,1.97,1.40,1.30,2.21,1.48,1.11,1.17,0.60,0.80,0.77,0.47,1.30,1.19,0.47,1.01,0.73,0.50,0.63,0.94,0.60,0.83,0.90,0.74,0.90,0.77,1.00,0.80,0.53,0.50,0.70,0.53,0.90,0.60,0.60,0.67,1.04,1.06,1.07,0.63,0.74,0.79,1.59,0.64,0.55,1.51,1.17,1.40,1.10,0.76,1.43,1.30,0.50,0.93,0.91,0.84,0.62,0.48,1.18,1.30,1.43,1.36,2.03,0.75,0.62,1.92,0.78,1.35,1.58,1.13,1.90,0.60,1.15,0.87,0.85,1.40,1.72,0.98,1.58,1.53,0.95,1.07,0.83,1.53,1.27,1.22,0.82,0.52,0.60,1.00,0.67,1.35,1.30,1.40,1.00,1.23,1.90,1.30,0.80,2.33,1.52,2.06,1.55,0.75,2.72,1.72,2.77,1.54,0.95,1.70,1.44,0.73,0.63,0.58,0.83,0.73,1.23,0.80,1.40,0.80,1.00,0.76,1.10,0.80,0.98,0.50,0.93,0.80,1.12,0.50,0.60,0.76,0.56,0.83,0.80,0.88,0.80,0.66,0.65,1.10,1.10,1.53,1.07,0.90,1.00,0.90,0.75,0.76,0.73,2.35,,1.35,0.75,0.80,2.35,3.05,2.70,,3.30,1.95,1.70,2.30,0.83,0.55,0.65,,0.50,1.00,0.90,,1.40,1.10,0.20,1.00,0.80,,,1.95,0.65,0.85,0.80,1.64,1.02,1.20,1.30,1.25,1.10,1.67,0.63,0.30,1.00,0.55,0.67,0.30,0.70,0.98,2.38,1.35,1.27,1.33,1.30,1.50,1.40,0.90,0.40,0.77,1.20,1.43,1.50,1.55,1.38,1.10,0.60,1.75,0.40,0.73,0.64,0.93,0.63,0.73,0.67,0.60,0.63,0.80,0.57,0.45,0.60,0.70,0.77,1.03,1.00,0.87,0.60,0.80,1.35,1.03,0.55,1.38,0.72,1.27,0.90,1.05,0.80,1.10,0.75,1.00,0.72,1.02,0.45,0.53,1.12,1.00,0.95,0.63,0.70,0.80,0.75,0.63,0.80,1.05,0.74,0.80,1.00,0.85,0.65,0.90,0.73,0.65,1.18,1.63,1.07,1.03,1.25,1.35,0.85,1.00,1.00,1.15,1.00,0.80,1.00,0.90,0.83,0.90,0.82,0.73,,0.77,0.50,0.35,0.60,0.85,0.90,0.80,0.90,0.30,0.80,0.50,0.45,0.80,0.60,0.45,0.75,0.65,0.60,0.65,0.75,0.60,0.90,0.65,0.50,0.40,0.45,0.60,0.90,,0.35,1.27,1.60,0.90,1.10,1.05,0.80,1.20,0.95,0.80,0.85,0.90,0.90,1.20,0.85,0.80,0.90,0.70,0.90,0.90,1.10,0.50,0.30,0.63,0.85,1.25,1.60,1.10,2.05,0.60,1.20,0.50,1.60,0.70,2.23,1.00,0.80,1.70,2.10,
20190228,22,AQI,238,180,360,211,239,109,353,61,81,239,133,100,159,128,120,149,75,131,387,43,91,73,73,89,143,91,80,78,88,83,108,64,96,75,45,53,79,53,60,59,40,60,36,43,106,15,25,53,176,150,81,73,63,62,36,37,57,80,62,71,49,55,50,25,70,71,65,26,47,125,54,76,65,228,75,64,83,78,118,227,120,101,41,151,146,153,189,201,200,261,251,98,191,114,230,160,31,25,22,39,46,30,47,47,34,53,44,66,30,104,68,131,203,211,94,268,146,121,167,108,419,201,234,74,63,84,104,90,85,164,79,98,116,66,51,59,44,37,51,39,22,68,50,20,94,98,71,93,37,25,219,171,146,115,141,67,91,63,85,500,232,149,221,138,209,167,116,229,226,116,110,149,190,85,56,68,76,51,95,86,70,89,98,52,66,94,66,81,153,74,72,56,179,108,115,108,189,114,75,123,30,118,65,151,62,93,115,219,217,86,191,148,66,96,128,119,65,163,330,376,406,391,164,74,500,73,100,100,119,80,100,30,94,133,114,78,100,84,94,13,12,11,59,14,58,66,64,54,21,52,64,53,50,85,81,105,73,56,94,103,61,73,83,88,84,73,43,108,74,53,62,64,43,76,34,56,54,50,41,31,68,55,48,36,52,24,20,52,62,78,68,78,73,85,79,70,94,,70,44,29,27,28,55,53,33,49,37,34,18,35,24,61,53,22,56,54,71,23,54,37,26,16,33,25,55,,26,87,110,61,59,55,58,138,109,85,105,98,44,34,39,44,99,56,69,47,37,24,36,78,93,80,101,66,239,59,325,119,137,104,102,45,23,242,157,
20190228,22,PM2.5,188,136,310,161,189,82,303,34,46,189,101,75,121,97,91,114,55,100,337,28,68,53,53,66,109,68,59,57,65,61,81,36,72,55,27,37,58,37,43,42,21,43,25,30,80,9,11,27,133,115,60,53,45,35,24,25,35,59,35,52,33,39,35,9,51,52,47,17,6,95,38,56,47,178,55,46,51,48,89,177,91,76,29,116,112,117,142,151,150,211,201,73,144,86,180,122,22,12,14,23,32,21,33,33,24,37,26,39,21,78,48,100,153,161,53,218,112,92,127,81,378,151,184,54,45,62,78,67,63,125,58,73,88,38,36,42,31,26,36,27,12,49,35,7,70,73,52,69,26,13,169,130,112,87,108,38,65,30,63,115,182,114,171,105,159,127,84,179,176,81,83,114,143,63,40,49,53,36,71,64,51,66,73,28,46,70,20,60,117,54,52,28,135,55,87,81,142,86,44,93,21,89,36,116,21,69,87,169,167,59,144,113,47,72,97,90,47,124,280,326,359,341,125,54,834,53,75,75,90,59,75,13,70,101,86,57,75,62,70,9,6,5,42,10,41,48,45,38,14,30,46,34,35,63,60,79,53,40,70,77,44,53,61,65,62,53,30,81,54,32,39,46,30,56,24,40,31,33,29,18,48,37,32,16,29,17,14,35,44,57,49,57,53,63,58,51,70,,51,31,20,11,9,39,37,22,34,26,24,11,16,6,41,35,14,40,36,51,14,30,26,14,8,16,9,20,,7,59,83,44,42,39,41,105,82,63,74,73,31,20,27,31,74,40,50,33,26,8,12,57,69,59,68,20,189,40,65,44,62,36,74,8,8,192,120,
20190228,22,PM2.5_24h,75,155,205,117,100,107,180,27,26,119,120,112,189,100,52,116,89,93,191,31,50,45,35,59,88,51,43,47,51,45,63,43,70,53,32,21,62,37,37,22,18,20,17,18,58,28,43,30,105,93,83,34,39,56,28,28,57,53,57,65,44,85,21,13,59,58,21,18,8,82,46,48,61,155,47,38,62,34,105,110,71,123,56,117,104,89,136,154,108,192,168,56,130,72,181,143,15,37,18,23,28,29,29,34,17,58,50,51,24,60,59,105,136,122,32,111,118,100,116,80,249,185,112,54,44,51,93,113,67,125,70,98,50,44,29,40,34,17,27,17,12,50,53,14,76,64,55,64,18,14,151,128,81,78,99,46,48,44,55,73,196,108,88,53,89,231,198,176,290,185,99,85,100,54,34,36,43,33,54,39,39,52,61,21,41,50,18,47,102,55,58,50,135,62,102,120,102,79,62,35,18,56,33,51,18,48,75,109,110,46,103,94,63,67,106,45,57,146,238,225,294,272,126,27,415,29,69,74,80,62,53,13,61,66,61,49,58,55,73,38,7,7,34,21,21,39,34,27,11,19,41,23,22,104,86,72,71,65,97,65,54,44,55,70,34,63,31,36,36,31,33,42,43,61,21,45,39,30,36,12,45,30,16,22,41,13,8,23,33,44,49,62,59,55,46,45,46,,58,16,11,13,24,19,41,19,22,27,12,15,16,4,31,22,15,33,35,36,14,20,18,13,10,8,11,18,,5,50,91,55,43,43,47,73,82,61,47,62,38,31,22,19,62,38,32,29,17,11,9,58,60,47,40,31,177,38,73,40,84,35,67,15,6,185,152,
20190228,22,PM10,195,150,420,227,270,150,393,71,111,258,165,122,185,153,157,169,91,128,270,43,111,73,86,114,158,110,102,74,92,103,136,78,93,90,45,49,85,55,60,67,40,61,35,37,103,10,25,55,207,187,77,72,48,74,36,37,63,106,74,58,49,46,48,25,73,75,79,26,47,174,48,74,79,226,61,59,116,106,158,218,99,115,32,186,171,173,168,228,250,319,278,145,177,149,243,180,24,23,22,39,34,22,38,37,27,53,44,82,29,130,85,135,210,223,137,291,174,144,185,115,392,211,188,70,74,68,115,88,81,198,71,90,104,82,49,,42,36,52,34,22,68,34,14,85,93,79,98,35,25,180,127,155,92,159,84,132,76,93,620,250,192,248,156,232,168,181,250,286,182,132,213,249,93,58,69,102,49,105,101,71,86,94,54,82,103,82,95,,89,93,61,204,166,172,112,190,140,99,152,28,153,80,151,73,82,172,215,211,121,228,145,82,109,130,137,73,155,315,336,400,346,181,82,870,85,106,122,109,71,71,30,97,129,125,83,88,67,78,11,8,9,50,10,53,62,78,58,21,54,57,56,49,93,89,93,64,59,101,110,61,84,84,100,106,64,38,118,81,56,74,48,28,71,33,55,58,50,39,31,85,59,48,36,54,22,15,54,73,81,73,66,58,85,77,86,83,,62,39,27,27,28,59,53,33,45,34,,18,35,18,71,55,19,50,57,91,11,58,37,,16,17,25,60,,18,123,70,55,57,46,56,144,138,82,159,83,38,34,38,31,79,50,85,46,33,21,36,71,105,73,151,82,280,67,440,188,223,158,153,45,23,231,174,
20190228,22,PM10_24h,100,180,310,182,168,182,248,70,76,180,171,160,269,151,106,166,123,117,196,40,72,58,48,95,140,71,69,61,63,61,96,63,108,76,47,30,81,49,52,33,30,31,22,26,77,33,61,45,162,147,102,45,43,111,43,41,114,75,113,82,59,124,38,28,78,87,41,31,34,142,68,71,104,188,55,45,124,78,159,147,83,175,53,177,160,139,153,207,182,288,240,110,175,123,237,198,17,48,27,41,43,44,37,47,30,71,77,86,44,106,112,140,189,173,80,165,171,154,152,99,338,239,133,47,56,51,125,144,84,188,93,125,60,85,40,42,45,25,43,26,24,70,59,30,96,82,77,86,26,31,151,152,102,85,140,98,121,78,76,354,259,166,138,83,129,289,326,249,353,286,134,160,167,70,43,52,62,42,75,51,49,66,80,35,60,67,39,57,118,75,89,92,204,155,157,172,139,121,144,68,23,120,61,69,78,70,114,150,152,88,149,111,86,94,129,73,72,175,296,271,337,264,184,50,452,71,97,104,100,73,43,21,70,92,100,67,81,59,75,42,12,9,50,22,34,56,51,39,18,39,53,36,36,137,125,88,76,87,120,85,80,74,83,92,57,80,47,61,48,49,55,48,41,69,29,56,61,43,47,28,69,48,24,28,57,17,15,34,51,64,67,71,70,84,66,68,55,,73,23,18,26,44,24,54,29,40,33,15,20,42,23,51,43,23,53,51,59,18,38,31,12,23,32,42,39,,11,91,121,63,60,58,68,117,163,84,117,71,46,50,40,24,69,49,49,38,32,34,29,69,72,70,138,82,236,68,286,204,275,164,103,39,18,220,213,
20190228,22,SO2,12,15,60,23,34,14,31,16,12,16,26,15,26,25,30,40,23,23,33,7,11,5,10,29,16,8,12,10,11,6,6,5,7,10,7,6,7,7,7,4,5,6,10,6,4,4,5,3,30,45,11,8,5,6,4,7,10,15,8,8,9,12,6,5,12,7,21,10,3,9,7,16,11,10,12,7,25,22,5,33,37,44,10,48,15,20,36,43,22,38,22,13,24,14,20,18,6,7,4,2,7,6,7,5,6,9,9,16,7,8,33,20,43,40,47,50,31,23,78,19,32,15,18,5,8,10,8,8,10,10,12,12,8,22,6,5,2,6,6,6,2,6,8,11,7,7,3,4,10,13,7,28,20,6,9,41,6,23,5,6,42,19,37,14,14,34,17,23,15,29,21,23,11,12,8,14,7,10,7,14,8,15,9,11,7,2,4,,54,5,9,3,22,67,34,9,60,44,25,24,4,37,25,20,9,14,51,51,43,67,19,17,16,16,28,16,10,15,6,10,4,12,8,20,23,96,11,25,19,10,6,11,6,4,5,5,5,6,5,4,5,4,13,8,6,11,20,23,3,8,16,6,15,14,14,13,6,7,9,6,4,7,10,8,7,17,6,5,11,6,4,8,12,4,5,7,4,4,9,9,6,8,7,7,19,6,7,8,4,9,8,7,3,5,9,18,8,,4,9,19,17,12,25,3,8,4,46,5,5,13,7,5,9,18,10,11,7,5,5,8,6,3,4,7,4,,3,9,24,8,13,16,18,16,14,8,21,7,9,5,16,5,13,32,18,12,22,8,5,17,11,7,20,4,38,12,11,9,14,21,36,4,3,12,18,
20190228,22,SO2_24h,7,22,40,25,30,17,30,14,11,16,26,19,46,27,20,49,28,21,23,7,9,7,9,23,16,9,12,11,11,7,6,9,8,9,7,7,10,7,7,4,5,5,5,6,3,4,6,4,23,19,11,6,5,6,4,6,12,8,8,11,7,14,7,5,11,8,14,13,3,9,13,15,15,10,10,8,35,21,17,45,26,105,10,27,20,16,27,36,31,22,26,14,21,14,23,31,6,8,4,4,6,7,6,6,7,14,16,15,12,9,53,21,33,38,23,46,31,31,66,15,25,13,11,5,9,10,11,15,12,13,11,11,8,14,4,8,2,7,6,8,2,6,9,14,12,7,4,5,11,13,7,13,10,7,8,18,9,20,5,6,30,18,29,11,22,30,21,31,13,39,16,11,9,11,7,13,5,10,6,8,7,13,7,9,7,1,4,3,54,5,10,4,26,55,43,15,42,38,85,12,3,36,23,8,8,13,65,44,29,32,26,15,27,28,12,14,12,14,18,14,10,18,12,17,14,22,11,16,16,13,9,10,9,4,10,6,4,8,7,5,7,4,12,7,6,9,17,13,4,8,13,5,14,15,16,14,6,8,7,6,5,9,11,11,6,12,6,4,6,6,4,7,13,5,5,5,4,3,7,8,7,8,7,8,16,7,7,7,4,9,11,8,4,9,12,9,6,,6,10,19,17,15,19,2,12,7,27,5,5,10,7,5,9,13,24,10,6,4,7,8,6,4,4,9,4,,3,9,18,13,32,16,14,9,14,7,22,8,13,9,17,11,12,21,15,11,24,6,5,13,12,8,15,14,24,13,10,6,12,21,26,4,3,11,16,
20190228,22,NO2,73,99,116,116,139,35,104,18,65,77,45,32,76,103,88,107,65,78,101,65,85,84,78,77,78,62,74,90,68,82,65,52,66,70,76,44,64,77,66,23,22,50,35,30,78,30,20,45,94,87,39,62,54,50,36,56,49,98,63,61,25,47,37,12,52,49,31,27,5,82,46,40,47,100,58,41,77,47,80,63,71,74,36,84,47,45,87,105,85,85,74,44,75,103,63,94,23,15,7,8,23,5,24,9,30,9,16,26,31,38,64,31,68,89,62,98,70,54,94,43,72,66,58,66,65,31,28,27,36,54,30,30,43,46,32,31,13,23,22,20,5,47,32,25,40,21,43,41,23,13,49,67,84,44,89,20,44,49,36,24,73,95,146,43,34,46,41,95,88,85,50,48,69,99,48,75,78,43,56,86,71,57,63,14,65,27,39,61,75,32,35,36,52,75,86,15,104,93,67,71,25,47,42,43,25,17,49,92,82,51,68,59,54,42,46,36,32,42,26,39,61,36,48,29,103,32,60,47,84,28,22,20,94,52,86,29,42,71,55,23,23,20,31,20,25,25,46,34,15,41,36,36,36,24,36,27,34,33,50,39,36,50,32,51,62,37,18,62,35,41,40,36,23,57,20,27,12,14,22,18,26,20,26,15,27,15,16,18,34,36,29,34,20,47,60,59,44,,19,15,16,10,21,18,14,15,22,32,19,12,10,4,35,13,14,9,14,46,6,14,21,5,21,3,9,4,,4,51,63,29,47,33,20,72,32,49,58,18,19,29,20,14,29,26,20,15,23,10,24,32,33,19,72,52,56,28,76,25,42,37,99,15,20,44,29,
20190228,22,NO2_24h,55,85,95,82,84,38,80,18,34,73,53,49,79,67,54,76,72,51,53,44,49,52,31,64,53,36,52,46,38,34,37,28,48,49,40,52,52,47,42,26,16,38,30,28,47,27,26,31,62,73,42,43,32,60,31,31,59,70,62,73,30,51,29,10,39,55,25,23,6,58,60,41,53,79,29,35,57,36,71,45,47,71,30,64,48,43,58,68,53,70,72,38,61,76,51,76,18,25,7,11,21,10,21,23,28,24,36,33,28,25,47,37,54,63,29,67,59,56,75,31,43,54,34,44,42,29,42,46,29,56,36,39,31,42,23,29,14,18,14,17,5,40,30,28,39,21,40,29,21,11,47,39,47,37,55,23,43,34,35,26,90,52,98,55,58,67,66,61,70,93,34,58,54,56,24,38,39,32,39,38,43,38,40,16,37,18,33,47,61,28,33,42,58,53,64,39,66,57,59,25,11,36,37,20,10,13,39,66,62,34,49,36,36,31,24,25,22,40,35,38,46,39,43,18,47,14,50,34,62,37,17,17,48,41,51,31,44,43,40,26,20,15,23,20,20,23,33,20,17,21,29,17,25,39,54,25,28,39,45,27,34,37,29,45,38,32,13,34,23,27,29,29,24,24,19,23,11,13,18,14,30,17,17,14,24,11,15,16,25,41,30,30,32,45,31,44,25,,33,9,14,10,25,13,13,18,19,19,12,13,14,8,25,11,17,16,18,27,10,22,12,5,19,3,8,3,,5,36,70,33,42,33,35,36,32,30,35,20,22,29,22,13,33,21,17,19,16,10,20,31,33,28,38,40,63,29,43,10,41,31,56,10,18,41,34,
20190228,22,O3,59,35,20,16,5,75,30,86,8,67,81,94,37,15,14,11,41,17,31,47,13,12,22,48,22,34,10,12,16,6,20,40,43,7,21,23,17,18,20,52,61,28,21,21,7,40,50,27,50,51,69,7,10,6,48,37,7,3,3,4,51,5,10,33,19,27,19,54,106,17,48,74,69,41,4,15,34,73,5,48,23,26,27,38,81,93,44,26,41,51,73,68,52,33,89,52,22,79,62,60,12,82,25,81,13,82,75,3,28,72,24,112,58,31,7,18,25,39,14,62,32,18,39,19,21,37,86,85,71,58,69,96,47,38,48,51,57,51,24,33,48,28,39,65,4,31,39,25,46,55,40,49,4,17,12,93,79,51,81,53,74,35,11,110,86,80,58,39,17,47,115,128,62,8,46,33,21,53,21,6,4,36,23,102,21,16,38,6,32,53,67,50,78,14,17,113,17,8,36,10,54,65,56,26,30,120,22,8,19,21,10,8,9,29,29,62,39,55,83,65,16,65,97,33,74,44,47,39,31,53,46,23,6,44,21,37,55,17,32,43,7,13,8,40,6,19,10,8,60,25,18,10,5,76,74,92,54,63,45,63,49,19,82,39,9,47,40,11,15,46,3,26,51,24,37,46,49,46,43,13,9,23,6,7,11,41,28,25,5,52,37,29,51,30,12,43,15,,56,34,63,84,87,48,62,26,60,31,23,55,79,78,42,51,71,73,75,41,74,32,26,83,52,107,47,72,,82,23,46,48,8,50,52,29,83,34,56,77,51,54,65,106,75,96,80,99,57,78,88,60,55,75,31,41,63,81,18,50,76,42,14,42,67,106,79,
20190228,22,O3_24h,103,140,88,109,79,135,129,115,94,165,131,127,121,123,104,95,82,101,110,87,60,72,88,119,122,91,68,85,79,91,92,100,130,55,77,25,56,72,81,58,82,63,42,44,83,93,82,75,139,125,127,54,57,39,82,89,33,80,68,66,112,22,20,71,33,47,67,87,107,88,80,93,118,87,57,54,113,120,57,112,94,95,70,122,139,150,138,151,135,137,144,147,137,96,135,144,43,114,79,70,41,96,63,81,20,153,172,9,99,137,92,155,145,124,84,122,87,112,90,111,112,129,97,88,87,67,116,133,143,132,120,131,90,86,81,89,76,85,96,45,75,74,45,90,18,44,65,55,66,73,106,120,97,65,106,110,120,124,110,76,74,84,20,110,86,85,62,86,39,69,121,128,73,48,71,77,59,72,56,59,35,57,50,102,32,21,44,36,49,95,122,88,149,113,117,149,125,111,119,90,96,101,122,94,77,129,92,116,96,94,95,106,82,107,97,110,114,95,123,115,85,111,115,74,80,92,99,92,112,66,71,56,82,100,104,70,117,47,69,100,27,28,53,85,36,45,46,43,80,88,53,43,37,121,130,137,116,112,103,120,103,42,101,105,42,99,83,45,63,100,43,69,73,81,63,72,65,76,68,26,14,33,25,13,31,69,42,40,16,64,49,46,52,49,39,89,70,,56,132,70,103,107,71,89,53,95,87,68,85,97,79,107,86,90,105,93,125,77,56,61,90,66,113,49,100,,94,83,102,79,67,85,81,112,124,90,122,95,83,74,88,119,128,104,85,102,86,99,110,130,107,90,93,97,96,87,99,86,104,78,97,77,74,111,100,
20190228,22,O3_8h,81,83,60,54,31,109,80,99,53,121,105,108,82,82,71,54,56,52,65,69,38,45,57,76,84,55,41,54,46,55,61,69,91,32,45,13,36,48,52,53,71,49,32,30,47,40,63,57,102,76,103,23,33,17,57,65,14,35,23,25,76,14,14,45,25,37,18,69,101,56,63,79,97,64,26,27,82,96,20,89,49,66,41,89,111,124,98,100,94,94,114,115,93,52,96,100,31,95,65,61,25,88,34,72,17,105,112,4,70,109,66,132,112,82,46,68,52,73,45,87,71,54,60,58,53,50,99,107,114,99,97,109,70,55,66,74,63,59,72,36,58,52,38,74,8,34,55,38,45,63,74,98,55,41,63,100,106,94,97,69,74,35,11,110,86,80,58,39,17,47,115,128,62,8,46,33,21,53,21,6,4,36,23,102,21,16,38,6,32,77,95,69,122,74,80,130,84,71,93,54,78,82,95,70,57,121,55,58,60,64,53,65,42,59,63,70,74,67,86,90,47,79,92,52,50,69,69,70,80,46,56,44,48,76,77,49,87,29,50,39,6,20,32,34,17,15,27,23,66,49,32,29,21,100,105,118,86,89,78,98,80,27,92,76,19,68,63,27,42,81,24,42,61,61,43,57,54,60,58,19,10,25,16,9,22,47,28,28,9,45,39,38,38,36,28,65,45,,47,75,55,93,93,57,74,25,73,45,34,77,90,77,82,72,80,90,83,85,69,44,38,85,61,105,44,82,,86,49,77,60,36,69,55,85,109,68,101,85,63,60,79,113,94,102,77,97,71,91,99,96,88,82,80,77,79,76,77,78,97,68,71,68,63,79,86,
20190228,22,O3_8h_24h,87,110,66,88,61,113,97,103,76,125,117,112,86,107,91,80,63,85,90,75,48,60,76,95,106,75,52,68,61,75,81,89,110,48,61,14,45,58,65,54,78,53,37,33,58,88,71,67,121,87,112,43,49,21,69,77,18,62,36,45,93,16,16,58,28,38,59,81,101,66,68,80,102,70,50,48,92,111,50,103,78,83,65,103,120,132,123,136,117,110,130,129,110,67,120,125,36,101,75,65,31,89,45,72,17,114,132,5,85,124,78,138,124,105,69,107,77,87,75,102,96,100,83,72,75,53,101,113,129,107,108,115,81,66,73,79,71,76,85,38,69,63,39,80,10,35,59,47,59,68,90,112,65,52,84,101,113,110,97,72,74,68,12,110,86,85,58,75,29,51,119,128,62,46,53,67,46,59,43,48,28,55,43,102,28,19,42,32,45,83,113,78,131,102,108,135,105,96,104,82,90,89,110,89,69,124,81,87,81,82,83,95,58,83,80,103,106,86,117,102,71,97,104,65,55,85,81,78,99,51,63,52,66,91,93,61,105,41,61,95,23,25,44,73,27,41,38,42,70,86,43,39,32,101,111,124,104,102,83,110,94,32,93,91,33,86,77,38,55,96,34,59,67,70,58,64,63,69,60,22,11,27,22,11,28,57,38,34,11,48,41,40,38,36,33,74,53,,47,95,63,97,97,57,83,52,81,83,65,79,94,78,94,80,86,96,83,99,72,44,57,87,63,105,44,89,,90,71,86,69,50,71,68,99,113,85,112,85,76,62,83,113,97,103,78,97,72,93,99,104,96,83,89,87,79,76,82,80,98,72,85,70,66,80,86,
20190228,22,CO,1.65,1.31,3.17,1.32,3.16,0.70,2.58,0.78,1.18,1.70,0.97,0.80,1.08,1.30,1.77,1.63,1.11,1.54,2.12,0.54,1.14,0.66,0.65,1.53,1.14,0.60,1.23,0.77,0.68,1.08,1.14,0.55,0.87,1.04,0.93,0.70,0.83,1.27,0.70,0.50,0.53,0.60,0.63,0.93,1.01,0.62,0.57,0.97,1.30,1.20,0.59,1.22,0.97,1.36,0.61,0.57,1.30,1.73,1.50,1.36,0.84,1.23,1.36,0.50,1.04,0.82,0.92,0.62,0.46,1.39,0.80,1.77,1.22,2.50,1.00,0.85,1.60,0.72,1.18,2.45,1.37,1.60,0.57,1.18,0.97,0.95,1.77,1.93,1.22,1.60,1.73,1.05,1.23,0.80,1.77,0.97,1.30,0.63,0.48,0.55,1.15,0.57,1.40,0.80,1.20,0.85,0.80,1.10,0.87,0.87,1.68,1.10,2.80,1.84,2.02,2.53,1.52,1.82,1.94,1.12,2.65,1.78,1.15,0.67,0.97,0.67,0.51,0.97,0.77,1.13,0.83,0.80,0.82,0.90,0.84,0.92,0.47,0.83,1.23,1.13,0.45,0.57,0.78,0.34,0.90,0.77,0.82,0.82,0.48,0.65,1.07,1.30,2.40,1.17,1.03,1.10,0.80,0.75,0.74,0.60,1.85,1.05,1.90,1.05,1.20,1.65,1.55,3.15,3.10,1.70,1.80,2.05,2.85,0.83,0.65,0.60,0.65,0.50,1.35,1.13,2.90,1.45,1.60,0.20,1.00,1.00,0.70,1.40,1.90,0.63,0.80,0.80,1.30,1.00,0.85,0.76,1.50,1.20,1.00,1.73,0.40,1.05,0.55,1.30,0.45,1.00,1.26,3.10,1.33,1.48,1.83,2.10,1.15,1.55,2.05,0.90,0.93,1.07,1.63,1.70,1.85,1.63,1.20,0.90,4.15,0.50,0.82,0.70,0.90,0.62,0.83,0.70,1.05,0.65,1.00,0.73,0.35,0.70,0.77,0.68,0.97,1.07,1.00,0.50,1.02,1.43,1.33,0.82,1.23,0.90,1.07,1.13,0.95,0.43,0.82,0.72,0.97,0.65,1.00,0.60,0.53,1.14,0.85,0.90,1.07,0.55,0.90,1.30,1.13,0.77,1.10,0.86,0.73,1.10,0.82,0.63,0.85,0.75,0.55,1.20,1.30,1.07,1.10,1.20,1.30,0.85,1.10,1.05,1.25,0.97,0.77,1.02,0.73,0.77,1.05,0.87,0.87,,0.68,0.90,0.40,0.65,0.53,0.90,0.75,0.95,0.20,0.75,0.50,0.45,0.60,0.55,0.60,0.85,0.60,0.47,0.65,1.05,0.60,1.00,0.75,0.40,0.35,0.45,0.50,1.05,,0.35,1.63,1.87,0.90,1.30,0.95,0.65,2.00,1.05,0.85,1.15,0.85,0.85,1.10,0.95,1.00,0.90,0.80,1.10,0.80,1.10,0.60,1.10,0.60,0.90,1.15,2.30,0.75,1.85,0.90,0.90,1.40,1.15,0.50,2.33,1.20,0.20,1.85,1.30,
20190228,22,CO_24h,0.94,1.64,2.37,1.40,2.34,1.00,1.98,0.80,0.83,1.42,1.07,1.05,1.97,1.37,1.30,2.19,1.49,1.14,1.21,0.60,0.80,0.77,0.47,1.33,1.19,0.47,1.04,0.75,0.50,0.67,0.98,0.60,0.83,0.92,0.77,0.90,0.77,1.00,0.80,0.53,0.50,0.70,0.53,0.87,0.61,0.60,0.67,1.04,1.04,1.09,0.63,0.80,0.81,1.57,0.63,0.52,1.50,1.23,1.40,1.16,0.78,1.40,1.30,0.50,0.94,0.93,0.86,0.60,0.46,1.20,1.30,1.50,1.36,2.08,0.75,0.63,1.90,0.78,1.40,1.65,1.17,1.90,0.60,1.18,0.87,0.85,1.43,1.70,0.98,1.62,1.50,1.00,1.07,0.80,1.53,1.27,1.22,0.82,0.50,0.60,1.00,0.67,1.35,1.20,1.30,1.00,1.20,1.85,1.30,0.80,2.38,1.52,2.04,1.55,0.85,2.72,1.70,2.77,1.56,0.95,1.78,1.40,0.73,0.60,0.63,0.83,0.71,1.20,0.73,1.37,0.80,0.97,0.76,1.10,0.80,0.98,0.50,0.93,0.80,1.12,0.50,0.60,0.76,0.52,0.83,0.80,0.88,0.80,0.66,0.65,1.10,1.10,1.57,1.07,0.90,1.00,0.90,0.70,0.78,0.73,2.35,1.05,1.40,0.75,0.80,2.45,3.00,2.75,3.10,3.20,1.95,1.70,2.30,0.87,0.55,0.70,0.80,0.50,1.00,0.83,2.10,1.40,1.15,0.20,1.00,0.80,0.70,0.90,2.00,0.65,0.85,0.80,1.64,1.00,1.13,1.28,1.20,1.10,1.63,0.67,0.35,1.00,0.55,0.67,0.30,0.70,0.98,2.38,1.30,1.27,1.37,1.40,1.55,1.40,0.90,0.45,0.77,1.17,1.43,1.50,1.55,1.35,1.00,0.60,1.90,0.40,0.75,0.66,0.93,0.63,0.73,0.67,0.60,0.63,0.90,0.60,0.45,0.60,0.70,0.77,1.03,1.00,0.90,0.50,0.80,1.38,1.07,0.57,1.38,0.72,1.23,0.90,1.05,0.77,1.05,0.73,1.00,0.72,1.04,0.53,0.57,1.12,1.00,0.95,0.67,0.70,0.80,0.80,0.67,0.80,1.05,0.74,0.80,1.00,0.85,0.63,0.90,0.73,0.65,1.18,1.60,1.07,1.03,1.25,1.35,0.85,1.00,1.00,1.15,1.00,0.80,1.00,0.90,0.83,0.90,0.80,0.73,,0.77,0.50,0.35,0.60,0.80,0.87,0.80,0.90,0.30,0.80,0.50,0.45,0.80,0.60,0.50,0.75,0.65,0.60,0.65,0.75,0.65,0.90,0.65,0.50,0.40,0.45,0.60,0.90,,0.35,1.27,1.57,0.90,1.10,1.00,0.80,1.20,0.95,0.80,0.85,0.90,0.90,1.20,0.85,0.80,0.90,0.70,0.90,0.90,1.10,0.50,0.30,0.63,0.85,1.25,1.70,1.05,2.10,0.60,1.20,0.60,1.60,0.70,2.23,1.00,0.80,1.70,2.10,
20190228,23,AQI,232,183,332,211,229,110,348,59,85,239,149,120,146,130,106,208,79,157,380,43,95,74,64,79,143,89,80,86,91,95,109,63,91,78,51,56,79,57,66,58,49,64,37,39,106,14,28,51,177,164,76,76,64,61,39,39,54,74,56,71,47,59,47,19,69,76,51,24,37,131,49,71,69,237,73,63,81,81,109,220,109,105,30,156,156,166,200,215,187,278,242,94,176,111,235,193,27,23,29,36,40,27,47,47,39,42,37,63,36,103,82,126,196,212,102,240,133,120,148,116,387,176,226,76,66,91,94,85,85,135,76,101,126,66,50,58,47,37,56,41,22,71,50,19,84,86,78,86,33,33,220,161,136,111,143,67,95,46,83,417,,,,,,,,,,,,,,,,,,,,,,,,,,,,,,76,80,58,177,126,98,93,201,110,80,100,36,113,57,146,59,93,113,203,225,89,204,171,79,84,170,150,60,186,324,375,411,387,237,57,500,86,94,106,124,83,100,28,96,130,110,94,101,81,89,14,11,11,59,17,52,58,62,51,19,53,58,52,55,88,80,101,74,54,91,134,66,73,76,74,90,73,43,89,81,52,62,66,44,69,35,54,52,54,40,30,65,59,39,44,44,21,19,46,64,73,63,75,75,68,79,69,94,83,64,40,27,27,26,49,51,27,41,31,26,22,27,23,58,54,23,53,59,69,29,48,33,24,27,33,22,54,,25,86,121,64,55,56,61,139,124,79,98,103,45,37,43,43,111,73,64,47,34,25,38,81,95,81,141,69,227,62,415,133,150,121,112,36,20,248,143,
20190228,23,PM2.5,182,138,282,161,179,83,298,35,46,189,114,91,112,99,77,158,58,120,330,27,71,54,46,57,109,66,59,64,68,71,82,36,68,57,31,40,58,37,48,41,26,46,26,27,80,10,14,28,134,125,56,56,46,34,27,27,34,52,29,52,32,42,29,8,50,56,35,17,7,100,34,52,49,187,53,45,58,49,82,170,82,79,21,119,119,126,150,165,141,228,192,70,133,84,185,145,19,12,15,22,28,19,33,33,27,28,25,37,21,77,54,96,147,162,60,190,101,91,113,88,337,133,176,56,48,68,70,63,63,103,56,76,96,30,35,41,33,26,40,29,13,52,35,7,62,64,57,64,23,16,170,123,104,84,109,29,68,25,61,104,,,,,,,,,,,,,,,,,,,,,,,,,,,,,,56,59,25,134,63,73,69,151,83,55,75,25,85,31,112,19,69,85,153,175,65,154,130,58,62,129,115,43,140,274,325,366,337,187,38,1093,64,70,80,94,61,75,17,72,99,83,70,76,60,66,10,6,5,42,12,31,41,44,36,11,32,41,34,39,65,59,76,54,38,68,102,48,53,56,54,67,53,29,66,60,29,38,48,31,50,23,38,29,35,28,17,42,38,27,22,31,10,13,32,42,53,45,55,55,49,58,50,70,61,46,28,19,11,10,33,36,18,25,22,18,12,13,7,41,27,15,37,42,47,20,30,23,15,13,3,6,20,,5,62,92,46,39,40,44,106,94,58,73,77,30,20,30,30,84,53,46,33,24,11,15,60,71,60,88,23,177,42,88,48,73,41,77,21,10,198,109,
20190228,23,PM2.5_24h,79,157,208,120,103,106,186,27,27,122,118,109,186,98,52,115,90,94,192,31,51,45,36,60,90,52,44,48,52,47,65,43,70,53,32,22,62,37,38,23,19,22,18,19,60,26,42,29,106,97,82,36,40,55,27,27,56,54,57,65,43,81,21,13,58,59,22,18,8,88,46,49,60,157,47,38,61,34,105,113,71,121,54,118,104,90,135,152,110,193,165,57,130,73,180,142,15,36,17,23,27,28,28,34,18,56,50,50,24,61,59,104,136,124,34,113,114,98,114,78,253,168,114,54,44,52,92,112,67,124,70,98,53,43,29,40,34,18,27,18,12,50,52,14,75,65,56,64,18,14,152,127,82,78,100,44,49,42,56,74,,,,,,,,,,,,,,,,,,,,,,,,,,,,,,54,57,49,136,63,100,117,102,80,61,35,18,55,33,50,18,49,73,108,112,46,105,95,64,67,105,49,56,145,239,224,294,268,126,26,445,29,69,75,82,62,55,13,61,68,62,50,59,56,74,36,6,7,35,19,22,39,35,28,11,20,41,24,23,103,86,71,70,64,97,67,53,45,55,69,35,63,31,37,37,32,33,42,41,60,21,44,38,30,35,12,45,30,17,21,41,13,8,24,33,45,49,61,59,54,46,45,47,58,58,17,11,13,22,19,40,19,22,27,12,14,16,4,31,22,14,34,35,36,14,21,18,13,12,7,11,18,7,4,51,89,54,43,43,46,73,81,60,48,63,37,31,21,18,62,39,33,29,17,11,9,57,61,48,46,30,180,38,74,39,84,36,68,15,6,186,153,
20190228,23,PM10,178,149,428,218,259,149,374,68,119,264,159,128,218,157,162,230,89,129,330,43,127,77,71,107,186,85,99,83,89,105,161,76,96,93,52,55,84,64,69,65,49,58,34,33,103,11,28,51,215,195,78,78,49,72,39,38,57,97,62,63,47,52,47,19,74,82,52,23,37,179,46,73,88,242,63,53,111,112,137,212,98,148,26,203,173,183,174,247,224,322,278,136,187,137,242,215,23,21,29,36,34,22,40,,33,42,37,75,36,138,113,129,199,223,153,263,167,154,181,122,336,187,178,70,73,64,96,82,81,152,70,89,122,81,49,43,44,30,55,36,22,71,38,12,76,78,83,85,30,33,191,149,143,74,166,83,140,46,83,517,,,,,,,,,,,,,,,,,,,,,,,,,,,,,,82,93,65,215,202,135,103,199,141,110,140,27,157,64,142,68,79,138,220,228,127,229,170,86,92,174,166,63,177,313,364,414,342,267,63,1266,,105,125,122,71,72,28,97,119,155,91,91,65,79,14,7,8,55,17,53,60,73,49,15,55,53,54,52,93,88,89,72,57,98,111,61,84,90,81,105,68,43,92,80,53,74,50,29,64,35,49,54,58,40,30,79,68,39,44,42,21,10,41,77,72,73,58,61,79,79,78,82,87,60,23,24,27,24,49,48,27,41,30,,22,27,12,57,57,21,44,58,88,,48,26,,27,19,22,58,,6,122,102,58,54,55,56,171,127,77,138,82,45,37,42,35,,64,75,44,26,25,38,76,91,67,231,87,234,73,515,216,249,192,174,36,16,245,138,
20190228,23,PM10_24h,101,182,313,184,171,180,255,70,78,185,168,155,267,149,108,166,124,117,201,40,75,59,50,97,142,73,71,62,65,64,99,64,108,78,48,31,82,51,53,35,31,33,23,26,80,32,60,46,162,152,101,48,45,107,42,41,109,76,112,82,59,117,38,28,77,87,42,30,33,148,66,71,102,191,57,45,123,79,161,150,84,176,51,180,159,140,153,205,185,289,236,112,175,125,238,197,17,47,27,41,42,44,37,46,28,68,75,86,45,107,112,139,189,175,85,168,168,153,152,98,336,218,137,48,58,51,122,143,84,187,92,126,62,85,41,42,45,26,42,27,24,70,58,29,95,82,78,86,26,31,152,149,103,86,143,94,121,74,76,362,,,,,,,,,,,,,,,,,,,,,,,,,,,,,,75,89,92,206,157,155,168,138,122,141,70,23,119,61,68,78,70,113,150,155,88,154,114,86,95,129,78,71,175,298,270,338,258,184,49,494,41,98,106,101,73,45,22,71,93,102,69,81,61,75,41,12,9,50,19,36,55,52,40,18,39,53,37,37,136,124,87,74,85,120,86,78,75,84,91,60,78,47,59,50,49,56,48,41,69,29,56,60,43,47,28,70,49,24,26,57,18,15,35,52,65,67,71,69,84,66,67,56,72,72,23,18,26,41,24,54,29,40,33,16,20,41,23,50,44,22,53,52,59,18,39,27,12,23,32,40,41,8,11,92,118,63,60,58,67,117,160,84,118,72,46,50,39,25,69,50,49,38,32,34,29,70,73,70,147,82,240,68,296,204,274,165,106,38,18,221,214,
20190228,23,SO2,10,16,48,23,44,14,33,10,11,15,31,19,38,28,25,47,25,19,30,7,11,4,9,26,16,6,11,11,11,6,6,6,7,9,7,7,7,8,10,4,6,5,6,5,5,4,6,3,25,63,10,8,5,6,4,6,10,14,7,8,9,12,7,5,11,7,18,10,3,9,7,14,9,9,11,7,28,18,5,33,63,40,10,49,15,19,26,62,25,27,21,14,19,15,19,23,7,7,4,2,7,6,6,5,7,8,9,14,10,8,46,21,39,41,41,50,32,22,73,20,33,12,15,5,8,9,7,9,10,9,13,11,8,27,5,5,2,6,8,9,3,6,8,9,7,7,3,4,10,11,7,25,14,6,10,45,7,11,5,5,,,,,,,,,,,,,,,,,,,,,,,,,,,,,,5,10,3,25,74,36,7,49,61,27,26,4,19,26,15,8,14,57,58,34,61,20,14,15,13,15,17,9,12,6,8,4,14,15,13,18,22,8,23,15,11,8,10,7,5,6,5,4,6,7,4,5,3,11,8,6,13,19,14,3,6,15,6,27,11,19,12,6,8,6,6,3,8,9,7,6,18,6,3,10,6,5,7,12,4,5,9,3,4,9,9,6,9,7,8,29,7,7,7,3,9,8,7,3,5,8,12,7,302,4,9,20,18,13,20,3,7,4,45,4,5,12,7,5,9,10,11,10,7,5,5,8,6,4,4,8,4,,3,10,31,10,12,20,19,18,16,8,18,8,7,7,17,5,15,46,14,14,24,8,6,11,12,7,26,4,32,11,11,9,18,22,41,3,3,13,7,
20190228,23,SO2_24h,7,22,40,25,31,17,30,14,11,16,26,19,46,27,20,49,28,21,23,7,9,6,9,23,16,9,12,11,11,7,6,9,8,9,7,7,10,7,7,4,5,5,5,6,3,4,6,4,23,21,11,6,5,6,5,6,11,8,8,11,8,13,7,5,11,8,14,12,3,8,13,15,15,10,10,8,35,21,17,45,28,105,10,28,19,16,28,36,32,22,26,15,21,14,23,30,6,8,4,4,6,7,6,6,7,14,16,15,12,9,53,20,32,38,24,46,31,31,66,15,25,12,13,5,8,10,10,15,12,13,11,11,8,15,4,8,2,7,6,9,2,6,9,14,12,7,4,5,11,13,7,14,10,7,8,20,9,18,5,6,,,,,,,,,,,,,,,,,,,,,,,,,,,,,,5,10,4,25,55,44,15,41,39,83,12,3,34,23,8,8,13,66,43,29,32,26,16,26,28,12,14,11,13,18,14,9,17,12,17,14,22,11,17,16,12,9,10,8,4,10,7,4,8,7,5,7,4,12,7,6,9,17,14,4,8,13,5,15,15,17,13,6,8,7,6,4,9,11,11,6,12,6,4,7,6,4,7,13,5,5,6,4,3,7,8,7,8,7,8,16,7,7,7,4,9,11,8,4,9,12,9,6,63,5,10,19,16,15,20,2,12,8,29,5,5,10,7,5,9,13,24,10,6,4,7,8,6,4,4,9,4,6,3,9,18,13,32,16,14,10,14,7,22,8,13,9,17,11,12,22,15,11,24,6,5,13,12,8,16,14,25,13,10,6,12,21,26,4,3,11,16,
20190228,23,NO2,74,94,124,122,130,33,104,14,60,73,49,39,81,103,84,103,66,71,97,70,85,85,62,57,79,55,72,106,72,71,70,60,59,68,76,46,68,77,62,20,25,59,27,32,77,28,20,48,108,91,37,62,53,48,25,42,46,77,57,58,22,47,36,11,55,53,24,27,5,83,42,34,27,97,53,36,79,45,77,60,67,69,33,89,40,48,78,104,90,100,70,63,61,110,48,105,22,14,6,9,22,4,22,7,37,7,15,29,31,43,59,29,62,97,59,100,63,57,93,50,68,60,50,70,69,31,27,34,39,47,42,25,33,58,32,41,12,22,25,20,5,45,28,25,38,19,46,35,24,12,46,68,77,42,86,19,53,30,30,19,,,,,,,,,,,,,,,,,,,,,,,,,,,,,,37,36,26,70,70,79,16,101,93,62,64,25,24,58,42,23,14,50,89,78,52,63,55,38,45,50,44,31,47,27,37,53,36,38,22,102,13,52,42,95,28,24,23,98,46,84,23,50,51,59,24,22,18,30,18,25,24,45,31,12,44,39,26,39,28,39,27,46,36,42,37,33,45,31,34,61,47,21,47,35,46,36,31,24,65,18,26,11,16,23,15,23,21,24,17,28,14,14,20,33,31,30,26,21,37,58,58,41,49,17,9,11,9,24,15,22,14,13,28,19,13,11,4,25,13,10,12,19,50,7,19,18,7,13,3,9,4,,5,48,78,49,52,30,25,58,37,54,45,17,16,31,22,13,46,31,16,11,32,14,22,33,31,17,98,38,56,35,50,30,63,34,89,11,18,56,26,
20190228,23,NO2_24h,55,85,95,83,86,38,80,18,35,73,51,47,78,67,54,77,72,52,55,45,51,53,33,63,53,37,53,49,40,36,39,30,47,50,42,52,53,47,43,26,17,38,30,29,47,27,25,31,62,72,41,44,33,58,30,31,58,71,63,72,29,49,30,10,40,55,26,23,6,59,58,41,51,79,30,35,57,36,71,45,47,70,30,64,47,42,59,68,54,71,69,39,60,77,52,76,18,24,7,11,20,10,21,22,28,23,35,32,28,25,47,37,54,63,31,68,59,56,74,32,44,51,39,45,42,29,40,45,29,56,35,37,30,42,23,30,14,18,14,17,5,40,30,28,39,21,39,30,21,12,47,39,48,37,56,22,43,33,35,26,,,,,,,,,,,,,,,,,,,,,,,,,,,,,,28,33,42,58,53,64,37,66,57,58,27,12,35,37,20,10,13,39,66,62,34,50,36,35,32,24,26,22,40,34,38,46,38,42,18,50,14,50,35,62,36,17,17,50,41,51,30,42,44,41,26,20,15,23,20,20,24,33,20,17,22,29,17,25,38,53,24,28,39,45,26,33,38,29,43,40,33,13,34,23,28,29,29,23,26,19,23,11,13,18,14,28,17,17,14,24,11,14,16,25,41,30,30,31,44,32,44,26,28,32,9,13,10,25,13,13,18,17,20,12,13,13,7,25,11,16,16,18,28,10,23,12,5,8,3,8,3,13,6,37,69,33,42,32,35,36,31,30,35,20,22,29,21,13,33,22,16,18,16,10,20,30,32,28,41,40,64,29,42,10,40,30,57,10,18,41,34,
20190228,23,O3,50,35,7,8,5,70,26,85,9,64,72,80,28,9,11,14,39,19,22,39,14,10,34,61,16,39,8,9,13,16,12,32,52,5,15,17,10,15,19,50,50,16,29,16,5,40,47,24,34,46,69,6,8,5,54,41,7,3,3,3,50,5,10,37,15,20,22,54,107,12,47,75,79,41,3,16,27,72,6,50,27,22,31,30,85,81,48,22,26,29,73,41,67,12,108,41,22,73,61,51,11,80,24,80,7,80,74,3,21,61,20,113,52,22,8,16,24,30,10,47,24,17,44,13,10,31,81,67,64,55,51,97,50,23,46,38,61,50,17,31,48,30,41,61,3,37,28,30,44,53,39,38,4,16,8,87,54,57,84,49,,,,,,,,,,,,,,,,,,,,,,,,,,,,,,44,62,58,46,16,25,112,17,5,35,16,48,90,34,23,28,117,16,7,17,19,7,8,17,24,10,48,34,56,83,65,24,66,98,40,84,60,46,43,10,48,43,31,9,47,16,34,49,31,28,39,8,13,6,46,6,19,11,7,60,20,14,14,3,63,64,82,35,58,45,62,52,20,80,55,8,37,32,20,10,35,2,28,48,16,34,45,50,48,46,17,10,19,7,5,7,41,32,21,4,58,30,36,48,32,10,41,16,,56,36,44,82,84,50,52,25,62,33,21,47,76,72,45,47,75,61,62,28,71,26,23,77,59,105,47,74,,79,20,25,21,11,54,53,43,74,25,60,77,54,50,60,101,60,82,78,103,51,74,89,63,55,74,11,50,59,73,38,42,55,45,22,48,65,77,77,
20190228,23,O3_24h,103,140,88,109,79,135,129,115,94,165,131,127,121,123,104,95,83,100,110,87,60,72,88,119,122,91,68,85,79,91,92,100,130,55,77,25,56,72,81,58,81,63,42,44,83,92,82,75,139,127,127,52,54,39,83,89,33,80,68,66,112,22,20,71,33,47,67,87,108,91,80,93,118,87,55,54,113,120,57,112,94,95,70,122,139,150,138,151,135,137,144,147,137,96,135,144,43,114,78,70,41,96,52,81,20,153,172,9,99,137,92,155,145,124,84,122,87,112,90,111,112,129,89,88,87,67,116,133,143,132,120,131,90,86,81,89,76,85,96,45,75,74,46,90,18,44,65,54,66,73,106,120,97,65,106,110,120,124,110,76,,,,,,,,,,,,,,,,,,,,,,,,,,,,,,95,122,88,149,113,117,149,125,111,119,90,96,101,122,94,77,129,92,116,96,94,95,106,82,107,97,110,114,95,120,115,78,107,115,74,86,92,99,92,112,66,71,56,82,100,104,70,117,47,69,99,27,28,53,81,36,43,46,42,80,88,52,43,37,121,130,137,116,112,103,120,103,42,101,105,42,99,83,44,63,100,43,69,73,81,62,70,65,76,68,26,14,33,25,13,31,69,42,40,16,61,49,46,53,49,38,89,70,74,57,132,70,103,107,71,89,53,95,87,68,85,97,79,107,86,90,105,93,125,77,56,61,90,84,113,49,100,84,94,83,102,79,67,85,79,112,124,90,122,95,83,64,88,119,128,104,85,103,86,99,110,130,107,90,99,97,96,87,99,86,104,78,97,77,74,111,100,
20190228,23,O3_8h,77,71,53,44,22,102,68,95,43,113,98,103,77,68,59,44,54,42,54,64,32,37,51,69,61,48,34,46,39,47,51,62,81,26,38,14,31,41,46,53,69,45,31,29,38,39,59,52,90,68,96,19,27,14,55,61,11,26,15,21,68,12,14,41,24,34,18,65,102,45,61,78,95,60,21,24,73,91,16,81,41,57,37,78,105,117,87,86,81,85,105,101,85,44,94,87,29,90,64,58,21,88,32,73,15,97,99,4,60,99,58,127,101,71,36,55,45,65,36,80,62,42,52,49,46,47,95,99,104,92,89,106,66,48,62,68,61,58,63,35,56,47,38,71,6,35,51,35,45,61,67,88,43,36,51,99,98,86,96,66,,,,,,,,,,,,,,,,,,,,,,,,,,,,,,71,87,69,108,63,70,125,71,59,84,45,72,82,84,61,51,120,46,44,50,55,42,52,35,51,52,63,64,63,85,84,41,75,92,49,54,65,63,64,68,45,53,42,39,70,68,46,78,27,45,39,7,19,26,36,14,15,23,20,64,43,27,26,17,94,97,111,76,83,72,90,74,26,91,70,16,61,57,29,36,74,20,40,58,52,42,55,52,58,56,18,9,23,14,8,20,45,27,27,8,46,37,37,40,36,25,60,39,26,49,68,52,91,92,58,69,23,69,42,30,72,88,77,74,68,79,85,79,73,69,42,35,84,76,106,45,79,83,84,43,68,53,29,66,52,78,103,61,93,84,60,59,76,111,84,99,77,98,69,88,98,91,82,81,77,71,78,76,72,73,92,64,64,65,66,81,86,
20190228,23,O3_8h_24h,87,110,66,88,61,113,97,103,76,125,117,112,86,107,91,80,64,85,90,75,48,60,76,95,106,75,52,68,61,75,81,89,110,48,61,14,45,58,65,54,78,53,37,33,58,88,71,67,121,88,112,43,49,21,71,77,18,62,36,45,93,16,16,58,28,39,59,81,102,65,68,80,103,70,50,48,92,111,50,103,78,83,65,103,120,132,123,136,117,110,130,129,110,67,120,125,36,101,75,65,31,89,45,73,17,114,132,5,85,124,78,138,124,105,69,107,77,87,75,102,96,100,76,72,75,53,101,113,129,107,108,115,81,66,73,79,71,76,85,38,69,63,40,80,10,35,59,47,59,68,90,112,65,52,84,101,113,110,97,72,,,,,,,,,,,,,,,,,,,,,,,,,,,,,,83,113,78,131,102,108,135,105,96,104,82,90,89,110,89,69,124,81,87,81,82,83,95,58,83,80,103,106,86,117,102,71,97,104,65,56,85,81,78,99,52,63,52,66,91,93,61,105,41,61,95,23,25,44,73,27,41,38,42,70,86,43,39,32,101,111,124,104,102,83,110,94,32,93,91,33,86,77,38,55,96,34,59,67,70,58,64,63,69,60,22,11,27,22,11,28,57,38,34,11,48,41,40,40,37,33,74,53,69,49,95,63,97,97,58,83,52,81,83,65,79,94,78,94,80,86,96,83,99,72,44,57,87,80,106,45,89,83,90,71,86,69,50,71,68,99,113,85,112,85,76,62,83,113,97,103,78,98,72,93,99,104,96,83,92,87,79,76,82,80,98,72,85,70,66,81,86,
20190228,23,CO,1.54,1.36,3.21,1.45,3.44,0.70,2.78,0.75,1.13,1.82,1.03,0.85,1.85,1.30,1.52,1.94,1.18,1.61,2.17,0.57,1.14,0.71,0.55,1.37,1.13,0.53,1.19,0.83,0.65,0.85,1.16,0.57,0.83,1.07,0.99,0.73,0.83,1.30,0.73,0.50,0.60,0.60,0.63,0.93,1.02,0.58,0.63,0.99,1.23,1.35,0.54,1.26,1.01,1.37,0.60,0.57,1.30,1.67,1.47,1.40,0.82,1.20,1.34,0.53,1.04,0.80,0.88,0.52,0.48,1.41,0.83,1.27,1.10,2.43,0.97,0.78,1.82,0.68,1.07,2.25,1.33,1.65,0.57,1.13,0.93,0.90,1.67,2.33,1.34,2.08,1.38,1.15,0.97,1.00,1.63,1.15,1.38,0.62,0.48,0.60,1.10,0.57,1.40,0.75,1.25,0.75,0.72,1.25,1.83,0.83,2.18,1.12,2.44,1.92,1.92,2.57,1.42,1.85,2.04,1.23,2.58,1.66,0.95,0.73,0.75,0.65,0.53,0.83,0.80,1.00,0.90,0.73,0.80,1.00,0.82,0.97,0.47,0.80,1.37,1.13,0.45,0.52,0.80,0.30,0.90,0.73,0.88,0.80,0.52,0.60,1.10,1.13,2.03,1.11,1.03,1.05,0.90,0.70,0.76,0.63,,,,,,,,,,,,,,,,,,,,,,,,,,,,,,0.65,0.90,0.70,1.44,1.20,1.10,0.76,1.50,1.17,1.17,1.77,0.40,0.60,0.70,1.43,0.45,0.90,1.24,2.88,1.35,1.62,1.57,1.80,1.10,1.55,1.55,0.90,0.87,1.23,1.70,1.67,1.80,1.63,1.40,0.80,4.45,0.40,0.78,0.70,1.07,0.65,0.80,0.67,1.15,0.70,1.10,0.80,0.30,0.70,0.77,0.63,0.93,1.07,0.97,0.50,1.00,1.32,1.47,0.82,1.25,0.78,1.03,1.08,0.95,0.47,0.85,0.70,1.03,0.70,0.90,0.57,0.47,1.18,0.85,0.73,0.97,0.55,0.90,1.00,1.17,0.80,1.30,0.82,0.73,1.10,0.77,0.63,0.77,0.85,0.45,1.13,1.30,1.13,1.03,1.25,1.40,0.85,1.10,1.05,1.25,0.90,0.80,0.98,0.73,0.73,1.08,0.90,0.90,0.70,0.63,0.60,0.40,0.68,0.57,0.83,0.75,1.00,0.10,0.70,0.40,0.50,0.55,0.60,0.50,0.85,0.60,0.50,0.65,1.10,0.60,1.10,0.75,0.60,0.40,0.45,0.50,1.00,,0.45,1.50,2.73,1.05,1.25,0.85,0.70,1.60,1.00,0.80,0.95,0.95,0.80,1.20,0.90,1.00,0.90,1.00,1.00,0.80,1.30,0.70,1.10,0.77,0.90,1.15,3.15,0.70,1.70,1.20,0.85,1.50,1.70,0.80,3.40,1.10,0.30,2.05,1.10,
20190228,23,CO_24h,0.95,1.66,2.39,1.32,2.38,0.95,1.98,0.80,0.90,1.45,1.03,1.00,1.95,1.34,1.27,2.21,1.48,1.16,1.24,0.60,0.82,0.79,0.47,1.33,1.17,0.47,1.05,0.75,0.50,0.67,1.00,0.60,0.83,0.92,0.77,0.90,0.77,1.00,0.80,0.53,0.50,0.70,0.53,0.87,0.66,0.58,0.67,1.04,1.04,1.09,0.63,0.80,0.82,1.52,0.64,0.50,1.49,1.23,1.43,1.20,0.78,1.40,1.30,0.48,0.94,0.93,0.87,0.60,0.46,1.22,1.30,1.50,1.36,2.13,0.77,0.63,1.88,0.76,1.43,1.65,1.17,1.88,0.57,1.15,0.87,0.85,1.43,1.68,1.02,1.62,1.42,1.00,1.03,0.80,1.53,1.25,1.22,0.82,0.50,0.60,1.00,0.67,1.35,1.20,1.25,1.00,1.17,1.75,1.33,0.80,2.27,1.50,2.04,1.55,0.90,2.70,1.68,2.72,1.56,0.95,1.78,1.32,0.74,0.60,0.63,0.80,0.69,1.20,0.73,1.33,0.80,0.93,0.76,1.10,0.78,0.98,0.50,0.90,0.80,1.12,0.45,0.60,0.76,0.52,0.83,0.80,0.88,0.80,0.66,0.65,1.10,1.10,1.53,1.07,0.90,1.00,0.90,0.70,0.78,0.70,,,,,,,,,,,,,,,,,,,,,,,,,,,,,,0.65,0.85,0.80,1.64,1.00,1.15,1.24,1.20,1.10,1.60,0.73,0.35,0.90,0.55,0.63,0.30,0.70,0.98,2.35,1.30,1.27,1.37,1.40,1.55,1.50,0.95,0.50,0.77,1.17,1.43,1.50,1.55,1.32,1.00,0.60,2.00,0.40,0.75,0.66,0.93,0.63,0.73,0.67,0.60,0.63,0.90,0.60,0.45,0.60,0.70,0.75,1.07,1.00,0.90,0.50,0.82,1.38,1.10,0.60,1.38,0.72,1.23,0.90,1.05,0.77,1.05,0.73,1.00,0.72,1.02,0.53,0.53,1.14,1.00,0.93,0.70,0.70,0.80,0.80,0.67,0.80,1.10,0.76,0.80,1.00,0.82,0.63,0.90,0.75,0.65,1.18,1.60,1.07,1.03,1.20,1.35,0.85,1.00,1.00,1.15,1.00,0.80,1.00,0.90,0.83,0.90,0.80,0.77,1.00,0.77,0.50,0.35,0.60,0.75,0.87,0.80,0.90,0.20,0.75,0.50,0.45,0.75,0.60,0.45,0.75,0.60,0.60,0.65,0.75,0.60,0.90,0.65,0.50,0.40,0.45,0.60,0.90,0.40,0.35,1.27,1.60,0.95,1.10,1.00,0.80,1.20,0.95,0.80,0.85,0.90,0.90,1.20,0.85,0.80,0.90,0.70,0.90,0.90,1.10,0.50,0.40,0.60,0.85,1.25,1.70,1.00,2.15,0.60,1.20,0.60,1.60,0.70,2.30,1.00,0.70,1.75,2.10,