date,hour,type,北京,天津,石家庄,唐山,秦皇岛,邯郸,保定,张家口,承德,廊坊,沧州,衡水,邢台,太原,呼和浩特,沈阳,大连,长春,哈尔滨,上海,南京,苏州,南通,连云港,徐州,扬州,无锡,常州,镇江,泰州,淮安,盐城,宿迁,杭州,宁波,温州,绍兴,湖州,嘉兴,台州,舟山,金华,衢州,丽水,合肥,福州,厦门,南昌,济南,青岛,郑州,武汉,长沙,广州,深圳,珠海,佛山,中山,江门,东莞,惠州,肇庆,南宁,海口,重庆,成都,贵阳,昆明,拉萨,西安,兰州,西宁,银川,乌鲁木齐,湘潭,株洲,包头,鄂尔多斯,营口,丹东,盘锦,葫芦岛,泉州,临沂,德州,聊城,滨州,淄博,枣庄,烟台,潍坊,济宁,泰安,日照,威海,东营,韶关,汕头,湛江,茂名,梅州,汕尾,河源,阳江,清远,潮州,揭阳,云浮,玉溪,菏泽,大同,长治,临汾,阳泉,赤峰,鞍山,抚顺,本溪,锦州,吉林,齐齐哈尔,牡丹江,大庆,芜湖,马鞍山,九江,洛阳,安阳,开封,焦作,平顶山,三门峡,宜昌,荆州,岳阳,常德,张家界,桂林,北海,柳州,三亚,绵阳,宜宾,攀枝花,泸州,自贡,德阳,南充,遵义,曲靖,咸阳,铜川,延安,宝鸡,渭南,金昌,嘉峪关,石嘴山,克拉玛依,库尔勒,寿光,章丘,即墨,胶南,胶州,莱西,平度,蓬莱,招远,莱州,荣成,文登,乳山,吴江,昆山,常熟,张家港,太仓,句容,江阴,宜兴,金坛,溧阳,海门,临安,富阳,义乌,诸暨,瓦房店,信阳,周口,漳州,晋城,朔州,晋中,运城,忻州,吕梁,乌海,通辽,呼伦贝尔,巴彦淖尔,乌兰察布,兴安盟,锡林郭勒盟,阿拉善盟,阜新,辽阳,铁岭,朝阳,四平,辽源,通化,白山,松原,白城,延边州,鸡西,鹤岗,双鸭山,伊春,佳木斯,七台河,黑河,绥化,大兴安岭地区,蚌埠,淮南,淮北,铜陵,安庆,黄山,滁州,阜阳,宿州,六安,亳州,池州,宣城,莆田,三明,南平,龙岩,宁德,景德镇,萍乡,新余,鹰潭,赣州,吉安,宜春,抚州,上饶,鹤壁,新乡,濮阳,许昌,漯河,南阳,商丘,驻马店,黄石,十堰,襄阳,鄂州,荆门,孝感,黄冈,咸宁,随州,恩施州,衡阳,邵阳,益阳,郴州,永州,怀化,娄底,湘西州,梧州,防城港,钦州,贵港,玉林,百色,贺州,河池,来宾,崇左,广元,遂宁,内江,乐山,眉山,广安,达州,雅安,巴中,资阳,阿坝州,甘孜州,凉山州,六盘水,安顺,铜仁地区,毕节,黔西南州,黔东南州,黔南州,保山,昭通,丽江,普洱,临沧,楚雄州,红河州,文山州,西双版纳州,大理州,德宏州,怒江州,迪庆州,昌都,山南,日喀则,那曲地区,阿里地区,林芝,汉中,榆林,安康,商洛,白银,天水,武威,张掖,平凉,酒泉,庆阳,定西,陇南,临夏州,甘南州,海东地区,海北州,黄南州,海南州,果洛州,玉树州,海西州,吴忠,中卫,固原,吐鲁番地区,哈密地区,昌吉州,博州,阿克苏地区,克州,喀什地区,和田地区,伊犁哈萨克州,塔城地区,阿勒泰地区,石河子,五家渠,三沙
20160913,0,AQI,73,91,135,65,57,68,136,53,31,66,68,58,47,72,41,70,57,60,58,71,72,69,73,78,64,74,76,91,70,59,74,62,86,43,40,37,47,58,60,56,36,88,69,55,81,23,25,67,87,82,47,79,63,41,29,27,49,23,44,33,24,49,45,15,94,100,69,60,39,90,60,48,37,69,76,60,63,22,91,43,54,52,23,91,80,84,76,162,93,54,66,96,108,103,70,60,43,28,22,59,34,31,34,33,52,24,24,64,58,139,51,55,34,56,68,108,51,50,52,56,53,14,35,53,82,57,49,79,134,105,70,64,82,113,84,124,63,58,18,53,10,53,76,75,279,118,48,179,131,68,96,39,48,51,136,54,33,16,60,67,71,109,81,78,81,56,57,50,59,70,123,60,41,79,68,68,62,66,69,74,54,78,75,58,95,43,63,,59,80,81,,47,28,57,37,25,58,71,86,75,47,40,48,27,45,51,76,55,16,67,47,50,55,54,62,12,23,44,28,16,20,21,53,14,26,74,66,52,44,38,36,58,65,75,58,50,17,63,28,25,29,32,26,31,99,57,43,50,55,71,49,56,74,88,87,100,106,87,74,77,58,76,72,54,87,123,74,59,76,103,81,89,71,71,74,72,74,79,56,39,24,31,44,61,65,44,45,35,52,153,94,59,123,156,211,31,79,68,24,39,46,75,56,67,71,38,61,60,56,60,39,49,46,53,154,50,51,61,81,78,39,37,33,24,108,26,19,84,41,63,54,86,54,51,55,71,60,21,60,,51,35,64,35,24,27,59,32,33,27,56,39,62,79,73,84,68,72,145,56,62,65,,59,74,
20160913,0,PM2.5,53,68,103,47,35,49,104,22,14,44,47,29,32,41,21,51,35,41,38,52,48,50,53,57,39,54,56,68,51,42,54,34,64,30,24,25,28,41,43,39,17,65,50,36,57,10,14,31,63,54,28,37,45,24,17,18,34,13,31,23,16,24,25,10,70,75,50,34,12,67,37,20,26,28,46,39,23,15,68,23,38,34,15,66,58,62,56,67,69,34,47,72,81,77,51,43,25,14,15,42,16,15,24,23,29,14,16,33,41,106,21,32,18,22,38,81,26,31,36,32,25,4,19,36,55,34,25,58,102,69,51,46,55,84,62,94,27,41,11,37,4,37,56,47,229,89,20,135,72,49,72,27,20,34,104,6,18,8,18,35,52,82,60,57,60,37,39,27,35,45,34,43,29,58,49,49,43,45,50,54,38,57,55,41,71,30,45,,39,43,41,,16,8,33,19,15,41,35,53,48,28,28,27,8,31,28,56,25,9,38,33,25,28,21,42,5,9,15,14,10,14,15,21,8,17,54,48,29,27,19,18,41,41,55,41,18,9,45,16,12,8,16,10,17,74,38,29,35,39,51,34,40,54,65,40,75,61,44,54,35,33,56,52,32,55,93,54,42,54,77,60,66,52,47,54,50,52,46,33,27,17,16,23,35,34,20,29,23,18,117,70,42,93,119,161,20,58,45,12,27,32,55,40,24,52,23,44,31,21,40,21,34,32,37,118,35,25,44,60,57,15,26,6,17,50,12,12,62,16,45,38,20,32,36,35,52,43,13,39,,23,7,46,10,17,19,37,4,9,19,40,27,18,44,25,62,38,16,73,24,29,39,,27,21,
20160913,0,PM2.5_24h,34,42,76,54,23,60,61,17,16,29,43,24,53,27,15,44,27,38,25,35,40,38,38,40,32,44,54,54,43,63,40,33,38,47,32,17,41,31,40,29,15,40,28,20,38,9,16,21,59,35,60,45,46,18,18,21,25,25,29,23,13,19,22,12,69,70,46,34,13,53,31,25,25,30,40,38,27,15,66,23,19,26,14,47,58,56,49,65,50,36,54,59,67,40,37,38,19,20,14,20,10,12,19,25,19,13,27,19,35,78,22,51,22,27,15,81,36,32,26,20,16,8,16,30,46,33,27,52,67,53,62,45,53,72,60,52,43,28,11,26,5,60,58,38,110,123,44,91,57,45,48,33,26,31,64,15,14,17,13,26,57,70,45,38,47,33,35,26,28,31,26,28,36,40,43,44,40,37,41,62,35,57,47,39,41,45,36,,29,47,39,,29,29,30,34,20,33,30,23,29,31,21,21,7,20,18,59,22,7,22,32,21,31,16,34,8,11,16,12,7,12,22,14,9,6,41,28,21,24,15,14,38,25,42,30,15,16,41,11,8,12,14,7,22,54,35,24,34,36,50,30,25,44,48,33,51,47,49,38,35,42,57,58,35,67,56,45,43,63,47,39,54,38,39,43,48,44,46,17,17,18,12,17,52,23,24,23,17,26,81,77,56,84,64,93,29,61,66,15,29,27,60,47,17,36,28,42,33,15,36,17,29,29,37,82,36,17,36,48,33,15,16,9,10,28,19,8,47,26,41,42,16,27,10,18,44,30,14,21,,12,14,24,11,14,14,15,5,7,13,18,20,28,34,17,23,40,9,22,38,29,27,,19,26,
20160913,0,PM10,75,103,165,65,64,74,216,56,31,82,86,66,47,93,41,87,63,70,66,57,93,78,70,84,77,64,77,93,77,56,98,73,77,42,40,37,47,45,53,61,29,73,69,60,111,19,25,83,123,114,46,108,65,41,29,27,45,19,33,29,24,49,45,15,113,124,81,69,39,104,69,48,34,87,101,69,75,22,105,43,50,54,20,132,110,83,84,274,126,58,81,115,97,140,48,70,43,25,22,54,34,31,33,31,53,16,24,77,63,188,51,59,34,62,85,109,51,50,54,62,56,14,35,55,114,64,49,99,126,159,87,60,114,176,80,149,75,49,15,42,8,52,79,99,233,97,48,189,212,81,91,27,48,52,108,32,33,16,70,83,70,145,95,94,86,62,64,50,68,90,195,62,36,100,79,64,74,82,85,87,49,54,74,59,101,40,74,,68,109,112,,47,28,63,37,24,56,92,122,99,47,39,48,27,45,51,89,60,16,84,43,50,60,57,74,5,23,44,28,16,17,17,55,14,26,89,67,53,44,30,36,63,80,,57,50,17,58,23,25,29,32,26,31,89,64,43,50,57,92,49,60,78,85,124,117,162,123,79,104,65,78,94,57,123,143,78,55,102,119,91,103,78,91,77,93,97,107,62,32,23,31,44,71,79,44,45,35,53,157,96,62,142,184,228,31,69,85,24,,43,89,56,84,84,38,55,69,62,70,39,44,43,43,178,50,51,,62,55,39,6,15,14,165,26,19,83,41,52,51,121,57,,60,79,65,16,69,,51,35,47,35,22,27,67,15,21,24,51,37,73,108,95,96,85,93,239,61,73,80,,68,97,
20160913,0,PM10_24h,51,69,123,82,39,96,103,46,29,53,68,70,85,73,39,68,46,63,42,45,77,62,57,71,66,64,73,87,67,92,74,71,58,64,47,26,55,48,59,55,25,51,39,37,80,25,30,44,127,71,91,102,72,31,31,35,43,42,57,39,26,36,34,25,103,118,78,61,47,110,56,47,56,84,70,63,68,31,101,51,29,42,22,88,104,105,78,108,89,64,94,90,100,61,45,68,34,36,26,34,32,26,31,40,33,34,43,40,53,129,48,83,40,75,34,107,55,55,42,38,46,24,27,48,76,55,56,89,102,96,115,81,99,128,79,88,72,37,26,41,16,96,85,81,114,157,87,139,110,71,93,58,58,60,100,49,40,26,59,71,82,124,67,54,89,48,54,44,55,67,94,44,48,78,55,59,78,60,74,92,51,67,65,47,65,58,54,,52,87,95,,65,43,75,53,37,54,89,44,70,76,36,41,20,31,36,89,45,15,46,44,49,62,38,55,17,37,47,29,17,19,37,41,25,15,66,46,44,43,29,27,56,59,46,44,36,22,55,20,20,20,31,21,36,70,55,38,48,47,81,40,40,74,79,74,92,108,109,63,90,63,90,113,53,107,94,69,63,106,81,67,78,77,65,64,92,76,100,32,24,32,22,24,80,38,47,32,25,73,106,106,75,126,109,144,51,77,124,25,36,44,114,66,57,59,52,63,53,49,73,32,41,39,50,134,55,33,47,53,44,30,8,20,18,89,26,16,88,78,66,84,39,59,18,41,60,55,20,44,,35,33,43,29,23,27,39,17,18,23,38,33,73,91,57,68,67,36,78,208,111,64,,52,88,
20160913,0,SO2,2,11,24,19,12,30,52,12,5,6,29,9,13,49,10,12,7,9,9,14,18,11,27,31,38,1,11,24,22,14,15,16,26,14,11,7,8,23,17,8,9,19,15,3,23,5,11,13,19,17,10,13,16,9,7,13,12,7,11,7,6,8,14,4,13,11,7,18,4,16,5,17,10,8,21,10,15,5,14,9,19,16,7,25,20,20,33,53,26,11,24,81,28,17,17,16,10,8,9,15,5,8,6,7,13,5,4,15,21,47,25,8,25,20,13,7,9,11,23,10,3,4,12,13,14,31,7,37,21,10,28,20,11,23,54,30,4,20,8,19,3,6,12,22,28,15,8,9,12,19,12,6,7,6,10,181,6,13,6,10,18,37,17,13,16,9,7,10,8,9,17,10,7,17,19,12,9,20,37,19,9,16,13,17,3,9,20,,2,22,17,,17,10,38,66,21,27,75,8,7,7,18,5,6,8,31,11,7,17,5,8,6,5,2,7,5,4,3,12,4,8,4,22,8,12,22,17,12,19,36,27,18,14,22,12,42,7,30,6,14,12,9,6,5,32,17,31,25,40,27,11,19,26,10,24,28,59,13,6,30,14,11,7,24,28,10,14,11,10,10,28,32,31,9,17,28,13,3,11,6,17,62,26,8,16,6,8,8,22,15,27,11,6,15,7,27,4,9,13,28,14,22,13,17,24,3,3,10,3,11,8,8,15,11,27,18,5,7,6,11,8,6,5,7,26,9,4,7,7,14,5,9,8,14,12,15,8,5,5,,14,18,21,13,6,14,13,6,11,8,10,2,2,3,9,26,3,1,10,3,7,8,,14,11,
20160913,0,SO2_24h,2,15,18,33,7,14,14,13,6,4,27,10,22,26,13,13,7,7,9,11,17,11,23,24,33,11,14,27,23,23,16,20,17,13,13,6,10,12,14,6,9,13,10,4,14,5,12,9,23,14,24,16,18,8,7,13,12,15,13,17,6,11,12,5,13,26,8,29,5,19,5,25,10,12,24,13,25,8,13,12,20,33,9,15,19,35,22,31,28,14,31,30,26,10,8,28,13,16,12,13,6,9,8,10,15,8,13,17,23,41,23,15,25,26,15,11,15,12,17,9,3,62,13,16,15,23,26,46,25,19,26,30,13,30,31,33,6,14,9,19,3,11,21,38,22,17,14,12,10,20,26,11,8,9,20,105,10,26,6,6,36,26,14,10,17,12,7,10,16,12,13,9,6,11,15,19,8,18,24,25,12,18,11,15,4,17,15,,3,18,22,,34,41,24,61,30,28,82,5,8,13,18,5,9,11,24,19,9,24,6,21,10,13,2,7,5,10,3,12,4,11,7,22,10,12,27,16,16,27,26,25,18,11,29,19,22,14,24,6,9,9,9,6,9,23,26,44,34,34,23,14,13,43,33,17,22,25,17,7,30,18,16,19,24,31,14,14,9,17,7,13,24,25,18,16,20,15,6,9,5,15,12,10,23,14,10,7,8,22,33,31,19,17,13,10,26,6,14,11,32,31,24,30,10,16,15,29,33,3,28,7,11,18,29,61,28,5,10,15,9,9,7,6,8,26,10,4,10,11,38,13,7,9,12,8,10,11,6,6,,15,14,14,13,7,12,11,6,12,8,6,3,4,6,9,24,3,2,7,4,12,8,,16,14,
20160913,0,NO2,69,95,63,37,60,44,108,29,23,57,71,88,52,49,41,59,35,48,47,39,49,55,48,31,47,12,44,42,30,10,22,28,51,38,51,34,45,48,35,20,10,42,29,30,64,13,25,56,85,43,18,84,50,46,20,23,48,16,26,33,14,52,35,7,76,86,43,29,16,65,79,64,19,62,65,46,67,34,57,15,53,53,16,52,22,45,44,93,41,45,45,75,31,101,21,30,22,9,8,17,25,4,22,16,27,8,10,45,35,38,26,36,27,52,23,30,24,24,36,34,18,11,36,49,41,21,16,43,25,26,45,30,48,127,55,90,31,20,11,24,2,31,16,65,51,15,14,15,65,18,36,24,40,33,65,13,21,20,16,33,44,70,25,86,63,36,42,29,36,28,9,16,11,46,54,30,40,48,37,41,18,23,62,23,32,14,43,,17,30,25,,21,23,40,38,50,29,28,57,38,14,67,24,28,11,31,34,24,23,41,15,26,22,58,19,11,15,6,16,7,10,30,19,12,18,59,33,22,22,27,16,45,17,33,26,27,14,49,9,13,12,22,41,9,25,23,18,10,18,21,9,24,33,17,44,86,35,22,45,37,30,20,20,51,92,31,23,21,50,15,30,30,52,40,28,23,33,24,22,14,23,19,26,21,12,40,22,25,35,18,14,22,26,38,80,20,27,12,9,32,12,33,14,40,43,9,61,37,10,27,6,24,15,12,33,49,26,28,5,15,24,7,12,19,12,,9,43,37,15,37,54,26,37,14,49,44,6,30,,19,32,17,19,3,20,23,4,5,10,24,37,21,63,21,34,11,54,41,11,36,12,,67,14,
20160913,0,NO2_24h,38,48,44,51,33,39,37,26,21,46,53,60,43,48,37,47,25,45,41,32,42,54,29,32,36,15,41,41,27,21,15,21,34,37,34,31,39,32,31,17,14,30,23,17,47,18,30,21,56,33,32,44,37,34,25,33,35,35,37,29,13,26,22,11,61,77,36,29,15,61,45,31,34,44,37,31,40,27,34,19,24,32,21,37,35,44,30,44,24,38,30,46,34,39,16,26,19,16,10,10,18,6,14,23,24,10,20,21,25,35,29,37,25,49,22,38,32,33,28,29,17,15,25,27,27,20,20,43,24,28,35,42,38,63,31,29,26,15,10,16,4,39,31,45,41,37,25,30,40,24,43,31,37,44,50,17,28,18,13,24,29,49,26,33,33,24,27,22,22,16,9,16,11,33,31,30,35,27,32,45,27,20,35,11,25,24,39,,20,28,23,,26,27,44,35,32,33,32,23,25,29,46,22,19,10,23,40,20,18,26,31,27,21,30,15,12,19,8,18,9,14,33,21,20,16,34,30,25,24,33,16,44,16,18,27,23,19,32,12,12,9,19,25,7,19,20,15,13,13,18,9,15,45,30,23,33,21,22,26,30,18,35,35,27,59,21,23,13,26,8,23,15,38,21,20,22,29,23,11,11,12,16,18,21,8,24,15,10,48,26,32,37,39,37,63,23,32,23,12,25,22,41,22,20,29,20,40,19,15,24,7,22,8,28,21,39,14,28,15,10,23,9,12,11,21,,6,35,42,22,35,23,25,17,19,50,29,13,23,,18,21,22,13,4,12,15,4,7,13,17,18,30,52,21,14,10,10,18,7,14,11,,40,31,
20160913,0,O3,46,28,80,83,11,26,15,59,16,57,58,61,27,21,41,4,47,4,11,105,74,63,71,84,51,95,70,47,77,106,80,84,81,57,53,61,47,52,50,67,114,47,70,35,105,72,81,24,28,66,150,38,49,18,57,72,25,75,58,41,41,24,14,26,35,8,49,55,87,16,19,33,67,30,23,33,20,50,24,50,9,14,74,62,140,90,42,8,63,51,61,62,101,8,67,80,40,89,57,99,18,85,29,68,52,76,74,4,28,122,37,34,31,33,10,23,10,8,12,7,9,32,16,102,114,92,113,84,98,38,89,40,41,10,64,9,47,79,58,34,33,83,114,15,18,74,75,64,35,87,40,22,6,15,5,89,96,48,86,56,46,37,100,40,58,55,67,64,25,67,75,38,49,46,62,51,68,72,56,67,98,51,46,76,47,76,64,,56,76,85,,27,63,36,22,28,2,75,18,12,74,27,16,25,127,23,11,12,12,13,20,7,10,1,10,37,19,32,24,15,15,44,13,19,18,89,97,81,105,123,47,95,104,89,152,51,48,77,89,36,46,39,3,90,44,37,109,77,70,39,68,100,46,119,95,28,73,86,60,79,56,80,117,42,26,45,81,79,77,23,62,24,54,40,28,45,53,22,19,42,36,56,21,14,41,2,35,14,30,182,103,74,52,46,43,83,27,91,8,59,71,66,77,8,33,63,8,36,59,71,94,12,22,72,33,14,3,29,50,20,37,69,105,70,15,70,51,8,36,44,15,11,97,2,102,47,55,66,58,,63,67,23,55,47,57,52,10,107,63,51,30,60,27,115,62,85,11,35,78,36,23,,25,74,
20160913,0,O3_24h,149,141,220,107,91,183,189,99,115,172,176,172,148,82,95,97,134,74,64,136,243,162,148,156,124,175,169,184,183,162,186,175,199,209,151,119,200,219,181,131,128,145,128,112,171,92,112,95,203,227,193,227,157,134,167,180,197,253,266,157,111,137,60,144,130,218,167,131,125,75,162,126,124,119,151,118,103,104,145,109,108,115,83,212,188,214,115,216,180,147,194,186,208,154,163,179,107,108,107,123,107,100,104,173,114,107,119,88,98,205,71,120,128,103,68,76,134,73,96,86,34,44,64,153,234,137,195,181,171,159,193,181,175,244,195,161,148,111,104,87,45,114,210,139,191,148,158,138,146,145,90,105,71,57,144,113,142,92,136,94,209,192,210,225,206,165,250,160,145,145,117,117,141,198,132,130,163,145,209,178,252,194,155,141,105,148,121,,107,179,184,,78,121,65,92,82,37,121,77,75,117,113,74,88,137,69,91,85,81,76,121,106,92,88,62,57,38,37,39,36,49,69,63,39,71,185,156,139,129,164,95,211,164,187,162,105,76,96,103,80,89,110,97,118,111,89,151,93,122,103,112,159,148,190,205,147,165,174,179,170,153,171,220,163,162,209,161,191,291,107,133,117,160,121,103,137,154,129,75,62,71,104,86,73,93,69,97,77,64,250,192,179,172,165,130,92,58,179,76,113,155,115,145,143,135,207,108,150,130,150,121,86,97,118,121,83,46,118,133,94,59,102,134,105,48,76,96,82,100,124,166,88,151,127,141,76,116,90,115,,94,125,124,128,92,113,125,41,110,115,135,105,115,94,146,121,115,93,101,107,154,98,,100,125,
20160913,0,O3_8h,96,72,135,83,48,82,98,63,56,95,113,99,78,34,64,25,74,15,19,113,139,79,106,103,69,102,89,88,98,119,107,107,101,119,94,85,102,148,93,90,115,86,86,69,126,68,85,53,95,114,156,104,91,44,74,83,85,140,150,78,65,69,30,83,70,59,82,72,103,27,66,83,85,70,65,55,61,75,79,68,48,43,70,130,136,107,80,107,108,90,110,108,129,90,81,118,59,93,84,97,41,86,54,113,70,83,76,46,54,146,45,59,57,61,26,40,45,23,35,27,12,17,28,119,172,104,145,130,129,74,115,82,81,87,134,78,80,85,72,49,32,97,113,58,85,93,106,81,66,94,41,41,34,27,17,98,107,65,94,68,114,75,142,117,137,116,106,117,88,110,82,59,66,77,83,77,96,97,119,97,192,118,96,118,72,91,49,,68,117,117,,41,84,35,39,48,10,90,34,21,79,52,36,45,122,28,31,34,28,26,30,21,26,35,27,42,16,25,27,21,18,39,18,16,34,112,112,88,115,144,68,122,117,120,147,70,43,74,84,37,60,57,46,87,77,59,122,73,92,64,80,124,86,147,144,102,116,104,96,116,77,124,139,94,71,134,99,122,141,58,83,73,96,81,72,70,93,52,37,49,54,63,42,37,48,29,69,51,28,108,126,99,86,61,63,82,38,116,31,51,98,87,95,55,77,82,40,89,73,106,105,41,54,83,77,44,19,55,67,51,34,68,122,83,25,72,70,48,58,70,44,40,115,78,109,56,81,67,82,,81,99,30,97,63,87,89,15,107,85,93,70,69,47,78,95,95,57,75,90,100,67,,51,86,
20160913,0,O3_8h_24h,126,119,188,95,81,130,157,84,99,145,159,165,116,62,80,70,115,54,47,129,207,140,140,134,103,155,152,155,148,150,159,151,158,181,123,98,164,199,162,115,121,131,111,103,148,81,100,86,168,186,174,179,140,111,128,141,162,205,218,131,90,116,51,113,108,120,147,115,117,53,127,111,113,98,117,102,86,99,115,85,92,95,73,190,173,149,103,179,159,128,167,165,177,141,110,147,95,96,86,97,77,87,92,132,99,94,99,78,89,180,64,97,97,89,56,52,103,51,80,60,25,32,50,137,207,118,174,162,152,120,145,151,148,204,175,138,135,103,83,75,37,102,166,103,145,129,128,114,126,116,77,80,51,46,90,108,132,85,120,87,195,175,193,202,190,159,165,152,137,135,108,104,127,141,123,121,148,137,173,147,239,172,132,138,92,123,99,,91,164,153,,64,101,48,79,66,20,107,67,62,107,96,63,79,133,58,60,70,68,61,83,79,77,72,55,51,32,33,36,29,33,49,55,28,61,155,140,123,121,152,79,166,149,166,148,85,60,82,90,74,82,92,81,94,104,78,134,83,102,87,102,144,122,176,177,134,149,143,148,147,135,153,189,149,123,197,148,165,211,94,114,106,150,108,96,116,135,119,63,55,65,90,71,64,83,60,83,70,38,177,169,133,148,136,108,86,48,156,62,83,126,102,136,120,120,126,94,135,123,136,115,80,89,111,114,69,38,101,107,72,40,94,129,96,34,75,90,65,76,99,129,77,119,120,132,68,110,81,102,,90,118,82,121,83,104,121,28,108,107,125,91,105,82,91,109,106,84,95,103,128,84,,82,113,
20160913,0,CO,0.87,1.85,1.15,0.95,0.78,2.13,1.60,0.40,0.40,0.87,1.27,1.35,0.98,1.13,0.62,1.07,1.19,0.79,1.38,0.82,0.89,1.00,0.82,0.90,1.28,0.70,0.89,0.80,0.93,0.73,0.80,0.67,0.85,0.65,0.57,0.65,0.70,0.60,0.75,1.00,0.70,0.80,0.63,0.80,0.93,0.70,0.57,1.12,1.09,0.80,1.28,0.82,0.74,0.83,0.63,0.55,0.81,0.67,0.73,0.64,0.62,0.93,0.91,0.30,0.97,1.28,0.71,0.68,0.40,1.47,0.77,0.65,0.30,1.03,1.27,0.90,0.88,0.54,0.93,1.45,0.77,1.48,0.27,2.10,2.13,1.50,1.20,6.00,0.64,0.76,0.63,1.40,1.57,1.33,0.57,1.07,0.84,0.68,0.53,0.90,0.90,0.70,0.90,0.95,1.00,0.75,0.63,1.60,2.93,1.57,1.65,1.20,1.10,1.05,1.35,1.52,0.94,1.48,0.98,0.76,0.43,0.17,0.82,0.77,0.93,0.97,2.05,2.45,1.30,1.77,0.87,1.20,0.90,2.05,1.24,1.00,1.83,0.80,0.67,1.27,0.35,0.53,0.70,1.52,1.30,0.70,0.70,1.13,0.60,0.90,1.15,0.60,1.13,0.83,1.17,1.70,0.10,0.25,1.70,0.57,0.80,2.10,0.55,1.05,0.90,0.60,0.65,1.05,0.90,0.85,0.75,1.10,0.55,0.90,0.95,0.70,0.50,0.85,0.65,0.73,0.90,1.30,0.95,0.70,0.75,0.65,1.30,,0.35,0.55,1.13,,1.68,0.72,0.83,1.35,1.45,1.15,0.77,1.57,0.50,0.20,0.80,0.43,0.70,0.65,0.76,1.30,0.47,1.40,0.93,1.00,0.65,1.50,0.90,0.65,0.90,0.80,0.43,0.53,0.55,0.57,1.40,0.70,0.30,1.30,0.68,0.92,0.80,1.17,0.63,0.53,0.60,0.85,0.80,0.75,1.25,0.60,0.70,0.60,0.97,0.93,0.80,0.40,0.63,1.02,1.67,0.38,1.13,1.00,1.00,1.15,0.85,1.40,0.93,0.87,1.50,0.78,1.02,0.53,1.40,1.08,1.27,0.82,0.97,1.33,2.00,0.90,0.77,0.77,0.55,0.98,1.18,1.02,1.52,0.70,1.23,1.03,0.45,0.53,0.93,1.17,1.20,0.85,0.40,0.80,1.05,1.05,0.90,0.63,0.90,0.42,0.90,0.47,1.23,1.50,0.53,0.95,0.55,1.85,,0.85,0.65,0.50,0.75,1.15,0.50,0.70,0.50,0.40,1.10,1.00,0.40,1.25,0.55,1.33,1.20,1.05,0.50,0.80,1.20,0.50,0.80,0.30,0.30,1.60,0.35,0.40,1.00,0.65,0.40,0.80,1.10,0.60,1.60,0.40,0.90,0.70,0.45,0.65,,1.40,0.60,1.50,0.60,0.20,0.50,0.50,3.20,0.30,0.50,0.55,0.60,0.45,1.70,1.25,1.00,0.25,1.40,0.83,0.85,1.23,1.10,,1.05,0.50,
20160913,0,CO_24h,0.75,2.08,0.92,2.23,0.54,1.33,1.05,0.43,0.43,0.63,1.53,1.30,0.85,0.94,0.73,0.86,1.11,0.82,1.13,0.73,0.96,0.96,0.73,0.80,1.12,0.80,0.75,0.87,1.00,0.90,0.72,0.67,0.75,0.76,0.71,0.65,0.75,0.60,0.85,0.90,0.70,0.65,0.53,0.73,0.80,0.72,0.63,0.82,1.21,0.69,1.47,0.93,1.08,0.77,0.74,0.70,0.76,0.90,0.87,0.72,0.66,0.80,0.83,0.55,1.06,1.25,0.66,0.66,0.42,1.29,0.82,0.85,0.85,0.77,1.22,0.95,1.24,0.62,1.08,1.50,0.60,1.27,0.33,1.18,1.80,1.50,1.00,2.00,0.60,0.70,0.90,1.15,1.13,0.83,0.60,0.97,0.78,0.92,0.65,0.80,0.85,0.73,0.80,1.00,1.05,0.80,0.90,1.10,1.73,1.40,2.15,1.86,1.03,1.65,1.20,1.65,1.04,1.50,1.10,0.70,0.40,0.30,0.66,0.73,1.02,0.86,2.22,1.90,1.45,1.83,0.93,1.30,0.88,1.35,1.10,0.70,1.87,0.73,0.77,1.00,0.45,0.75,0.80,1.68,0.73,1.07,0.97,0.92,0.55,0.90,1.10,0.73,1.27,0.79,1.03,1.65,0.50,0.60,1.38,0.53,0.80,1.65,0.60,0.85,0.75,0.65,0.55,0.90,0.80,0.80,0.70,1.00,0.60,0.80,0.85,0.70,0.40,0.70,0.75,1.00,0.90,1.50,1.00,0.60,0.55,0.70,1.15,,0.40,0.70,0.97,,2.70,1.08,0.87,1.63,1.40,1.10,0.87,0.63,0.40,0.30,0.70,0.50,0.80,0.55,0.66,1.55,0.45,1.38,0.80,1.10,0.65,1.50,0.90,0.60,0.90,0.60,0.50,0.47,0.25,0.53,1.30,0.60,0.45,1.20,0.58,0.90,0.77,1.18,0.57,0.47,0.75,0.65,0.70,0.68,1.20,0.60,0.67,0.53,0.97,0.90,0.83,0.30,0.75,1.20,1.57,0.50,1.18,0.95,0.85,1.15,0.80,2.10,1.32,0.90,1.30,0.50,1.00,0.50,0.83,0.94,1.40,0.95,1.07,0.97,1.60,1.00,0.87,0.90,0.40,1.00,0.85,0.97,1.50,0.57,1.38,1.30,0.55,0.72,0.93,1.07,1.07,0.85,0.55,0.50,0.80,0.95,0.75,0.70,0.83,0.73,1.13,0.73,1.00,1.25,0.67,0.95,0.78,1.00,0.20,1.07,0.95,0.55,0.70,1.00,0.85,0.70,0.40,0.45,1.00,0.90,0.35,1.15,0.60,1.07,0.70,0.75,0.65,1.10,1.10,0.60,0.50,0.35,0.30,1.40,0.30,0.35,0.97,0.90,0.55,0.70,0.90,0.60,0.90,0.50,1.00,0.55,0.45,0.50,,1.40,0.60,1.10,0.60,0.30,0.50,0.40,3.20,0.30,0.55,0.45,0.40,0.60,1.75,1.30,0.70,0.20,0.80,0.53,0.80,0.90,0.80,,0.85,0.80,
20160913,1,AQI,70,93,130,73,53,60,156,53,32,77,65,60,49,74,47,70,56,57,58,69,69,69,79,79,65,73,81,95,70,61,71,65,98,45,42,39,42,64,60,58,34,91,70,52,80,28,33,85,101,83,46,74,59,46,28,29,47,19,39,35,32,51,46,17,88,105,66,52,27,98,68,56,37,57,67,61,67,24,104,47,54,48,23,101,79,95,79,170,98,56,73,101,126,111,70,63,40,28,27,51,55,27,35,36,49,23,29,70,62,116,47,53,39,49,66,100,56,52,51,51,47,12,32,55,96,56,52,82,57,100,79,70,73,117,85,111,67,58,18,39,11,45,69,78,296,96,48,164,93,68,88,39,31,53,134,32,31,17,56,59,84,113,85,86,86,61,55,42,60,66,91,58,40,83,70,69,62,63,70,90,59,91,71,71,94,40,62,,59,68,85,,48,23,61,41,28,59,68,99,72,41,41,45,21,49,47,73,57,19,62,39,48,54,59,59,12,48,42,26,15,20,31,53,14,23,85,59,43,46,38,29,65,62,68,65,51,18,69,26,20,23,41,26,41,83,55,51,50,55,70,48,58,79,91,69,97,101,86,71,75,60,65,79,58,86,119,61,55,74,93,80,84,73,74,70,76,69,69,56,37,40,33,41,57,63,49,44,40,47,151,89,66,89,153,187,29,69,64,19,21,60,74,39,64,73,34,61,58,57,63,31,53,36,49,148,58,53,63,48,65,38,19,28,19,129,22,17,66,52,66,55,74,55,41,57,80,55,21,59,,50,50,37,29,34,29,67,32,32,55,54,53,46,66,78,68,61,68,104,49,59,62,,54,68,
20160913,1,PM2.5,51,69,99,52,33,43,119,28,13,53,47,26,30,46,20,50,35,38,36,50,50,50,58,58,39,53,60,71,51,44,52,38,73,31,24,27,26,46,43,41,17,68,51,35,59,11,14,36,74,59,32,37,42,25,17,16,30,10,27,23,15,26,23,9,65,79,48,33,11,73,36,19,23,29,44,39,23,15,78,24,35,32,15,70,58,67,58,129,73,38,49,76,96,84,51,32,25,14,19,36,17,14,23,25,28,14,20,37,42,88,20,30,21,14,35,75,24,31,34,28,22,3,15,39,64,35,20,54,7,75,56,51,48,87,63,84,37,41,7,26,4,31,50,48,246,72,21,125,62,49,65,27,19,36,102,11,12,8,20,34,62,85,60,64,64,44,39,28,40,48,40,41,28,61,51,50,41,44,51,67,42,68,52,52,70,28,42,,42,38,43,,17,14,38,21,18,42,28,73,52,21,27,27,6,34,31,53,31,11,30,27,19,27,21,34,3,11,13,13,8,13,22,20,6,8,63,42,22,28,19,15,47,38,49,47,24,6,50,16,12,12,17,9,20,61,39,30,35,39,49,32,40,58,68,41,69,59,51,52,41,37,47,58,36,58,90,43,39,54,69,59,62,53,54,51,43,49,41,33,26,28,16,22,39,33,22,27,28,20,116,66,48,66,117,141,15,50,46,11,6,43,54,27,25,53,23,44,32,17,34,18,37,25,34,113,41,17,45,32,47,12,8,2,12,85,12,9,38,20,48,37,21,33,29,33,59,39,11,37,,23,4,26,15,24,15,24,5,9,37,38,28,18,33,23,39,44,18,40,13,20,37,,22,29,
20160913,1,PM2.5_24h,35,43,77,54,23,59,64,17,16,29,43,24,52,27,15,45,27,38,26,36,41,37,38,42,32,45,54,54,44,62,41,34,39,46,31,18,40,31,39,29,16,42,30,21,40,9,16,21,60,37,59,44,46,18,18,21,25,25,30,23,13,19,22,12,69,71,46,34,13,55,31,25,25,29,41,38,26,15,66,23,19,27,14,49,60,57,50,69,51,36,56,61,68,41,37,35,19,20,14,21,11,12,20,25,20,12,26,20,35,78,22,50,22,26,17,82,36,32,27,20,16,8,16,30,46,33,27,52,66,55,62,46,53,72,60,53,43,28,11,26,5,59,57,39,114,119,43,92,56,46,49,33,25,31,66,16,15,17,13,26,58,71,46,40,48,33,36,26,28,32,27,29,36,40,43,44,39,37,42,62,35,58,48,39,43,45,37,,29,47,39,,28,28,30,33,20,34,30,24,30,29,21,21,7,21,19,60,22,7,23,32,21,31,16,33,8,11,16,11,7,12,21,14,9,7,43,28,21,25,15,13,39,25,42,31,15,16,42,11,8,11,14,7,21,55,36,24,34,35,49,30,25,45,49,33,51,47,49,38,35,41,58,58,35,67,58,45,43,62,47,40,54,39,41,43,48,44,46,18,17,19,12,17,51,24,24,24,17,26,81,76,56,82,66,95,28,61,65,15,27,28,59,45,17,37,28,42,33,15,35,17,29,29,37,85,36,18,37,48,34,15,16,4,10,30,20,8,47,26,42,42,16,25,11,18,45,31,14,22,,13,14,24,11,14,14,15,5,8,14,20,21,27,32,17,23,39,9,22,38,26,28,,19,25,
20160913,1,PM10,74,99,187,96,55,68,215,55,32,103,79,69,49,97,47,90,62,64,65,52,88,68,80,77,79,58,83,94,89,71,86,79,101,45,42,39,42,52,57,65,25,76,72,54,110,28,33,119,152,115,43,97,57,46,28,29,47,8,29,35,32,51,46,17,101,103,82,53,27,114,85,61,37,63,84,71,84,24,120,47,57,48,16,151,105,140,86,277,141,61,96,131,116,144,53,75,40,25,22,52,59,27,35,32,49,10,29,89,74,167,47,56,39,49,82,100,61,54,51,52,47,12,32,57,142,62,53,113,63,148,107,56,96,184,81,156,84,52,13,39,11,45,72,105,249,87,48,183,136,75,95,30,31,55,105,32,28,17,62,68,91,172,119,92,94,60,58,42,70,81,131,54,39,105,69,64,73,76,78,91,65,72,72,65,94,37,73,,67,85,120,,48,23,72,41,26,56,86,148,94,41,41,45,21,46,47,90,64,19,74,38,48,58,68,68,12,48,42,26,15,20,,56,14,23,88,52,43,46,36,29,64,74,57,57,51,18,62,26,20,23,41,26,41,87,60,52,49,58,90,48,65,92,75,87,143,151,121,84,99,69,67,96,66,121,145,71,47,95,108,88,107,78,83,75,102,88,88,61,33,38,33,41,64,75,49,44,39,47,127,78,64,89,180,204,26,61,78,18,3,60,98,39,77,85,34,62,66,63,75,24,51,21,37,174,65,55,,48,51,38,3,15,18,207,14,14,81,54,58,60,98,59,35,63,64,57,18,68,,50,50,33,29,28,29,83,14,22,60,51,56,46,81,106,86,64,85,158,49,67,74,,58,85,
20160913,1,PM10_24h,56,71,127,82,40,94,108,46,29,55,68,69,83,74,39,70,47,62,44,45,79,60,58,72,65,63,73,87,69,91,75,72,61,62,46,27,55,48,58,56,23,53,41,39,82,25,31,47,127,74,91,102,72,32,30,35,44,42,57,39,27,37,35,25,103,119,77,61,47,109,57,48,55,82,72,63,67,31,101,50,30,43,22,91,105,108,76,118,92,64,96,93,100,65,46,66,35,35,26,35,33,27,32,39,34,34,42,42,54,131,48,82,40,73,36,108,55,55,42,38,48,23,28,49,79,56,56,89,102,100,113,80,98,131,78,90,72,39,25,41,16,94,84,83,113,152,85,139,108,72,92,56,55,60,99,49,40,25,59,68,84,126,69,57,92,48,56,43,55,68,96,44,48,78,55,59,78,61,75,91,51,67,66,48,67,57,56,,54,85,96,,64,42,76,53,36,54,90,50,74,70,36,41,20,32,36,89,45,16,47,43,47,62,40,55,17,39,46,29,17,19,36,41,25,15,68,47,44,43,29,26,57,60,47,46,37,21,57,20,20,20,31,22,36,70,56,38,49,47,80,41,42,75,80,75,92,109,111,65,89,63,90,113,53,109,96,69,62,105,81,68,80,77,67,64,92,77,98,33,25,33,22,25,79,40,47,34,26,73,106,104,75,124,111,146,50,77,120,24,35,46,111,64,58,60,51,63,54,50,70,32,41,39,49,139,56,35,47,54,44,30,8,16,17,97,24,17,88,67,67,84,42,56,18,43,61,56,20,45,,35,33,43,29,24,27,42,18,18,24,39,33,71,84,57,65,64,37,76,208,89,64,,51,86,
20160913,1,SO2,2,11,30,29,10,26,105,12,5,6,30,10,10,50,10,13,7,8,9,15,18,12,26,23,35,1,12,29,23,14,11,14,23,14,12,9,7,22,11,8,8,19,16,3,21,5,11,12,19,19,10,13,15,10,8,12,12,5,8,7,6,9,12,4,13,11,8,17,3,20,7,15,7,7,21,11,15,6,13,9,20,14,6,23,16,20,35,65,23,10,24,49,31,12,16,14,11,8,9,19,5,8,5,7,13,5,7,22,31,30,38,8,24,26,12,7,7,10,19,9,3,4,13,15,16,24,6,39,13,10,30,17,10,21,31,17,4,20,8,21,3,7,11,32,24,10,8,10,12,19,10,6,7,6,15,11,5,12,5,6,17,33,17,16,15,9,7,9,12,8,10,9,7,17,19,12,10,21,23,18,10,15,10,15,3,7,15,,3,39,19,,17,42,36,46,26,27,84,6,7,7,18,6,6,8,23,12,11,17,7,7,6,6,2,7,5,4,3,12,4,16,2,23,8,11,13,20,9,32,21,24,24,16,37,13,64,10,26,6,12,23,10,6,5,42,17,47,25,57,30,13,11,16,17,25,30,27,11,7,34,14,19,10,31,29,10,7,11,10,11,16,29,42,6,23,17,25,2,17,6,27,9,34,8,15,6,7,8,18,17,23,13,4,13,9,28,3,6,13,30,24,22,4,17,13,2,3,10,2,22,8,9,14,12,23,17,5,7,6,9,8,7,5,7,26,9,4,7,6,16,4,19,3,11,15,13,8,5,6,,15,16,20,11,6,14,13,6,12,8,13,3,2,2,8,24,2,3,10,3,6,8,,11,11,
20160913,1,SO2_24h,2,15,19,33,7,15,19,13,6,4,27,10,22,27,13,13,7,7,9,12,18,10,23,24,32,10,14,28,23,23,15,20,18,13,13,6,10,13,13,6,8,13,11,4,15,5,11,9,23,14,24,16,18,8,7,13,12,14,13,16,6,10,12,5,13,26,8,29,5,19,5,26,10,12,25,13,25,8,13,12,20,30,9,15,19,35,22,34,29,14,31,32,26,10,8,31,13,15,12,13,6,9,7,9,14,8,13,17,24,41,24,15,25,25,15,11,15,12,18,9,3,62,13,16,16,23,25,43,25,19,26,30,13,30,31,33,6,14,9,19,3,11,20,38,22,17,14,12,10,20,26,10,8,9,20,102,10,26,6,6,35,26,14,10,18,12,7,10,16,12,13,9,6,11,16,19,8,18,25,24,12,18,12,14,4,17,16,,3,20,22,,32,40,25,58,29,28,82,5,8,13,18,5,9,11,22,18,9,23,6,21,10,13,2,7,5,10,3,12,4,10,7,22,10,12,26,16,16,27,26,25,19,11,30,19,24,14,25,6,9,9,9,6,9,24,27,43,32,35,24,14,13,41,31,17,23,25,17,7,30,22,16,18,25,32,14,14,9,17,8,13,24,25,18,16,21,16,6,9,5,16,12,11,23,14,10,7,8,22,32,30,19,16,13,10,26,6,13,11,31,31,24,29,11,16,15,26,30,3,27,7,11,18,27,62,27,5,10,15,9,9,7,5,8,26,10,4,11,11,37,12,8,6,12,8,10,11,6,6,,15,14,14,13,7,12,11,6,12,8,6,3,4,5,9,24,3,2,7,4,12,8,,16,14,
20160913,1,NO2,63,86,66,49,55,42,103,34,26,55,74,84,57,49,50,55,36,45,39,38,52,53,48,33,34,9,45,43,39,12,13,44,42,42,51,37,34,49,35,20,15,51,30,33,65,15,24,61,87,36,20,74,47,37,23,23,34,18,21,26,15,39,34,7,72,65,50,25,18,62,77,47,18,73,66,49,65,33,60,13,52,45,14,54,18,59,53,93,28,48,50,47,33,93,20,18,23,8,9,12,30,4,19,23,26,7,14,44,36,33,23,37,31,46,19,25,22,23,32,31,15,12,29,56,43,24,17,49,12,27,41,37,39,110,50,54,24,17,10,21,2,23,14,57,28,14,16,12,62,17,47,24,39,31,60,17,16,15,20,26,41,81,28,53,79,36,31,26,38,38,12,11,12,53,50,31,34,55,36,38,18,23,53,18,36,15,30,,17,28,29,,20,31,48,35,55,27,32,51,15,18,32,29,20,12,29,35,22,23,31,29,29,22,52,21,13,15,7,15,8,9,25,16,12,14,30,27,16,27,20,15,57,19,22,28,28,14,73,8,11,17,21,20,11,31,26,19,9,19,18,10,21,24,18,38,61,29,18,38,37,25,22,24,44,87,41,21,20,38,15,31,28,42,34,27,31,44,24,24,14,22,21,25,21,11,32,19,26,26,20,13,22,12,35,68,21,23,10,10,26,23,36,9,30,37,12,50,30,10,25,5,27,11,11,19,44,17,29,4,11,23,8,13,18,12,,6,37,43,14,31,51,15,32,14,59,39,6,30,,26,35,56,12,3,25,20,3,5,13,24,43,18,43,20,59,13,17,52,11,27,12,,84,17,
20160913,1,NO2_24h,39,50,46,51,34,40,40,26,21,46,53,59,43,48,37,48,25,45,41,32,43,53,30,32,35,15,41,41,28,19,15,22,35,37,35,30,39,32,31,17,16,31,23,17,47,18,29,22,57,34,32,45,37,34,24,31,35,34,36,29,13,27,23,10,60,76,35,29,14,61,47,32,32,44,39,32,40,26,34,18,25,33,20,38,34,45,30,46,25,38,32,47,34,41,17,26,19,16,10,10,19,6,14,22,25,9,19,22,26,35,28,37,25,48,22,38,32,33,28,29,18,15,25,29,28,21,20,43,23,28,35,40,38,65,32,30,26,15,10,16,4,37,29,45,40,34,24,28,40,24,43,30,37,43,50,16,28,17,13,23,30,51,26,34,35,25,27,22,23,18,9,16,11,33,31,30,35,28,32,44,25,20,36,12,25,24,40,,20,27,23,,25,27,44,35,33,33,32,24,24,27,45,22,20,10,23,41,20,18,26,31,27,21,31,15,11,19,8,18,9,13,33,20,19,16,34,30,25,24,33,16,45,17,18,27,23,19,33,12,13,9,19,26,7,19,20,15,13,13,18,9,15,43,29,23,35,22,22,27,30,17,35,35,28,62,22,23,13,26,8,23,16,39,22,20,22,29,23,11,11,12,17,18,21,8,24,16,10,47,25,30,35,37,36,63,23,32,22,12,25,22,40,21,21,30,20,41,19,15,23,7,23,8,26,22,39,14,27,15,10,23,9,11,11,21,,6,36,41,22,35,25,14,17,19,48,29,13,24,,18,22,23,13,4,13,15,4,7,13,17,19,29,50,19,15,10,11,19,7,15,11,,40,30,
20160913,1,O3,42,32,68,67,8,33,14,36,11,51,58,63,18,17,29,3,43,2,10,109,61,61,72,75,59,98,58,40,64,105,97,47,91,41,46,51,49,38,46,60,110,36,66,23,91,66,84,10,19,67,127,39,51,28,44,71,38,62,61,43,35,34,11,23,34,21,37,62,85,17,12,31,61,14,15,23,18,42,15,39,8,19,75,44,135,68,37,9,64,39,59,76,99,4,65,96,33,89,55,90,14,78,30,56,48,75,61,4,22,114,38,27,25,36,11,25,10,8,14,10,16,28,15,86,97,78,106,72,132,35,87,31,47,10,55,44,47,84,59,37,32,79,106,22,24,68,75,63,33,86,26,24,7,15,5,79,99,45,67,65,52,21,82,76,30,43,57,70,23,42,67,48,35,36,56,43,79,63,48,72,91,44,41,73,40,69,73,,46,77,71,,27,50,25,20,12,1,67,18,33,71,79,10,33,126,20,9,11,11,9,5,9,13,1,4,32,17,30,29,8,9,50,9,16,18,111,104,88,96,121,44,74,86,99,138,46,57,76,83,40,38,36,15,86,33,19,101,74,67,32,64,100,59,113,95,69,70,84,69,72,60,73,100,49,24,24,70,73,70,17,54,31,60,38,25,29,29,19,17,37,31,54,20,15,38,5,29,6,44,132,94,50,73,42,40,92,25,86,7,67,56,66,80,13,33,62,23,30,56,73,98,14,25,73,32,11,6,23,46,19,36,62,90,60,15,70,53,6,22,45,17,11,105,4,101,39,52,66,58,,47,49,4,63,38,55,47,9,101,58,46,11,66,46,105,14,71,44,21,76,45,17,,3,57,
20160913,1,O3_24h,149,141,220,107,91,183,189,99,115,172,176,172,148,82,95,97,134,74,64,136,243,162,148,156,124,175,169,184,183,162,186,175,199,209,151,119,200,219,181,131,126,145,128,112,171,92,112,95,203,227,193,227,157,134,167,180,197,253,266,157,111,137,59,144,130,218,167,131,125,75,162,126,124,119,151,118,103,104,145,109,108,115,83,212,188,214,115,216,180,147,194,186,208,154,163,191,107,108,107,123,107,100,104,173,114,107,119,88,98,205,71,120,128,103,68,76,134,73,96,86,34,44,64,153,234,137,195,181,171,159,193,181,175,244,195,161,148,111,104,87,45,114,210,139,191,148,158,138,146,145,90,105,71,57,144,113,142,92,136,94,209,192,210,225,206,165,250,160,145,145,117,117,141,198,132,130,163,145,209,178,252,194,155,141,105,148,121,,107,179,184,,78,121,65,92,82,37,121,77,75,117,113,74,88,137,69,91,85,81,76,121,106,92,88,62,57,38,37,39,36,49,63,63,39,71,187,156,139,129,164,95,211,164,187,162,105,76,96,103,80,89,110,97,118,111,89,151,93,122,103,112,159,148,190,205,147,165,174,179,170,162,171,220,163,156,209,161,191,291,107,133,117,160,121,103,137,154,129,75,62,71,104,86,73,93,69,97,77,59,250,192,179,172,165,130,96,58,179,76,113,155,115,145,143,135,207,108,150,130,150,121,86,97,118,121,83,46,118,133,94,59,102,122,105,48,76,96,74,100,124,166,88,182,127,141,76,116,90,115,,94,125,124,128,92,113,125,41,110,115,135,105,115,94,146,121,115,93,101,107,154,98,,100,125,
20160913,1,O3_8h,42,32,68,67,8,33,14,36,11,51,58,63,18,17,29,3,43,2,10,109,61,61,72,75,59,98,58,40,64,105,97,47,91,41,46,51,49,38,46,60,110,36,66,23,91,66,84,10,19,67,127,39,51,28,44,71,38,62,61,43,35,34,11,23,34,21,37,62,85,17,12,31,61,14,15,23,18,42,15,39,8,19,75,44,135,68,37,9,64,39,59,76,99,4,65,96,33,89,55,90,14,78,30,56,48,75,61,4,22,114,38,27,25,36,11,25,10,8,14,10,16,28,15,86,97,78,106,72,132,35,87,31,47,10,55,44,47,84,59,37,32,79,106,22,24,68,75,63,33,86,26,24,7,15,5,79,99,45,67,65,52,21,82,76,30,43,57,70,23,42,67,48,35,36,56,43,79,63,48,72,91,44,41,73,40,69,73,,46,77,71,,27,50,25,20,12,1,67,18,33,71,79,10,33,126,20,9,11,11,9,5,9,13,1,4,32,17,30,29,8,9,50,9,16,18,111,104,88,96,121,44,74,86,99,138,46,57,76,83,40,38,36,15,86,33,19,101,74,67,32,64,100,59,113,95,69,70,84,69,72,60,73,100,49,24,24,70,73,70,17,54,31,60,38,25,29,29,19,17,37,31,54,20,15,38,5,29,6,44,132,94,50,73,42,40,92,25,86,7,67,56,66,80,13,33,62,23,30,56,73,98,14,25,73,32,11,6,23,46,19,36,62,90,60,15,70,53,6,22,45,17,11,105,4,101,39,52,66,58,,47,49,4,63,38,55,47,9,101,58,46,11,66,46,105,14,71,44,21,76,45,17,,3,57,
20160913,1,O3_8h_24h,42,32,68,67,8,33,14,36,11,51,58,63,18,17,29,3,43,2,10,109,61,61,72,75,59,98,58,40,64,105,97,47,91,41,46,51,49,38,46,60,110,36,66,23,91,66,84,10,19,67,127,39,51,28,44,71,38,62,61,43,35,34,11,23,34,21,37,62,85,17,12,31,61,14,15,23,18,42,15,39,8,19,75,44,135,68,37,9,64,39,59,76,99,4,65,96,33,89,55,90,14,78,30,56,48,75,61,4,22,114,38,27,25,36,11,25,10,8,14,10,16,28,15,86,97,78,106,72,132,35,87,31,47,10,55,44,47,84,59,37,32,79,106,22,24,68,75,63,33,86,26,24,7,15,5,79,99,45,67,65,52,21,82,76,30,43,57,70,23,42,67,48,35,36,56,43,79,63,48,72,91,44,41,73,40,69,73,,46,77,71,,27,50,25,20,12,1,67,18,33,71,79,10,33,126,20,9,11,11,9,5,9,13,1,4,32,17,30,29,8,9,50,9,16,18,111,104,88,96,121,44,74,86,99,138,46,57,76,83,40,38,36,15,86,33,19,101,74,67,32,64,100,59,113,95,69,70,84,69,72,60,73,100,49,24,24,70,73,70,17,54,31,60,38,25,29,29,19,17,37,31,54,20,15,38,5,29,6,44,132,94,50,73,42,40,92,25,86,7,67,56,66,80,13,33,62,23,30,56,73,98,14,25,73,32,11,6,23,46,19,36,62,90,60,15,70,53,6,22,45,17,11,105,4,101,39,52,66,58,,47,49,4,63,38,55,47,9,101,58,46,11,66,46,105,14,71,44,21,76,45,17,,3,57,
20160913,1,CO,0.84,1.84,1.12,1.63,0.72,2.17,1.82,0.43,0.40,1.37,1.23,1.30,0.63,1.19,0.63,1.11,1.15,0.74,1.48,0.84,0.91,1.06,0.85,0.90,1.16,0.70,0.75,0.87,0.93,0.73,0.78,0.73,0.90,0.68,0.60,0.65,0.60,0.60,0.85,0.97,0.75,0.75,0.67,0.83,0.89,0.80,0.53,1.12,1.09,0.76,1.26,0.80,0.69,0.79,0.59,0.57,0.73,0.60,0.63,0.60,0.56,0.83,0.90,0.30,1.02,1.13,0.72,0.68,0.40,1.47,0.87,0.65,0.30,1.10,1.27,0.92,0.80,0.56,1.00,1.50,0.80,1.45,0.23,1.38,1.93,1.60,1.15,5.70,0.50,0.80,0.67,1.25,1.73,1.17,0.60,0.95,0.84,0.65,0.55,0.80,0.80,0.70,0.80,0.85,0.90,0.65,0.68,1.55,2.73,1.33,1.68,1.16,1.13,1.12,1.23,1.45,0.90,1.45,0.90,0.66,0.40,0.17,0.76,0.80,0.93,0.97,2.02,3.50,1.10,1.70,0.97,1.30,0.82,1.90,1.20,1.00,1.80,0.77,0.63,0.97,0.35,0.57,0.68,1.52,1.17,0.63,0.70,1.13,0.55,0.90,1.15,0.60,1.03,0.83,1.13,1.70,0.40,0.25,1.64,0.50,0.80,2.30,0.60,0.95,0.90,0.60,0.60,0.95,0.85,0.85,0.70,1.00,0.55,0.97,0.95,0.70,0.50,0.85,0.75,0.70,0.95,1.35,1.00,0.70,0.80,0.60,1.15,,0.40,0.53,1.13,,1.80,0.92,0.77,1.32,1.40,1.05,0.93,1.27,0.30,0.30,0.50,0.47,0.60,0.60,0.68,1.25,0.55,1.38,1.07,1.00,0.75,1.45,1.00,0.65,0.90,0.57,0.37,0.57,0.45,0.43,1.30,0.55,0.25,1.20,0.68,0.93,0.80,1.30,0.57,0.43,0.70,0.85,0.80,0.70,1.30,0.50,0.80,0.50,0.93,0.97,0.77,0.40,0.62,1.18,1.73,0.63,1.10,0.95,0.90,1.18,0.85,1.33,0.88,0.77,1.50,0.57,1.00,0.67,0.83,0.78,1.30,0.85,1.17,1.17,1.70,0.90,0.73,0.80,0.65,1.06,1.18,0.93,1.55,0.68,1.25,1.18,0.40,0.63,0.93,1.23,1.03,0.85,0.45,0.75,1.00,0.95,0.85,0.53,0.57,0.42,0.87,0.33,1.20,1.27,0.50,0.80,0.50,1.85,0.20,0.92,0.63,0.43,0.65,1.10,0.45,0.70,0.50,0.30,1.10,1.00,0.50,1.25,0.60,1.07,0.85,0.80,0.55,0.70,1.10,0.50,0.80,0.30,0.30,1.90,0.35,0.30,1.00,0.65,0.40,0.75,1.20,0.70,1.00,0.30,0.95,0.60,0.45,0.55,,0.65,0.80,3.00,0.60,0.30,0.50,0.60,3.20,0.30,0.65,0.60,0.80,0.40,1.45,1.20,1.80,0.25,0.90,1.13,0.90,1.10,1.20,,1.15,0.60,
20160913,1,CO_24h,0.76,2.04,0.95,2.13,0.56,1.33,1.05,0.43,0.43,0.63,1.53,1.30,0.85,0.96,0.72,0.88,1.11,0.83,1.16,0.74,0.97,0.94,0.73,0.80,1.10,0.80,0.75,0.87,1.00,0.90,0.72,0.67,0.75,0.76,0.70,0.65,0.75,0.60,0.80,0.90,0.75,0.65,0.53,0.73,0.80,0.72,0.63,0.82,1.21,0.70,1.47,0.93,1.06,0.77,0.73,0.67,0.75,0.87,0.83,0.70,0.66,0.80,0.84,0.40,1.03,1.25,0.64,0.68,0.42,1.32,0.85,0.85,0.80,0.77,1.23,0.95,1.22,0.62,1.05,1.50,0.60,1.30,0.33,1.20,1.83,1.50,1.05,2.20,0.60,0.72,0.90,1.20,1.17,0.83,0.57,1.00,0.78,0.90,0.65,0.80,0.85,0.73,0.80,1.00,1.05,0.75,0.88,1.10,1.80,1.40,2.13,1.82,1.03,1.60,1.20,1.68,1.04,1.52,1.04,0.70,0.40,0.28,0.66,0.73,1.02,0.86,2.22,1.95,1.45,1.83,0.93,1.30,0.88,1.35,1.10,0.70,1.87,0.73,0.77,1.02,0.45,0.75,0.78,1.68,0.73,1.07,0.95,0.92,0.55,0.90,1.15,0.73,1.27,0.80,1.03,1.65,0.50,0.55,1.38,0.53,0.80,1.70,0.60,0.85,0.80,0.65,0.55,0.90,0.80,0.80,0.70,1.00,0.60,0.80,0.85,0.70,0.40,0.70,0.75,1.00,0.90,1.50,1.00,0.60,0.60,0.70,1.20,,0.40,0.70,1.00,,2.64,1.08,0.87,1.63,1.40,1.10,0.87,0.73,0.40,0.30,0.70,0.47,0.80,0.55,0.64,1.53,0.45,1.38,0.80,1.10,0.65,1.50,0.90,0.60,0.90,0.60,0.47,0.47,0.25,0.53,1.30,0.60,0.45,1.20,0.58,0.93,0.80,1.18,0.57,0.47,0.80,0.70,0.70,0.68,1.20,0.60,0.67,0.53,0.97,0.90,0.83,0.30,0.75,1.20,1.60,0.50,1.18,0.95,0.85,1.15,0.85,2.03,1.30,0.90,1.30,0.50,1.00,0.53,0.83,0.88,1.43,0.95,1.07,1.00,1.65,1.00,0.87,0.90,0.40,1.00,0.90,0.97,1.50,0.57,1.38,1.32,0.55,0.72,0.93,1.07,1.07,0.80,0.55,0.50,0.80,0.95,0.75,0.70,0.83,0.65,1.13,0.73,1.00,1.25,0.63,0.95,0.78,1.05,0.20,1.05,0.93,0.55,0.70,1.05,0.80,0.70,0.40,0.45,1.00,0.90,0.35,1.15,0.60,1.10,0.75,0.80,0.65,1.10,1.10,0.60,0.50,0.30,0.30,1.40,0.30,0.35,1.03,0.90,0.55,0.70,0.90,0.60,0.90,0.50,0.95,0.55,0.45,0.50,,1.40,0.70,1.20,0.60,0.30,0.50,0.40,3.20,0.30,0.55,0.45,0.40,0.55,1.65,1.25,0.80,0.20,0.80,0.57,0.80,0.93,0.90,,0.85,0.80,
20160913,2,AQI,76,99,134,84,54,59,160,57,36,88,68,59,54,80,57,66,55,55,56,69,75,69,80,75,63,63,78,94,74,64,74,69,109,47,46,39,43,58,58,57,36,93,76,55,80,27,34,91,115,80,76,73,58,34,27,30,39,19,39,37,21,51,44,21,94,90,71,53,28,96,72,48,38,55,76,57,72,24,121,47,57,49,24,109,74,101,88,190,96,64,91,98,131,115,79,59,45,27,27,53,41,30,34,33,39,23,26,69,54,113,43,43,39,50,59,96,54,57,49,51,31,10,37,59,86,56,46,72,41,108,79,68,65,120,86,110,56,54,18,40,11,41,56,81,292,84,45,171,89,70,86,45,31,55,135,31,32,27,55,55,89,121,103,88,101,64,54,37,65,69,54,55,41,83,73,65,63,66,68,81,68,99,75,84,89,58,62,,64,59,86,,51,36,63,46,26,58,70,84,53,36,33,50,20,46,47,76,50,17,55,32,48,53,62,59,9,26,44,21,16,20,30,47,13,18,71,54,40,54,34,27,68,65,71,65,49,17,70,26,16,24,22,13,52,89,54,53,48,53,67,46,58,80,75,113,78,91,83,73,81,61,63,93,61,88,109,58,49,80,90,81,79,75,69,74,92,73,63,62,36,43,33,34,59,57,46,47,42,42,157,78,41,69,148,160,25,61,60,30,18,68,75,35,56,70,50,61,52,43,67,33,61,37,46,114,58,42,55,43,50,34,23,26,20,77,22,16,62,51,58,51,67,55,51,54,64,71,21,56,,51,51,53,16,25,23,53,32,31,44,50,53,41,54,69,82,64,51,132,54,55,54,,58,67,
20160913,2,PM2.5,56,74,102,62,33,42,122,31,14,65,49,27,35,54,24,45,35,38,34,50,53,50,59,55,39,45,57,70,54,46,54,40,82,33,28,26,28,40,41,40,15,69,56,34,59,11,15,41,79,59,56,32,41,22,18,15,27,13,27,24,13,31,23,8,70,67,52,32,11,72,39,17,18,28,45,36,25,15,92,26,31,30,17,72,49,61,65,143,72,46,64,73,100,87,58,29,25,13,17,36,17,16,21,22,27,13,18,43,38,85,23,29,23,17,26,72,23,31,34,28,15,3,18,42,60,37,19,50,3,81,53,49,45,91,64,83,32,38,6,23,4,29,40,48,242,62,25,130,62,51,64,29,19,37,103,2,11,14,17,35,66,90,77,65,76,46,32,26,38,47,35,39,29,61,53,47,40,48,49,60,49,74,55,62,66,41,41,,46,38,46,,18,25,36,25,16,41,29,62,37,17,23,30,6,28,31,46,24,10,28,22,20,26,21,31,4,10,14,15,9,11,21,14,9,7,52,36,24,35,17,19,49,43,52,47,20,12,51,17,11,11,14,9,29,66,38,35,33,37,44,32,41,59,55,85,35,61,47,53,44,36,45,69,39,64,82,36,34,59,67,60,58,55,50,54,45,53,39,40,25,30,18,21,38,33,20,29,24,22,120,57,29,50,113,122,13,44,41,13,7,49,55,24,22,51,35,44,30,16,35,23,44,26,32,86,41,17,39,30,31,15,11,7,10,44,12,11,42,22,41,35,24,27,36,28,46,39,11,40,,22,2,37,10,16,8,27,3,12,31,35,24,17,29,20,37,46,22,60,21,17,34,,28,33,
20160913,2,PM2.5_24h,37,43,79,54,24,59,67,17,16,30,43,24,51,28,15,46,27,38,27,36,42,37,39,42,32,45,54,54,44,62,41,34,41,45,31,18,40,32,38,30,16,44,31,22,41,9,16,22,60,39,60,43,46,18,18,21,25,24,30,24,13,20,23,12,68,71,46,34,13,56,32,25,24,29,42,38,26,14,67,23,20,27,14,50,60,57,51,73,53,37,58,61,68,43,38,35,20,19,14,22,12,12,20,25,21,12,26,21,35,79,22,49,22,25,17,83,35,31,27,20,17,8,16,31,46,33,26,52,65,56,61,47,52,74,60,55,42,29,11,25,5,58,56,40,119,114,42,93,56,47,50,33,25,32,69,15,15,16,13,26,59,72,49,42,50,34,37,26,28,34,28,29,35,40,42,44,38,37,42,61,36,58,48,40,45,45,38,,30,46,39,,28,27,31,33,20,35,30,26,30,27,21,21,7,22,19,60,22,7,23,32,21,31,16,33,8,11,16,12,7,12,22,14,9,7,44,29,21,25,16,13,40,26,43,31,16,16,43,12,8,12,14,7,21,55,36,24,34,35,49,30,26,46,50,36,49,48,50,39,35,41,58,58,35,67,59,45,42,62,48,41,55,39,41,44,48,45,45,19,18,20,13,17,51,24,24,24,17,26,82,74,55,80,68,96,28,61,64,14,26,29,59,44,17,38,36,42,33,15,34,17,30,29,37,87,37,18,38,48,34,15,16,4,10,31,19,9,46,25,43,41,16,26,12,18,46,31,14,23,,14,13,25,11,14,13,16,5,8,15,21,21,27,30,17,24,39,9,24,38,25,28,,19,25,
20160913,2,PM10,79,100,157,101,58,67,206,64,36,108,75,67,58,110,63,81,59,60,61,54,100,70,92,80,75,57,71,96,85,68,76,88,104,47,46,39,43,66,63,63,21,84,75,59,107,27,34,132,180,110,60,96,59,34,27,30,39,,,37,21,51,44,21,112,91,90,55,24,123,93,48,38,59,102,64,94,24,146,47,63,49,24,168,98,151,120,261,133,73,132,121,119,152,53,68,45,22,27,56,41,30,34,33,39,12,24,88,57,132,43,43,39,50,67,97,57,64,46,51,31,10,37,64,121,62,46,94,10,145,107,77,79,190,83,132,62,53,16,40,7,39,61,111,265,78,45,175,127,66,104,45,31,59,124,31,25,27,60,59,92,191,93,84,113,70,57,37,79,88,58,53,39,109,66,57,76,75,73,87,73,89,74,66,102,53,73,,65,67,121,,51,28,75,46,26,51,90,100,,36,33,50,20,46,47,102,50,17,60,32,48,56,73,68,8,26,44,21,16,20,,47,13,18,76,57,40,57,28,27,71,80,58,61,49,17,57,26,15,24,22,13,54,89,56,56,48,56,84,46,64,81,78,90,106,132,115,89,111,71,69,127,71,126,135,65,38,97,101,94,101,98,83,74,134,83,75,73,31,43,33,34,68,63,46,47,42,42,133,61,39,71,163,175,22,53,70,30,9,69,93,35,62,79,40,65,53,43,83,29,55,35,40,133,56,42,30,36,50,34,2,11,12,104,22,13,73,51,50,52,83,60,38,58,68,91,15,61,,52,51,,16,25,23,55,12,16,30,41,56,41,58,88,114,73,51,214,57,60,58,,65,84,
20160913,2,PM10_24h,55,72,130,83,41,92,113,47,29,57,69,69,81,76,39,71,47,61,46,45,81,60,59,73,65,62,73,87,71,89,75,74,62,61,45,28,54,49,57,58,23,56,43,40,84,25,31,50,128,77,92,102,72,32,30,35,44,42,58,39,27,39,36,25,102,119,77,61,46,110,60,49,54,80,73,64,68,31,103,50,32,44,22,97,105,109,77,127,96,65,100,95,101,70,46,67,36,34,26,36,34,27,32,39,35,32,42,46,54,132,48,80,40,71,38,110,55,54,42,38,48,23,28,50,80,57,55,89,102,103,111,81,97,134,78,92,71,40,25,41,15,91,83,85,113,147,83,140,106,72,93,55,52,59,100,49,40,25,59,67,85,129,71,58,95,51,57,43,56,70,94,45,47,79,55,59,78,61,76,90,53,68,66,49,69,58,58,,54,84,97,,64,41,76,53,36,54,90,53,74,66,36,40,21,33,36,89,45,16,47,42,47,62,41,54,17,38,46,29,17,19,37,41,25,14,69,48,44,44,29,26,59,60,49,47,37,21,57,21,20,21,31,22,37,71,56,39,48,46,80,41,43,76,81,76,91,111,112,67,88,63,90,112,54,110,98,69,61,104,82,70,81,78,68,64,94,78,96,36,25,33,23,26,78,42,46,35,26,72,106,102,73,121,112,147,50,77,117,24,35,47,109,62,58,61,50,63,53,50,70,32,42,39,48,143,55,35,48,54,44,31,8,16,17,101,23,17,87,65,67,82,44,56,19,43,61,59,20,46,,36,35,44,28,23,26,44,18,18,24,39,33,71,80,56,65,65,37,79,209,74,64,,49,84,
20160913,2,SO2,2,12,29,45,11,17,117,11,5,8,33,8,15,47,10,12,6,7,9,13,19,12,28,21,28,2,12,31,30,13,11,13,29,12,12,8,7,21,9,8,8,19,16,4,18,6,8,10,21,19,10,19,15,9,6,9,12,6,8,7,6,9,11,4,12,10,11,18,4,19,7,12,6,9,35,13,13,6,12,10,18,16,8,22,20,32,30,49,23,10,24,45,36,13,18,12,12,8,10,24,5,8,4,8,14,5,7,102,33,35,30,7,27,25,17,7,8,10,19,9,3,4,13,14,15,22,6,34,11,9,32,15,10,17,40,16,3,20,9,21,3,6,10,36,16,13,8,10,11,19,7,6,7,6,12,20,6,15,5,7,17,49,16,17,13,9,6,9,15,12,10,9,7,15,25,12,8,20,21,17,17,18,11,15,3,6,15,,2,28,17,,17,53,35,44,25,26,146,6,7,6,19,6,6,8,27,12,6,17,7,6,10,8,2,7,5,5,3,12,4,15,4,20,8,11,10,15,8,19,24,28,21,12,32,16,62,7,27,7,10,14,9,6,5,49,20,74,22,56,31,14,15,16,14,22,23,21,10,10,41,15,19,13,30,33,8,7,14,10,8,19,19,39,6,25,14,32,2,20,6,27,9,21,10,14,6,8,9,15,27,20,15,3,12,8,32,4,4,12,29,20,18,5,17,15,2,3,13,2,32,7,9,15,12,24,17,4,6,5,9,9,6,6,9,26,10,3,6,7,13,5,18,3,10,13,12,7,5,6,,13,13,10,9,6,12,11,6,14,9,14,2,3,3,6,25,4,3,10,3,6,8,,10,14,
20160913,2,SO2_24h,2,14,20,33,7,16,23,13,6,4,28,10,22,29,14,13,7,7,9,12,18,10,22,24,32,10,14,28,24,22,14,19,18,13,13,6,10,13,13,6,8,14,11,4,15,5,11,7,23,15,23,17,18,8,7,13,12,14,13,16,6,10,12,5,13,26,8,29,5,19,5,26,10,12,25,13,24,8,13,12,20,29,9,16,19,35,23,36,29,14,32,33,27,10,9,31,13,14,11,14,6,9,7,9,14,6,12,21,24,41,25,15,25,26,15,11,15,12,18,9,3,62,13,16,16,23,24,42,24,19,26,30,13,30,32,33,6,15,9,19,3,10,20,39,22,17,13,12,10,20,25,10,8,9,20,101,11,27,6,6,35,27,14,11,18,12,7,10,17,13,13,9,6,11,16,20,8,18,25,24,12,19,12,14,4,17,16,,3,20,22,,31,38,25,56,30,28,85,5,8,13,18,5,9,11,22,18,9,23,6,21,10,13,2,7,5,9,3,12,4,9,6,22,10,12,26,16,16,27,26,26,18,11,29,19,25,14,25,6,9,9,9,6,9,26,27,43,30,35,24,14,13,39,30,18,23,26,16,7,30,18,16,17,25,32,14,14,10,17,8,14,25,26,17,17,21,17,6,9,5,16,12,12,22,14,10,7,8,22,32,30,19,16,13,10,26,6,13,11,31,31,23,28,11,16,6,24,29,3,27,7,11,18,24,62,25,5,10,14,9,9,7,5,8,26,10,4,10,11,37,12,8,6,12,8,10,11,6,6,,14,14,15,13,7,12,11,6,12,8,6,3,4,5,9,24,3,2,7,4,11,8,,16,14,
20160913,2,NO2,69,84,62,52,53,44,100,37,25,59,66,79,55,55,57,48,35,41,37,34,50,55,52,29,31,14,43,40,35,16,12,40,47,42,48,38,32,50,26,20,11,50,26,31,70,15,21,29,93,34,25,71,46,28,27,24,34,23,25,26,9,33,28,6,65,44,47,18,16,55,74,31,16,63,64,33,65,31,64,17,48,41,18,52,15,57,54,86,36,47,76,46,35,100,19,24,24,8,10,12,27,5,29,21,27,6,12,36,29,29,32,41,33,43,19,23,21,25,28,29,15,11,29,52,40,24,14,46,11,17,41,20,34,91,41,46,20,12,8,18,2,20,11,53,15,15,18,9,65,15,49,25,39,30,51,14,16,20,20,18,43,84,33,41,87,43,29,19,30,32,5,11,11,54,47,30,37,39,41,37,22,23,39,18,30,28,28,,15,28,29,,19,34,65,40,37,24,43,48,10,22,25,26,20,9,27,30,16,22,31,25,30,24,42,7,12,14,6,15,9,8,22,12,11,13,26,28,19,27,21,17,56,29,27,25,24,13,55,8,7,11,16,10,13,32,32,28,8,15,18,10,20,28,9,41,28,24,17,39,33,33,25,34,42,87,32,20,15,39,8,32,24,32,32,20,30,28,22,14,14,26,30,24,20,11,33,22,21,22,20,11,15,9,29,56,20,18,7,7,28,27,29,9,24,28,15,31,21,10,27,5,18,13,9,22,42,20,29,9,11,22,6,17,9,12,,6,35,49,12,28,50,18,29,12,56,60,7,23,,18,40,37,17,2,18,15,3,6,14,19,22,17,34,17,40,14,9,50,8,17,10,,60,23,
20160913,2,NO2_24h,41,51,47,49,35,40,43,26,21,46,53,60,44,48,37,48,26,45,42,32,44,52,31,32,35,15,40,40,28,18,14,23,35,37,35,30,40,32,30,17,15,32,23,18,49,19,27,23,57,34,32,47,36,34,24,29,34,33,35,28,13,27,23,10,60,74,35,29,14,61,48,32,31,44,40,32,40,26,35,19,26,34,20,40,33,45,31,49,26,38,34,47,35,44,17,26,19,15,10,10,19,6,14,21,25,8,18,22,26,35,28,37,25,47,22,38,32,33,28,29,18,15,26,30,28,21,20,42,23,28,36,38,38,66,32,31,26,15,10,16,4,35,28,46,38,33,23,27,41,24,44,30,37,42,51,17,28,17,13,22,31,52,27,34,37,26,28,22,24,19,9,16,11,33,32,31,35,28,33,43,23,20,36,12,25,24,40,,20,27,22,,24,27,44,33,33,33,32,26,24,25,43,22,20,11,23,40,19,18,26,31,27,21,32,15,12,19,8,18,9,13,33,20,19,16,34,30,25,24,31,16,46,17,18,27,24,18,34,12,13,9,18,26,7,19,21,15,12,13,18,9,16,42,28,24,35,22,21,28,30,19,34,34,29,65,22,23,13,26,8,24,16,39,22,20,21,29,22,12,11,13,17,18,21,9,24,16,10,46,24,29,34,35,36,63,23,32,20,12,26,22,38,20,21,30,26,40,19,14,22,7,23,9,24,23,39,15,27,15,10,23,9,11,11,21,,6,35,41,22,34,26,13,17,19,47,31,12,25,,18,22,24,13,4,13,15,4,7,12,17,18,29,49,19,16,11,11,21,7,15,11,,39,29,
20160913,2,O3,17,28,57,58,13,14,14,27,9,39,70,66,16,10,18,3,39,3,10,108,56,54,60,78,58,85,54,41,58,91,93,55,79,31,49,51,43,30,61,60,116,33,73,24,80,65,81,6,14,64,106,36,47,31,39,49,34,47,46,36,34,36,14,21,36,41,37,69,88,22,12,39,60,20,15,38,9,41,8,30,9,22,60,35,128,74,29,7,56,31,28,62,81,4,64,89,24,87,52,52,11,74,23,50,43,74,62,5,30,104,26,19,24,36,9,18,13,9,18,11,14,28,15,90,88,72,106,65,130,41,84,37,46,20,57,35,43,92,58,42,35,66,107,16,40,72,53,61,26,89,16,25,8,15,7,67,102,33,68,71,57,15,62,78,16,41,54,95,28,37,85,44,34,34,49,34,56,75,42,74,83,37,40,72,51,47,68,,52,66,62,,25,41,11,19,25,2,54,18,38,61,91,12,28,119,23,10,11,10,8,9,8,12,1,4,29,16,29,26,7,23,50,14,16,15,121,98,89,88,109,46,62,63,88,132,45,53,76,77,44,35,41,21,58,29,10,83,74,67,25,63,93,45,125,73,106,74,83,58,75,61,58,71,52,19,35,70,79,61,21,48,31,67,38,27,23,36,20,18,37,24,37,19,10,21,4,26,5,50,106,101,60,90,50,40,81,26,83,6,56,44,65,76,12,33,55,45,31,46,59,85,19,17,80,20,10,3,16,33,18,35,72,82,65,17,67,46,5,7,36,16,4,79,10,103,35,15,66,59,,43,28,4,51,38,48,48,9,100,50,46,43,67,56,125,20,63,38,13,72,48,13,,16,40,
20160913,2,O3_24h,149,141,220,107,91,183,189,99,115,172,176,172,148,82,95,97,134,74,64,136,243,162,148,156,124,175,169,184,183,162,186,175,199,209,151,119,200,219,181,131,126,145,128,112,171,92,112,95,203,227,193,227,157,134,167,180,197,253,266,157,111,137,59,144,130,218,167,131,125,75,162,126,124,119,151,118,103,104,145,109,108,115,83,212,188,214,115,216,180,147,194,186,208,154,163,191,107,108,107,123,107,100,104,173,114,107,119,88,98,205,71,120,128,103,68,76,134,73,96,86,34,44,64,153,234,137,195,181,171,159,193,181,175,244,195,161,148,111,104,87,45,114,210,139,191,148,158,138,146,145,90,105,71,57,144,113,142,92,136,94,209,192,210,225,206,165,250,160,145,145,117,117,141,198,132,130,163,145,209,178,252,194,155,141,105,148,121,,107,179,184,,78,121,65,92,82,37,121,77,75,117,113,74,88,137,69,91,85,81,76,121,106,92,88,62,57,38,37,39,36,49,63,63,39,71,188,156,139,129,164,95,211,164,187,162,105,76,97,103,80,89,110,97,118,111,89,151,93,122,103,112,159,148,190,205,147,165,174,179,170,153,171,220,163,154,209,161,191,291,107,133,117,160,121,103,137,154,129,75,62,71,104,86,73,93,69,97,77,65,250,192,179,172,165,130,96,58,179,76,113,155,115,145,143,135,272,108,150,130,150,121,86,97,118,121,83,46,118,133,94,59,102,122,105,48,76,96,74,100,124,166,88,182,127,141,76,116,90,115,,94,125,124,128,92,113,125,41,110,115,135,105,115,94,156,121,115,93,100,107,154,98,,100,125,
20160913,2,O3_8h,29,32,62,62,10,23,14,32,10,45,64,65,17,13,24,3,41,3,11,108,58,57,66,76,59,92,56,40,61,98,95,51,85,36,48,51,46,34,53,61,113,34,70,24,85,65,83,8,17,66,117,37,49,30,42,60,36,55,53,39,34,35,12,22,35,31,37,66,87,20,12,35,61,16,15,31,13,42,11,35,8,20,67,39,131,71,33,8,60,35,43,69,90,4,64,92,28,88,54,71,17,76,27,53,46,74,61,4,26,109,32,23,25,36,10,23,12,9,17,11,15,28,15,88,93,75,106,68,131,38,86,34,46,15,56,40,45,88,59,40,34,73,106,17,32,70,64,62,30,87,21,24,8,15,5,73,100,39,68,67,54,18,72,77,23,42,55,83,25,39,76,46,35,35,53,39,68,68,45,73,87,41,41,72,46,58,70,,49,72,67,,26,46,18,19,18,2,60,18,36,66,85,11,30,122,24,9,10,11,9,7,8,13,1,4,30,16,30,27,7,20,50,12,16,16,116,101,88,92,115,45,68,75,94,135,46,55,76,80,42,36,38,18,72,31,14,92,74,67,28,63,96,52,119,84,88,72,84,63,74,58,65,85,50,22,30,70,76,66,19,51,31,64,38,26,26,33,19,17,37,27,45,19,12,29,4,28,6,47,119,98,55,81,46,40,86,25,85,6,61,50,65,78,13,33,56,34,30,51,66,92,17,21,76,26,10,4,19,40,18,35,67,86,63,16,68,49,6,15,40,17,7,92,7,102,37,33,66,58,,44,38,4,57,38,52,48,9,100,54,46,27,66,51,115,17,67,41,13,74,46,15,,10,48,
20160913,2,O3_8h_24h,42,34,70,67,11,33,14,39,11,51,64,65,20,17,29,3,44,3,10,110,61,62,72,76,60,98,59,41,65,105,98,53,93,41,51,53,49,38,53,62,113,36,70,24,91,66,84,11,20,68,127,42,52,32,45,71,39,62,61,43,37,35,13,23,36,31,41,66,88,20,12,35,61,18,17,31,18,43,15,39,9,21,75,45,135,71,37,9,64,39,59,76,99,4,66,96,33,89,56,90,17,78,30,56,48,76,62,4,28,114,38,27,25,38,11,25,12,9,15,12,16,28,15,90,99,78,107,75,133,38,89,34,49,15,58,44,47,88,59,40,34,81,106,19,32,70,75,64,36,87,26,25,8,16,5,81,100,45,71,67,54,21,82,82,30,43,58,83,26,42,76,48,36,36,56,43,79,73,48,73,91,44,42,77,46,69,73,,50,77,72,,27,50,25,21,18,2,67,18,36,71,85,11,33,126,20,9,11,12,9,7,9,14,1,4,32,17,31,29,9,20,50,12,16,18,117,104,89,97,121,46,74,86,99,138,46,57,77,83,42,38,38,18,86,33,19,101,74,68,32,64,100,60,120,95,88,72,85,69,75,64,73,100,52,25,30,70,77,73,20,54,32,64,39,27,29,36,19,18,38,31,54,21,15,38,5,29,6,47,132,98,55,81,46,42,92,26,86,7,67,56,67,80,14,34,57,34,30,56,73,98,17,25,76,32,11,6,23,46,19,36,67,90,64,16,70,53,6,22,45,18,11,105,7,102,39,52,67,61,,47,49,4,63,38,55,48,9,101,58,46,27,67,51,115,17,71,44,15,76,47,17,,10,57,
20160913,2,CO,0.82,1.80,1.10,2.00,0.76,2.13,1.85,0.43,0.38,1.70,1.00,1.25,0.85,1.21,0.62,1.06,1.13,0.73,1.26,0.84,0.91,1.06,0.85,0.90,1.10,1.10,0.72,1.10,0.90,0.73,0.74,0.67,0.90,0.69,0.61,0.65,0.60,0.70,0.80,0.97,0.75,0.80,0.67,0.80,0.84,0.85,0.50,0.78,1.10,0.72,1.30,0.80,0.68,1.55,0.62,0.55,0.70,0.63,0.70,0.60,0.56,0.80,0.87,0.30,0.98,0.98,0.74,0.62,0.37,1.46,0.85,0.60,0.30,0.93,1.33,0.67,0.82,0.50,1.22,1.45,0.73,1.40,0.30,1.40,1.87,1.60,1.10,5.30,0.54,0.80,0.97,1.25,1.70,1.13,0.60,0.90,0.88,0.65,0.57,0.87,0.75,0.70,0.80,0.70,0.85,0.60,0.63,1.30,1.47,1.23,1.40,1.22,1.13,1.08,1.13,1.42,0.88,1.42,0.78,0.66,0.33,0.17,0.72,0.80,0.92,1.04,2.00,3.95,1.00,1.63,1.10,1.25,0.80,1.30,1.14,0.90,1.80,0.70,0.67,0.88,0.40,0.52,0.62,1.42,0.87,0.57,0.72,1.13,0.50,0.85,1.05,0.57,1.03,0.83,1.03,1.65,0.40,0.40,1.46,0.43,0.80,2.15,0.70,0.90,0.85,0.60,0.60,0.80,0.70,0.85,0.65,1.00,0.55,0.97,1.00,0.70,0.40,0.90,0.95,0.67,1.10,1.65,1.05,0.75,0.75,0.70,1.10,,0.35,0.50,1.13,,2.10,1.00,0.77,1.57,1.35,1.00,1.33,1.13,0.20,0.30,0.45,0.40,0.60,0.55,0.68,1.15,0.40,1.38,0.97,0.90,1.15,1.55,1.00,0.75,0.90,0.53,0.40,0.57,0.45,0.43,1.20,0.50,0.25,1.10,0.72,1.00,0.83,1.17,0.57,0.43,0.75,0.90,0.80,0.70,1.35,0.50,0.70,0.47,0.90,0.93,0.77,0.30,0.57,1.45,1.80,0.80,1.07,0.97,0.88,1.13,0.70,1.27,0.80,0.83,1.33,0.50,0.95,0.73,0.93,0.92,1.33,0.92,1.00,1.03,1.50,1.00,0.67,0.77,0.60,1.06,1.13,0.80,1.55,0.57,1.32,1.53,0.40,0.67,0.90,1.23,1.03,0.80,0.40,0.95,0.90,0.95,0.80,0.50,0.90,0.33,0.67,0.23,1.13,1.15,0.50,0.75,0.43,1.80,,0.93,0.63,0.43,0.55,1.05,0.50,0.70,0.50,0.40,1.00,1.00,0.35,1.15,0.50,0.93,0.70,0.75,0.55,0.80,1.05,0.45,0.80,0.30,0.30,1.50,0.35,0.30,0.97,0.80,0.35,0.70,1.20,0.70,1.00,0.30,1.00,0.65,0.45,0.55,,1.40,0.90,1.40,0.60,0.20,0.50,0.50,3.20,0.30,0.70,0.50,0.55,0.40,1.30,1.15,1.20,0.25,1.00,1.03,0.90,0.97,1.10,,0.85,0.60,
20160913,2,CO_24h,0.76,1.95,0.97,2.02,0.56,1.37,1.10,0.43,0.43,0.67,1.53,1.35,0.88,0.96,0.72,0.89,1.10,0.82,1.15,0.74,0.98,0.94,0.73,0.80,1.08,0.80,0.75,0.90,1.00,0.90,0.72,0.67,0.75,0.76,0.70,0.65,0.75,0.60,0.80,0.93,0.75,0.70,0.53,0.77,0.81,0.75,0.60,0.80,1.19,0.70,1.50,0.93,1.02,0.80,0.72,0.65,0.75,0.87,0.83,0.66,0.64,0.80,0.84,0.38,1.03,1.23,0.66,0.68,0.40,1.35,0.85,0.85,0.80,0.77,1.23,0.95,1.20,0.60,1.05,1.50,0.63,1.30,0.33,1.20,1.83,1.50,1.05,2.40,0.60,0.74,0.87,1.20,1.20,0.87,0.57,1.00,0.78,0.83,0.63,0.80,0.85,0.73,0.80,1.00,1.05,0.70,0.88,1.10,1.80,1.40,2.10,1.78,1.05,1.57,1.20,1.70,1.04,1.50,1.02,0.70,0.40,0.28,0.66,0.73,1.02,0.86,2.18,2.05,1.40,1.83,0.93,1.30,0.88,1.35,1.10,0.70,1.87,0.73,0.73,1.02,0.45,0.73,0.76,1.70,0.73,0.97,0.93,0.92,0.55,0.90,1.15,0.73,1.27,0.80,1.03,1.65,0.50,0.60,1.40,0.53,0.80,1.80,0.60,0.85,0.80,0.65,0.55,0.90,0.80,0.80,0.70,1.00,0.60,0.80,0.85,0.70,0.40,0.70,0.80,1.00,0.90,1.50,1.00,0.60,0.60,0.70,1.25,,0.40,0.70,1.02,,2.62,1.04,0.87,1.60,1.40,1.10,0.90,0.73,0.40,0.25,0.70,0.47,0.80,0.55,0.66,1.50,0.48,1.38,0.80,1.10,0.70,1.50,0.90,0.60,0.90,0.60,0.47,0.47,0.25,0.47,1.30,0.60,0.45,1.20,0.60,0.93,0.80,1.18,0.57,0.47,0.80,0.70,0.70,0.68,1.20,0.60,0.70,0.53,0.97,0.90,0.80,0.30,0.73,1.23,1.60,0.50,1.18,0.95,0.85,1.15,0.85,1.93,1.27,0.90,1.30,0.50,1.00,0.53,0.83,0.94,1.43,0.95,1.03,1.00,1.65,1.00,0.87,0.90,0.40,1.02,0.93,0.95,1.50,0.57,1.38,1.35,0.55,0.70,0.93,1.10,1.07,0.80,0.55,0.50,0.80,0.95,0.75,0.70,0.83,0.62,1.07,0.70,1.00,1.25,0.63,0.95,0.75,1.05,0.20,1.07,0.90,0.52,0.70,1.05,0.90,0.70,0.40,0.45,1.00,0.90,0.35,1.15,0.60,1.13,0.75,0.80,0.60,1.10,1.10,0.60,0.50,0.30,0.30,1.40,0.35,0.35,1.00,0.90,0.55,0.70,0.95,0.60,0.90,0.50,0.95,0.55,0.55,0.55,,1.40,0.70,1.30,0.60,0.30,0.50,0.40,3.20,0.30,0.55,0.50,0.45,0.55,1.65,1.25,0.80,0.20,0.80,0.57,0.80,0.93,0.90,,0.85,0.70,
20160913,3,AQI,83,108,134,100,54,60,164,54,30,83,63,62,58,80,61,62,54,54,53,68,81,69,78,75,60,64,76,96,79,60,71,66,104,50,45,41,47,57,63,56,35,79,85,54,81,36,26,87,127,87,113,75,62,33,28,31,39,26,40,36,18,45,40,18,94,81,74,51,27,96,69,42,36,60,76,54,69,22,156,45,47,48,24,107,74,101,89,193,96,65,106,113,126,113,75,58,47,27,42,53,31,27,30,33,41,22,30,97,53,110,40,41,41,43,55,100,52,53,48,50,43,12,29,55,89,60,40,78,37,105,78,66,69,123,89,103,63,58,19,34,13,41,51,75,237,74,43,177,89,70,94,46,27,57,135,21,34,27,47,59,96,125,98,85,99,67,50,30,62,72,46,53,52,79,88,75,61,70,73,81,68,100,84,85,81,53,60,,66,59,79,,48,44,70,48,24,58,69,73,36,39,33,45,19,39,56,69,43,16,58,27,53,54,59,59,13,55,43,24,15,14,19,43,14,12,71,54,42,51,32,28,66,77,80,63,49,20,64,25,14,28,19,19,65,109,53,63,46,55,67,45,63,78,63,74,58,80,75,77,77,60,64,100,60,83,96,58,40,84,84,81,76,77,67,64,76,74,60,57,36,49,36,32,63,52,40,45,37,38,164,76,27,56,136,144,27,55,55,21,17,61,70,36,53,70,30,58,40,34,66,37,47,41,49,105,53,40,56,43,41,31,24,25,19,58,28,16,68,52,54,48,68,53,47,51,70,67,19,57,,52,51,44,18,31,17,38,32,32,44,46,31,38,34,61,84,64,41,119,55,49,44,,59,75,
20160913,3,PM2.5,61,81,102,75,32,43,125,30,17,61,45,29,36,49,25,39,32,36,33,49,60,50,57,55,39,46,56,72,58,43,52,32,78,35,28,28,33,39,45,33,15,58,63,36,56,12,13,46,89,58,85,36,41,23,18,17,27,18,28,25,12,29,23,8,70,60,54,33,8,72,33,17,15,29,45,35,24,14,119,25,28,30,17,75,54,65,66,145,71,47,80,85,96,85,55,35,25,13,23,37,18,17,21,22,27,12,21,59,37,83,22,29,25,17,24,75,26,31,33,28,20,3,14,39,66,42,18,57,5,79,53,48,44,90,66,77,27,41,7,24,2,27,36,49,187,54,29,134,62,51,70,26,19,40,103,9,13,19,17,25,72,95,73,63,74,43,34,21,37,47,28,37,27,56,65,55,44,51,48,60,49,75,62,63,60,37,38,,48,40,50,,17,31,39,27,16,41,31,53,25,16,23,27,5,27,39,42,24,11,27,19,27,25,20,31,9,9,12,11,9,8,13,10,7,4,52,37,25,30,9,16,48,53,59,45,17,3,46,17,10,17,11,9,31,82,37,45,31,39,43,30,45,57,45,51,31,48,45,54,44,37,46,75,41,61,72,35,28,62,62,60,56,53,44,46,56,53,43,40,25,30,17,22,45,32,19,26,23,14,125,56,15,40,104,110,15,39,34,11,7,44,51,25,20,51,21,41,26,17,36,21,33,29,34,79,37,17,40,30,25,18,15,3,6,26,11,11,49,22,38,33,25,27,23,20,51,39,11,36,,17,2,31,6,22,11,26,6,8,31,32,21,18,24,16,43,46,29,62,25,18,31,,28,36,
20160913,3,PM2.5_24h,38,44,81,55,24,57,69,18,16,32,43,23,50,29,16,46,28,37,27,37,43,37,39,43,32,44,54,54,45,60,42,34,43,44,30,19,38,32,38,30,16,45,33,24,42,9,16,22,62,40,61,43,46,19,18,20,26,24,30,24,13,21,23,12,67,72,46,34,13,58,32,25,24,28,42,37,26,14,69,23,20,27,14,51,60,57,52,77,55,37,60,63,69,45,39,36,20,19,15,23,12,12,20,25,22,12,26,23,36,79,22,48,22,25,17,84,34,30,28,20,17,7,17,32,47,34,26,52,63,58,60,48,51,74,61,56,41,30,10,25,5,56,56,41,122,110,41,95,56,47,52,32,25,32,72,15,15,17,13,26,60,73,50,44,52,35,38,26,29,36,28,29,35,39,43,44,38,38,43,59,36,59,49,42,46,45,38,,31,45,39,,28,27,30,33,20,36,30,27,30,25,22,21,7,22,19,60,22,8,23,31,21,31,17,33,8,11,15,12,7,11,22,14,9,7,45,30,21,25,16,13,41,28,44,32,16,16,43,12,8,11,14,8,22,56,37,25,34,34,49,30,27,46,50,36,48,48,50,40,35,41,59,57,34,67,59,44,41,61,48,42,55,40,42,44,48,46,45,21,18,20,13,17,50,25,23,25,17,26,83,73,52,78,69,97,27,61,62,14,25,30,58,43,17,38,36,42,33,15,34,18,30,29,37,89,36,18,39,48,35,15,17,4,10,32,19,9,45,25,43,41,16,26,12,18,46,32,14,23,,14,12,26,11,15,13,16,5,8,15,22,21,27,29,17,25,39,10,25,39,24,28,,19,25,
20160913,3,PM10,81,94,161,100,57,65,215,58,30,105,74,73,65,110,71,74,58,58,55,52,106,61,88,61,70,59,69,102,87,67,73,82,98,49,45,41,47,63,61,61,22,65,79,58,111,36,22,123,203,123,84,99,74,32,28,31,36,15,36,34,18,45,40,18,113,98,85,52,16,117,88,42,36,69,102,57,87,22,195,45,47,48,23,164,89,151,79,270,142,80,143,134,127,133,55,66,47,27,42,52,31,27,30,33,41,14,25,143,55,118,40,41,41,43,59,105,54,55,48,50,43,12,29,53,109,69,40,83,7,140,106,64,88,196,85,112,75,49,16,34,6,41,51,100,,65,43,181,128,73,110,46,26,63,108,18,24,24,47,67,80,183,85,79,110,83,50,30,74,93,46,51,53,108,77,77,69,85,95,82,76,99,83,77,80,50,70,,63,68,108,,48,39,89,48,24,63,88,86,,39,32,45,19,37,62,88,43,16,65,26,55,57,67,67,13,59,43,24,15,14,17,43,14,12,85,57,42,52,32,28,78,103,62,52,49,17,54,25,14,28,19,19,79,72,56,74,46,56,84,45,68,81,55,98,65,109,99,103,104,69,74,146,69,115,117,66,39,104,89,98,94,103,83,71,74,98,68,64,31,49,36,32,73,53,40,45,37,38,138,69,19,56,147,144,22,47,60,21,15,62,85,36,56,79,26,60,40,34,82,37,40,31,40,143,53,40,,,41,31,6,11,14,65,28,12,71,53,46,48,85,55,47,51,69,84,16,64,,54,51,34,16,,17,38,15,12,28,40,31,38,31,71,117,71,37,188,59,49,32,,68,100,
20160913,3,PM10_24h,59,72,132,84,42,89,118,48,30,59,69,69,80,77,40,72,48,61,47,46,83,60,60,73,64,62,73,88,72,87,76,74,65,60,44,29,53,49,55,59,23,57,45,42,86,25,31,53,131,80,92,103,72,32,29,35,43,42,59,39,27,40,36,26,101,118,77,61,45,111,61,50,52,78,75,63,69,30,105,50,32,44,23,101,105,110,77,137,99,65,103,98,102,74,47,68,37,33,26,37,34,27,33,39,36,31,41,51,54,131,49,79,40,69,40,111,55,54,43,39,49,22,29,50,82,57,54,88,101,105,109,80,97,137,79,93,71,40,25,40,15,89,82,87,111,142,81,142,106,72,94,55,49,59,101,49,41,25,59,68,85,132,73,60,98,53,58,42,58,73,92,45,47,79,55,59,77,63,79,89,54,70,67,50,70,58,59,,56,84,98,,63,42,77,53,36,54,90,55,74,63,36,40,22,34,37,89,45,16,48,42,47,62,42,55,17,40,46,29,17,18,37,41,25,14,71,49,44,44,30,26,61,62,51,48,38,21,57,21,20,21,30,21,40,72,57,41,48,46,81,42,44,76,81,77,90,112,113,70,89,64,91,112,54,112,99,69,60,104,82,71,82,79,69,64,93,80,95,37,26,34,24,26,78,43,46,36,27,71,107,100,71,117,113,148,49,77,112,23,34,48,106,60,59,62,48,63,53,50,70,33,42,38,47,145,55,36,48,54,45,31,8,16,18,102,23,17,85,64,68,81,46,56,20,44,62,61,19,48,,37,36,44,28,23,26,44,18,18,24,40,33,70,76,56,68,65,37,86,210,69,62,,50,84,
20160913,3,SO2,2,13,24,45,9,15,72,12,5,9,35,10,17,39,10,12,6,7,9,12,20,12,25,16,25,5,15,35,28,13,11,16,21,13,13,5,9,17,12,8,8,13,13,4,17,6,6,17,19,19,11,32,15,9,6,9,12,10,9,10,7,9,12,4,13,9,9,20,4,21,8,10,8,11,35,11,13,6,11,11,16,16,6,31,21,44,31,36,24,13,25,38,29,10,13,12,11,9,13,30,5,9,5,7,15,5,11,289,31,21,19,9,23,37,17,7,7,10,18,9,3,4,14,14,16,20,6,29,10,10,20,15,9,17,41,17,3,26,8,23,3,7,11,36,15,10,7,13,10,32,8,7,7,6,10,32,5,16,5,10,18,37,14,19,17,9,5,8,11,12,11,9,7,14,17,12,12,18,24,17,17,19,10,18,2,5,16,,2,18,17,,17,64,66,71,23,26,178,9,7,6,17,5,6,7,25,11,7,16,6,6,10,7,2,7,5,4,3,10,4,6,8,20,8,12,12,14,12,16,25,28,22,7,23,19,63,6,33,9,9,18,9,6,8,38,25,124,27,43,28,23,17,13,13,13,25,20,16,10,30,18,20,15,29,44,7,8,10,11,5,20,15,34,5,16,14,23,2,18,6,26,8,16,6,14,7,6,9,14,24,18,7,2,10,6,31,4,5,11,26,19,20,5,18,19,2,4,7,2,24,8,10,12,11,17,19,4,6,6,8,9,7,6,10,26,10,3,6,7,10,4,22,3,10,10,11,7,5,6,,14,11,8,10,6,12,12,6,15,9,8,2,2,3,5,25,4,1,8,2,6,8,,9,12,
20160913,3,SO2_24h,2,14,20,33,7,16,26,13,6,4,28,10,22,30,13,13,7,7,9,12,19,10,22,24,32,9,14,28,24,22,13,19,18,13,13,6,10,13,13,7,8,14,11,4,15,6,10,7,23,16,22,17,18,8,7,13,12,14,13,16,6,10,12,5,12,25,8,29,5,19,5,26,10,12,26,12,24,8,13,12,20,29,9,17,19,35,23,37,29,14,32,34,27,10,9,31,13,13,11,14,6,9,7,9,14,6,12,33,24,40,25,15,26,26,15,11,15,12,18,9,3,62,13,15,16,24,24,40,24,19,25,29,13,29,32,33,6,15,9,17,3,10,20,40,22,17,13,12,10,20,24,9,8,9,20,101,11,27,5,6,34,28,15,11,18,12,7,10,17,13,13,9,6,11,16,20,8,18,25,23,13,19,12,14,4,17,16,,3,20,22,,30,38,27,55,30,29,88,5,8,13,18,5,9,11,22,18,9,22,6,21,11,12,2,7,5,9,3,12,4,8,6,21,10,12,25,16,16,27,27,26,18,11,28,19,27,13,25,6,9,10,9,6,9,26,26,45,30,36,24,14,13,37,28,17,22,26,16,8,29,18,17,16,25,32,14,13,10,17,8,15,25,27,16,16,21,17,6,10,5,16,12,12,21,14,10,7,8,21,32,30,19,16,14,9,26,6,12,11,31,31,23,26,12,17,6,22,27,3,27,7,11,16,22,62,24,5,10,14,10,9,7,5,8,26,10,4,10,11,36,12,9,6,12,8,10,11,6,6,,14,14,15,13,7,12,11,6,12,8,7,3,4,5,9,24,3,2,7,4,11,8,,16,14,
20160913,3,NO2,72,75,70,57,49,45,93,39,23,54,56,86,53,61,57,41,33,37,36,32,55,60,50,28,28,16,47,44,32,22,11,23,44,54,52,34,43,66,41,16,12,34,27,29,73,20,19,42,92,32,20,52,43,30,24,29,33,29,25,30,10,33,26,7,65,31,35,17,15,49,70,32,20,63,54,30,63,27,45,17,39,43,22,69,19,71,50,87,43,47,67,64,45,84,20,22,25,9,11,12,24,5,29,32,26,5,14,39,29,25,27,34,31,51,16,22,19,25,29,26,15,12,29,30,37,24,12,51,10,16,36,16,31,68,32,32,19,13,8,16,2,19,9,46,11,14,18,10,54,20,51,31,36,29,53,12,12,16,8,14,31,82,35,54,65,34,42,17,26,27,5,8,11,51,41,28,35,34,44,37,22,29,35,15,27,31,29,,16,34,28,,16,46,66,41,39,23,50,47,9,16,44,26,32,6,25,29,22,19,26,16,28,19,40,16,9,13,6,14,8,7,23,10,9,13,23,28,20,27,28,14,65,24,23,26,21,17,53,8,6,12,16,25,14,21,25,33,9,13,20,9,25,25,11,41,37,21,16,35,31,25,23,40,35,82,30,19,17,34,5,39,19,33,32,18,27,25,22,9,13,21,34,28,19,14,27,24,18,19,13,11,7,11,26,43,20,14,11,5,33,24,26,10,22,38,17,17,15,19,20,6,16,8,8,25,41,17,28,7,10,21,3,13,11,12,,5,35,47,11,24,45,14,27,12,46,57,7,30,,18,39,25,17,2,32,19,3,5,11,13,10,16,25,9,28,6,8,40,8,12,8,,62,29,
20160913,3,NO2_24h,42,51,48,50,36,40,46,27,21,46,53,61,45,48,38,47,26,45,42,33,44,52,31,32,35,15,40,39,28,17,14,23,36,37,36,29,39,33,30,18,15,33,23,19,50,20,26,24,58,33,31,48,36,34,23,28,34,32,34,28,12,28,23,10,59,72,35,28,14,61,50,32,29,45,41,32,41,26,35,19,27,35,21,42,32,46,31,52,27,39,36,47,36,46,18,25,19,14,10,10,19,6,15,21,25,8,17,23,26,34,28,37,25,46,23,38,32,33,29,30,18,15,26,30,29,21,19,41,23,27,36,37,38,67,31,31,26,16,10,16,4,33,27,46,37,31,23,26,41,24,45,30,37,41,50,17,26,17,13,22,31,55,27,36,38,26,29,22,24,20,9,16,11,33,32,31,35,28,33,42,22,21,36,12,26,25,41,,20,27,23,,23,27,46,33,32,33,32,27,24,24,43,22,21,11,23,40,19,18,26,31,28,22,32,15,12,19,8,17,9,13,33,20,19,16,34,31,25,23,29,15,47,18,18,27,23,18,35,13,13,9,18,25,8,19,22,15,12,13,19,9,16,41,27,25,36,22,21,29,30,20,34,35,28,67,22,23,13,26,8,24,17,38,22,20,21,29,22,12,11,13,18,18,20,10,24,16,11,45,23,28,32,33,36,62,23,32,19,12,26,22,37,19,22,30,26,39,19,14,21,7,23,8,22,23,39,15,27,15,10,23,9,11,11,21,,6,36,42,22,34,28,13,18,19,46,32,12,25,,18,23,25,13,4,14,15,4,7,11,16,18,28,47,18,17,11,12,23,7,16,11,,39,29,
20160913,3,O3,7,36,42,50,16,19,14,20,8,41,83,54,15,3,13,3,37,3,9,95,47,46,61,79,64,80,39,36,54,75,90,84,66,18,45,54,29,4,38,63,111,53,76,22,74,46,82,45,14,55,97,35,41,25,37,45,27,30,38,26,32,28,13,21,32,54,48,67,86,27,11,31,53,21,18,38,6,40,20,26,10,19,51,22,117,51,32,5,46,32,32,27,59,14,53,84,19,86,51,33,11,76,16,37,40,70,57,7,26,114,32,22,23,28,14,14,18,7,12,11,13,27,16,93,80,62,103,47,119,46,91,44,54,36,52,23,39,86,60,42,40,61,102,18,54,79,47,55,34,79,20,18,9,16,7,68,110,36,80,77,68,6,53,53,41,60,32,93,25,33,91,45,33,40,44,31,68,71,35,72,76,25,37,68,41,40,57,,52,51,56,,24,30,5,16,23,1,47,18,37,70,67,6,22,117,21,7,10,13,9,15,7,20,2,4,24,19,29,26,5,31,32,14,15,15,105,99,93,84,75,50,51,57,83,126,45,63,63,75,46,30,41,6,37,35,14,74,71,65,19,62,86,40,129,47,87,75,78,54,74,68,55,50,61,26,42,65,72,58,22,32,28,56,31,33,23,38,18,18,38,26,29,11,10,34,4,24,7,55,105,97,87,85,41,39,87,29,63,8,51,42,68,71,12,25,47,64,35,37,72,89,23,27,78,21,10,10,15,34,19,38,78,81,60,16,65,42,4,13,31,15,5,86,14,95,38,15,62,46,,39,16,6,56,26,34,48,9,101,45,52,64,64,70,109,22,83,25,19,70,52,11,,6,25,
20160913,3,O3_24h,149,141,220,107,91,183,189,99,115,172,176,172,148,82,95,97,134,74,64,136,243,162,148,156,124,175,169,184,183,162,186,175,199,209,151,119,200,219,181,131,126,145,128,112,171,92,112,95,203,239,193,227,157,134,167,180,197,253,266,157,111,137,59,144,130,218,167,131,125,75,162,126,124,119,151,118,103,104,145,109,108,115,83,212,188,214,115,216,180,147,194,186,208,154,163,191,107,108,107,123,107,100,104,173,114,107,119,88,98,205,71,120,128,103,68,76,134,73,96,86,34,44,64,153,234,137,195,181,171,159,193,181,175,244,195,161,148,111,104,87,45,114,210,139,191,148,158,138,146,145,90,105,71,57,144,113,142,92,136,94,209,192,210,225,206,165,250,160,145,145,117,117,141,198,132,130,163,145,209,178,252,194,155,141,105,148,121,,107,179,184,,78,121,65,92,82,37,121,77,75,117,113,74,88,137,69,91,85,81,76,121,106,92,88,62,57,38,37,39,36,57,63,63,39,71,188,156,139,129,164,95,211,164,187,162,105,76,97,103,80,89,110,97,118,111,89,151,93,122,103,112,159,148,190,205,147,165,174,179,170,153,171,220,163,154,209,161,191,291,107,133,117,160,121,103,137,154,129,75,62,71,104,86,73,93,69,97,77,69,250,192,179,172,165,130,96,58,179,76,113,155,115,145,143,135,272,108,150,130,150,121,86,97,118,121,83,46,118,133,94,59,102,122,105,48,76,96,74,100,124,166,88,182,127,141,76,116,90,115,,94,125,124,128,92,113,125,41,110,115,135,105,115,94,156,121,115,89,100,107,154,98,,100,125,
20160913,3,O3_8h,22,33,55,58,12,22,13,28,10,43,70,61,17,10,20,3,40,3,10,104,55,53,64,77,61,88,50,39,58,91,93,62,79,30,47,52,40,24,48,61,112,40,72,23,82,59,82,20,16,62,110,36,46,28,40,55,33,46,49,35,34,33,13,22,34,39,41,66,86,22,12,34,58,17,16,33,11,42,14,31,9,19,62,34,126,64,32,7,55,34,40,55,80,8,61,90,25,88,53,59,9,76,23,48,44,73,60,6,26,111,32,23,24,34,11,20,14,9,14,11,14,28,14,90,88,71,105,61,127,40,87,37,49,22,55,34,43,87,59,41,36,69,105,17,39,73,58,60,31,85,21,22,8,15,6,71,104,38,72,71,59,14,66,69,29,48,48,86,25,37,81,46,34,37,50,36,68,69,42,72,83,36,40,71,44,52,66,,50,64,63,,25,41,13,18,20,1,56,18,36,68,79,10,27,121,23,8,10,10,9,10,8,15,1,4,28,17,29,27,7,20,44,12,16,16,113,100,90,90,102,47,63,69,90,132,45,58,72,78,43,34,39,14,60,32,13,86,73,67,25,63,93,48,122,72,87,73,82,60,74,63,62,74,54,23,34,68,75,63,20,44,30,61,36,28,25,35,19,17,37,27,40,17,12,31,5,27,6,50,115,97,66,82,44,40,87,26,77,7,58,47,66,76,12,31,53,44,32,47,68,91,19,23,77,24,10,4,18,38,19,36,71,84,63,16,67,47,5,12,37,16,6,90,9,100,37,27,65,54,,43,31,5,57,34,46,48,9,101,51,48,39,65,57,113,19,73,36,15,73,48,14,,7,41,
20160913,3,O3_8h_24h,42,36,71,67,13,33,14,39,11,51,70,65,20,17,29,3,44,3,10,110,61,64,72,77,61,98,59,41,65,105,99,62,93,41,53,54,49,38,54,63,113,40,72,24,91,66,84,21,20,69,127,44,53,32,46,72,39,62,61,43,37,35,13,23,36,39,44,66,89,23,12,36,61,20,18,35,18,44,17,39,9,21,75,45,135,71,37,9,65,40,59,76,100,8,66,96,33,89,56,90,9,78,30,56,48,76,62,6,29,114,38,27,25,38,12,25,14,9,15,13,16,29,15,91,99,78,108,75,133,40,91,37,52,22,59,44,47,89,59,42,36,81,106,19,39,73,75,64,40,87,26,25,8,17,6,82,104,45,74,71,59,21,82,83,30,48,58,86,26,42,81,48,36,37,58,43,79,78,48,73,91,44,42,77,46,69,73,,50,77,72,,27,50,25,21,21,2,67,18,36,71,85,11,33,126,20,10,11,12,9,10,9,16,1,4,32,17,31,29,9,21,50,12,17,18,117,105,91,97,121,47,74,86,99,138,46,58,77,83,43,38,40,18,86,34,19,101,74,68,32,65,100,60,123,95,88,73,85,69,79,71,73,100,54,26,34,70,77,73,20,54,33,64,39,30,29,39,19,18,38,31,54,21,15,40,5,29,7,50,132,98,66,82,46,44,92,26,86,7,67,56,69,80,14,34,57,44,32,56,73,98,19,25,77,32,12,6,23,46,19,36,71,90,64,16,70,53,6,22,45,18,11,105,9,102,40,52,67,61,,47,49,5,63,38,55,48,9,101,58,48,39,67,57,117,19,73,44,15,76,49,17,,10,57,
20160913,3,CO,0.83,1.79,1.08,2.25,0.78,2.17,1.67,0.43,0.38,1.47,0.93,1.25,1.05,1.10,0.62,0.95,1.13,0.64,1.36,0.78,0.90,1.09,0.80,0.90,1.08,1.80,0.79,1.23,1.00,0.73,0.68,0.63,0.90,0.74,0.64,0.60,0.65,0.70,0.90,0.93,0.75,0.65,0.63,0.80,0.83,0.90,0.50,1.20,1.19,0.73,1.34,0.83,0.73,0.73,0.70,0.53,0.69,0.70,0.67,0.60,0.52,0.77,0.84,0.30,0.96,0.88,0.63,0.62,0.37,1.46,0.90,0.60,0.25,0.85,1.28,0.58,0.82,0.50,1.55,1.47,0.67,1.48,0.30,1.55,1.63,1.80,1.10,5.30,0.64,0.76,0.93,1.30,1.53,1.07,0.60,0.90,0.86,0.63,0.63,0.93,0.75,0.70,0.80,0.70,0.85,0.55,0.65,1.15,1.40,1.10,1.32,1.26,1.10,1.13,1.15,1.47,0.84,1.47,0.74,0.64,0.30,0.20,0.72,0.83,0.88,1.09,1.98,4.60,0.95,1.60,1.00,1.20,0.74,1.10,1.14,0.80,1.77,0.70,0.63,0.83,0.35,0.65,0.54,1.32,0.63,0.50,0.72,1.10,0.53,1.00,1.10,0.57,1.17,0.83,1.00,1.70,0.30,0.37,1.42,0.43,0.75,2.35,0.70,0.90,0.90,0.60,0.55,0.75,0.75,0.80,0.65,1.00,0.55,0.97,1.00,0.73,0.40,0.85,1.10,0.67,1.05,2.00,1.05,0.80,0.70,0.70,1.10,,0.35,0.50,1.13,,1.90,1.16,0.83,1.77,1.40,0.80,1.47,1.27,0.20,0.30,0.50,0.40,0.60,0.50,0.64,1.15,0.40,1.30,0.97,0.90,0.90,1.50,1.00,0.70,0.90,0.53,0.37,0.63,0.45,0.38,1.20,0.45,0.25,1.20,0.72,0.97,0.83,1.12,0.60,0.43,0.75,1.00,0.90,0.73,1.25,0.50,0.73,0.43,0.87,0.97,0.73,0.30,0.50,1.13,1.83,0.77,1.07,0.90,0.88,1.13,1.00,1.30,0.75,0.87,1.57,0.50,1.00,0.70,0.97,1.02,1.33,0.95,1.00,1.00,1.35,1.00,0.67,0.77,0.50,1.08,1.13,0.80,1.52,0.60,1.27,1.28,0.40,0.70,0.90,1.13,1.07,0.80,0.45,0.95,0.85,0.90,0.75,0.47,0.75,0.33,0.57,0.23,1.10,1.02,0.47,0.70,0.52,1.75,,0.93,0.60,0.43,0.55,1.15,0.50,0.70,0.40,0.40,0.90,1.00,0.25,1.10,0.50,0.80,0.70,0.75,0.50,0.80,1.00,0.50,0.80,0.30,0.30,1.60,0.35,0.30,0.93,0.80,0.30,0.70,1.20,0.60,0.90,0.30,1.00,0.60,0.45,0.55,,1.40,0.90,1.30,0.60,0.20,0.50,0.50,3.20,0.30,0.70,0.45,0.45,0.40,1.20,1.15,1.00,0.15,1.10,0.80,0.90,0.87,1.00,,0.80,0.80,
20160913,3,CO_24h,0.77,1.86,0.97,2.02,0.60,1.40,1.12,0.43,0.40,0.67,1.53,1.35,0.90,0.97,0.68,0.91,1.11,0.81,1.15,0.74,1.00,0.94,0.73,0.80,1.08,0.80,0.75,0.90,0.97,0.87,0.72,0.67,0.75,0.76,0.67,0.65,0.70,0.60,0.80,0.93,0.75,0.70,0.53,0.77,0.83,0.75,0.60,0.85,1.20,0.75,1.50,0.93,0.97,0.80,0.71,0.65,0.75,0.87,0.80,0.66,0.64,0.77,0.86,0.38,1.02,1.23,0.64,0.68,0.40,1.37,0.88,0.85,0.75,0.77,1.25,0.87,1.18,0.60,1.03,1.50,0.63,1.33,0.33,1.23,1.83,1.60,1.05,2.60,0.60,0.74,0.90,1.20,1.20,0.90,0.57,1.00,0.78,0.82,0.62,0.83,0.85,0.73,0.85,1.00,1.00,0.70,0.80,1.10,1.77,1.40,2.02,1.76,1.08,1.55,1.20,1.73,1.04,1.50,1.00,0.70,0.40,0.26,0.68,0.77,1.02,0.86,2.18,2.15,1.40,1.83,0.93,1.30,0.86,1.35,1.10,0.70,1.87,0.73,0.73,1.02,0.40,0.70,0.76,1.72,0.73,0.97,0.93,0.92,0.55,0.90,1.20,0.73,1.27,0.79,1.03,1.65,0.50,0.43,1.40,0.53,0.80,1.80,0.65,0.85,0.80,0.65,0.60,0.90,0.85,0.80,0.70,1.00,0.60,0.80,0.85,0.70,0.40,0.70,0.80,0.93,0.95,1.60,1.00,0.60,0.60,0.70,1.25,,0.40,0.70,1.02,,2.58,1.04,0.87,1.60,1.40,1.10,0.90,0.73,0.40,0.25,0.70,0.50,0.80,0.55,0.66,1.50,0.45,1.38,0.80,1.10,0.70,1.50,0.90,0.65,0.90,0.60,0.47,0.47,0.30,0.47,1.30,0.60,0.40,1.20,0.62,0.93,0.80,1.18,0.57,0.47,0.80,0.75,0.70,0.68,1.20,0.60,0.70,0.53,0.97,0.93,0.80,0.30,0.70,1.23,1.60,0.52,1.18,0.95,0.85,1.15,0.85,1.87,1.23,0.90,1.37,0.50,1.00,0.53,0.83,0.96,1.43,0.95,1.03,1.00,1.60,1.00,0.87,0.90,0.45,1.00,0.95,0.93,1.52,0.57,1.38,1.38,0.55,0.70,0.93,1.13,1.03,0.80,0.50,0.55,0.85,0.95,0.75,0.70,0.83,0.62,1.03,0.67,1.00,1.23,0.63,0.95,0.73,1.10,0.20,1.10,0.88,0.52,0.70,1.05,0.90,0.70,0.40,0.45,1.00,0.90,0.35,1.15,0.60,1.17,0.75,0.80,0.60,1.10,1.10,0.60,0.50,0.30,0.30,1.40,0.35,0.35,1.00,0.90,0.55,0.70,0.95,0.60,0.90,0.50,0.95,0.55,0.55,0.55,,1.35,0.70,1.30,0.60,0.30,0.50,0.40,3.20,0.30,0.55,0.50,0.45,0.55,1.60,1.25,0.80,0.25,0.80,0.60,0.80,0.93,0.90,,0.85,0.70,
20160913,4,AQI,85,114,161,106,53,63,149,55,29,89,58,65,57,72,54,66,52,51,52,64,83,69,76,71,59,65,80,99,89,63,73,55,108,55,46,39,53,55,75,48,33,66,76,54,80,37,24,69,124,90,119,76,60,34,29,32,44,30,39,37,19,39,41,18,91,74,63,46,28,99,72,50,28,65,70,53,70,24,134,45,34,50,24,110,60,131,78,189,101,68,109,118,121,110,81,59,47,26,60,47,34,24,36,34,44,19,26,93,51,71,39,43,38,48,50,100,52,55,51,42,36,20,27,56,95,63,48,100,34,103,78,70,62,116,89,85,59,58,18,36,12,43,70,77,170,59,42,173,80,75,95,43,24,58,134,36,24,24,33,51,91,130,103,95,101,54,53,30,64,68,40,51,52,75,84,74,71,74,79,85,65,103,80,88,76,53,55,,70,60,73,,47,53,81,50,27,51,73,85,37,35,29,42,16,41,56,68,36,18,59,23,54,55,53,61,15,22,39,24,15,14,36,38,13,12,80,59,44,51,32,28,71,71,96,58,38,26,68,26,15,33,14,37,44,103,55,66,49,55,66,46,69,67,58,214,46,73,74,74,68,58,70,103,60,94,86,60,41,85,79,84,81,76,65,61,69,75,62,56,36,44,41,29,58,52,36,43,40,29,154,80,31,47,134,124,30,54,59,21,26,56,67,39,36,71,31,56,31,37,56,40,42,41,49,100,55,31,50,47,41,30,23,25,19,54,21,18,65,58,54,48,64,55,42,43,69,65,19,58,,53,51,43,17,23,29,37,32,31,31,46,30,42,34,52,86,59,58,100,60,36,41,,58,68,
20160913,4,PM2.5,63,86,123,80,32,45,114,32,15,66,40,33,38,40,21,36,32,35,34,46,61,50,56,52,40,47,59,74,66,45,53,34,81,39,28,26,37,39,55,24,16,48,56,37,59,12,13,47,87,63,90,34,41,24,17,20,31,21,27,25,13,24,23,8,68,54,45,31,7,74,37,20,18,33,47,35,30,17,102,26,23,29,17,83,43,88,57,142,74,49,82,89,92,83,60,38,25,13,43,31,18,17,23,24,29,11,17,51,36,34,19,30,20,22,22,75,27,34,36,18,19,10,13,40,71,45,21,75,7,76,57,51,40,85,66,63,36,41,7,24,4,30,51,53,129,42,23,131,59,55,71,30,17,41,102,4,14,17,12,22,68,99,77,71,76,38,35,21,37,40,28,36,32,53,62,54,49,54,52,63,47,77,59,65,56,37,36,,51,37,53,,21,37,39,30,15,34,34,63,26,23,20,26,7,29,32,38,22,12,28,15,33,26,19,35,9,8,9,12,8,7,25,12,9,4,59,41,31,30,12,19,52,51,72,41,19,18,49,18,10,15,10,9,24,77,37,48,34,39,43,31,50,48,41,164,26,48,44,53,43,39,51,77,43,70,64,42,23,63,58,62,60,56,46,44,50,55,40,40,25,31,15,20,39,30,18,26,23,14,118,59,13,33,102,94,12,38,42,7,6,40,48,27,20,52,22,40,22,16,39,23,29,29,34,72,37,14,35,33,29,13,,2,4,21,14,10,47,23,38,33,28,27,18,14,50,37,11,39,,21,12,30,7,16,7,18,5,10,22,32,21,19,15,16,36,38,31,51,29,18,29,,30,36,
20160913,4,PM2.5_24h,40,45,84,56,25,56,71,19,16,34,43,24,49,29,16,46,28,37,28,37,44,37,40,44,32,44,54,54,45,59,42,33,45,44,29,19,38,32,38,31,16,46,34,25,44,9,16,23,63,42,62,42,46,19,18,20,26,24,30,24,13,21,23,13,67,71,45,34,12,60,33,25,23,28,42,37,26,14,70,23,20,28,15,53,60,58,52,81,56,38,63,64,69,47,40,36,21,19,16,23,12,12,21,25,22,12,25,24,35,78,22,47,22,25,18,85,34,30,28,20,18,7,17,32,48,34,25,53,61,59,59,49,51,74,61,56,41,30,10,25,5,54,56,42,122,105,41,96,56,47,54,33,25,33,75,15,15,17,14,26,61,75,51,45,54,35,38,26,30,37,28,30,35,38,43,45,37,38,43,58,37,59,49,43,47,45,38,,32,45,40,,27,26,30,33,20,36,30,29,30,24,22,21,7,22,19,59,22,8,23,31,21,31,17,33,9,11,15,12,7,11,22,14,9,7,46,30,22,26,15,13,42,29,45,33,16,15,44,12,9,12,14,8,22,58,37,26,34,34,49,31,29,47,51,44,46,48,50,41,36,41,63,58,34,65,59,44,40,62,48,43,56,40,42,43,48,47,45,22,19,21,13,17,49,26,23,26,18,26,85,72,50,76,70,98,27,60,61,13,24,31,57,41,18,39,36,42,32,15,34,18,29,29,37,91,36,18,38,48,36,14,17,4,10,33,20,9,45,24,44,41,17,27,13,19,47,33,14,24,,15,13,27,10,15,13,16,5,8,16,23,22,27,27,17,26,39,12,27,39,24,29,,19,25,
20160913,4,PM10,75,104,181,113,56,66,159,60,29,121,66,80,64,94,57,81,54,52,54,49,107,67,84,72,67,61,72,95,86,66,72,60,97,55,46,39,52,59,81,48,23,51,71,57,106,37,16,87,197,129,87,101,69,34,29,32,40,19,,37,19,39,41,18,113,83,72,46,10,108,94,50,28,80,90,56,89,24,168,45,34,50,24,163,67,211,84,212,152,78,146,146,129,117,55,68,47,22,37,47,34,24,36,28,44,12,26,135,49,92,39,42,38,48,50,107,53,60,44,42,36,20,27,59,100,62,48,109,11,156,102,62,74,182,84,93,67,53,18,36,8,38,67,103,136,53,42,173,110,89,104,43,21,61,108,36,,24,33,52,77,187,89,93,105,57,56,30,78,85,39,47,53,100,74,76,92,68,107,80,61,100,78,72,76,49,59,,70,70,94,,47,48,111,50,27,52,96,95,,35,26,42,16,34,62,86,36,18,67,23,58,59,55,72,15,22,39,24,15,14,26,38,12,12,83,67,42,51,32,28,84,92,,51,38,,64,26,14,33,13,37,44,91,60,79,46,56,81,46,74,83,46,82,46,95,97,97,85,66,69,143,67,105,103,69,41,110,75,101,92,79,79,65,71,90,74,60,32,40,41,29,66,53,36,43,40,29,139,76,17,47,144,119,30,45,66,21,26,58,84,39,36,79,27,58,30,37,62,40,42,21,37,149,60,31,28,,37,30,5,6,9,57,19,18,72,65,42,48,78,60,42,43,71,80,17,65,,55,51,,11,20,29,37,12,19,26,38,26,42,34,54,121,67,65,149,70,36,,,65,86,
20160913,4,PM10_24h,66,73,135,86,43,86,121,49,30,62,69,70,78,78,40,73,48,60,48,45,85,60,61,74,64,61,72,87,72,86,76,74,67,59,44,29,53,50,56,59,23,58,47,43,89,27,30,54,134,83,93,103,72,33,29,35,43,42,59,39,27,40,36,26,101,117,76,60,44,112,63,50,49,78,76,62,68,30,107,49,33,45,23,105,105,114,78,143,103,66,107,101,102,77,47,68,38,33,26,38,34,27,33,39,37,30,40,57,54,130,49,77,41,67,42,113,55,53,43,39,49,22,29,51,83,58,54,87,99,108,107,80,96,139,78,93,71,41,25,40,15,85,82,89,111,137,80,143,106,73,96,55,46,59,102,49,41,26,58,68,86,137,74,63,100,53,59,41,61,75,89,45,48,79,56,59,78,63,82,87,54,72,67,51,71,57,61,,58,85,98,,63,43,79,53,35,54,90,59,74,61,36,40,22,34,38,89,44,16,48,41,47,62,43,55,17,39,46,28,17,18,37,41,25,14,72,50,44,45,30,25,63,64,51,48,38,21,58,22,20,21,29,22,40,72,57,42,48,46,80,42,46,76,82,78,88,113,113,74,89,64,101,113,55,112,99,69,59,104,82,74,83,80,70,65,93,82,93,39,27,35,24,26,78,45,45,37,27,69,107,98,68,113,115,149,49,76,109,23,34,49,103,59,59,63,48,63,52,49,69,34,42,39,48,148,54,36,48,54,45,32,8,16,18,103,23,17,85,64,69,80,49,56,21,45,62,62,19,50,,38,37,45,27,24,27,43,18,18,23,40,33,71,73,56,71,65,38,91,211,69,63,,51,83,
20160913,4,SO2,2,15,23,38,9,14,30,12,6,8,34,13,15,31,9,10,6,7,9,12,19,12,27,18,25,5,18,27,28,12,10,15,25,14,14,3,8,11,23,7,8,12,18,4,17,5,6,20,21,20,12,22,15,9,6,10,10,12,11,14,6,12,16,5,12,8,8,17,4,19,10,13,24,14,21,11,16,6,11,10,15,16,6,29,29,50,34,38,23,12,29,37,25,10,14,13,11,8,15,35,7,9,5,8,25,6,9,112,37,14,19,14,27,46,15,7,10,11,30,9,3,4,14,13,18,19,6,43,10,10,21,16,9,24,34,16,3,22,8,25,3,8,18,39,17,9,8,13,10,29,8,7,7,6,10,30,4,12,5,9,20,41,14,18,20,9,5,9,9,12,11,9,8,14,17,12,10,18,22,17,15,17,9,23,3,6,16,,2,18,18,,18,56,68,92,32,25,172,9,10,6,15,5,7,8,39,10,6,17,7,6,12,4,2,8,5,4,3,12,5,7,6,22,8,11,15,25,11,16,27,23,19,6,30,16,45,7,31,9,9,15,7,7,7,33,42,112,38,30,29,29,27,14,9,14,20,20,13,10,39,19,20,12,23,27,9,6,10,11,4,23,25,34,22,21,18,22,3,14,7,23,11,12,5,18,10,7,8,14,21,14,6,2,9,9,25,3,5,12,28,29,24,4,18,14,2,4,3,3,22,8,10,11,11,15,26,4,6,13,8,9,6,4,9,26,9,4,6,8,10,4,27,9,9,10,9,7,5,5,,15,11,7,15,7,12,11,5,14,9,11,2,3,3,6,27,4,1,8,17,9,8,,9,10,
20160913,4,SO2_24h,2,14,21,33,7,17,26,14,6,5,28,10,22,30,13,13,7,7,10,12,19,10,22,23,32,9,15,28,24,22,13,18,19,14,13,6,9,14,14,7,8,14,11,4,15,6,10,8,23,15,21,17,18,8,7,12,12,13,13,15,6,11,12,5,12,25,8,28,5,19,6,26,11,11,26,12,24,7,13,12,20,28,9,18,19,36,23,38,30,14,33,35,27,11,10,31,13,13,11,16,6,9,7,9,15,6,11,36,24,37,25,14,26,27,15,11,15,12,19,10,3,62,13,15,16,24,23,39,23,19,25,28,13,30,32,33,6,15,9,17,3,10,19,41,22,16,12,12,10,20,24,9,8,9,20,102,11,26,5,6,34,29,15,12,18,12,7,10,17,13,13,9,6,12,16,20,8,18,26,23,13,19,11,15,4,17,16,,3,21,22,,29,37,30,54,31,29,90,5,8,13,18,5,9,11,23,18,9,22,6,21,11,12,2,7,5,9,3,12,5,8,6,21,10,12,25,16,15,27,27,26,19,10,28,19,28,13,26,6,9,10,8,6,9,27,25,46,30,35,25,15,14,35,27,17,22,26,15,8,30,18,21,16,24,32,14,13,10,17,8,15,26,27,17,16,21,17,6,10,5,17,12,12,20,14,10,7,8,21,31,29,19,14,14,9,26,6,11,12,31,31,23,25,12,17,6,21,24,3,26,7,11,16,21,62,23,5,10,14,10,9,7,5,8,26,10,4,10,11,35,12,10,9,12,9,10,11,6,6,,15,14,15,13,7,12,11,6,12,8,7,3,4,5,9,24,3,2,7,5,12,8,,16,14,
20160913,4,NO2,68,76,80,54,46,42,52,34,25,62,40,62,59,57,57,38,31,36,37,32,58,65,47,26,27,18,56,47,35,18,11,27,53,58,55,21,42,50,42,9,13,29,28,29,67,19,21,32,89,35,19,59,49,39,27,36,34,30,31,27,10,34,25,7,64,24,33,16,10,39,67,37,25,62,58,36,63,26,38,17,32,42,19,65,16,75,43,81,39,43,62,81,53,90,19,21,28,8,11,15,25,5,26,28,39,6,12,34,24,17,29,33,34,56,15,22,20,27,30,24,18,14,27,26,32,20,14,51,12,18,39,25,29,60,34,22,18,12,8,17,2,18,12,42,9,14,21,10,44,22,53,26,31,33,68,13,38,12,7,9,42,89,22,41,71,28,49,20,32,40,5,7,13,45,46,25,32,36,46,54,46,31,41,18,27,33,28,,17,43,28,,16,53,65,42,50,18,60,41,9,19,29,24,18,5,27,27,17,18,32,22,26,14,39,16,16,13,6,15,7,7,25,13,12,11,37,29,16,22,26,15,86,29,28,25,19,15,62,11,6,10,16,15,15,21,32,38,8,13,26,10,24,25,10,25,29,21,16,30,56,22,30,37,44,63,22,29,18,34,3,35,22,35,30,20,24,27,20,8,15,19,28,25,19,11,22,38,18,24,10,13,5,11,19,39,20,13,13,5,28,26,23,11,18,31,22,20,11,16,19,5,18,6,9,20,38,10,22,23,9,20,4,12,8,12,,4,35,45,10,29,40,8,25,10,43,50,6,24,,22,26,16,21,3,25,19,3,5,13,14,19,13,22,5,23,11,5,40,6,14,8,,46,29,
20160913,4,NO2_24h,44,52,49,49,37,41,47,28,21,46,51,61,45,48,38,48,27,45,43,33,45,52,31,31,35,15,40,38,28,16,14,23,37,37,37,28,39,33,30,18,15,33,23,19,50,20,25,24,58,35,31,49,36,35,23,27,33,31,33,27,12,28,24,10,59,70,34,28,14,60,51,33,28,45,41,32,42,26,35,19,27,35,21,43,30,48,30,54,28,40,38,49,37,48,18,25,20,13,10,10,19,5,16,21,26,8,16,23,26,33,29,36,26,46,23,38,32,33,29,29,18,15,26,31,29,21,19,41,23,26,37,36,38,67,31,31,26,16,9,16,4,32,26,46,35,30,23,24,41,24,46,29,37,40,52,17,26,17,13,22,32,56,28,37,39,27,29,22,25,21,9,17,11,32,33,31,35,27,34,41,21,22,36,12,26,26,41,,20,28,22,,23,27,46,32,33,33,33,29,23,23,42,22,21,11,24,39,19,18,27,31,28,22,32,14,12,18,8,17,10,12,33,20,18,16,34,31,24,23,28,15,48,19,18,27,23,18,36,13,13,10,18,24,8,20,22,16,12,13,19,9,16,39,26,25,35,22,21,29,31,19,36,35,29,67,22,23,13,26,8,25,17,38,23,20,21,30,22,13,12,14,18,18,20,10,24,17,12,43,22,27,30,32,36,62,23,32,19,12,27,23,35,19,22,30,24,39,19,14,21,7,23,8,20,23,40,15,26,15,10,23,9,12,11,21,,6,35,41,21,34,29,23,18,19,44,33,12,25,,18,23,25,13,4,15,15,4,7,10,16,19,28,46,17,18,11,12,24,7,16,11,,39,28,
20160913,4,O3,10,25,24,53,14,26,60,14,5,21,107,66,9,3,10,3,36,3,7,92,39,36,62,85,67,66,23,29,43,73,88,70,50,13,40,75,24,3,30,78,107,57,71,21,81,36,76,39,11,48,99,35,31,11,31,40,25,24,29,25,30,32,13,23,27,57,47,69,90,35,10,22,46,17,16,32,5,39,26,22,15,12,50,22,97,34,37,5,47,36,34,7,51,3,54,80,13,84,63,26,14,73,24,49,28,61,59,5,31,125,26,21,21,22,11,13,21,7,8,13,7,20,12,89,71,65,94,38,109,43,78,35,52,33,45,24,36,90,58,40,38,64,85,18,58,80,30,54,37,71,18,22,10,12,9,59,77,41,84,82,43,4,72,68,26,59,33,70,10,17,84,36,26,49,38,38,73,56,30,56,36,15,29,72,41,36,56,,51,35,52,,22,28,5,15,9,1,38,20,32,59,77,10,39,118,18,9,11,13,7,6,11,32,2,4,12,11,28,26,6,29,35,9,12,16,79,102,100,90,71,48,48,53,68,127,45,58,52,67,47,28,38,13,27,21,8,70,71,58,16,62,82,28,131,70,96,67,83,62,34,82,48,50,40,42,52,51,72,51,25,27,20,50,27,26,24,28,20,23,38,29,33,11,10,44,7,11,5,37,104,80,100,82,45,39,84,28,49,7,46,37,70,68,11,14,37,52,37,35,67,92,19,39,76,21,10,11,19,10,17,37,73,79,61,19,67,41,3,5,29,8,9,95,16,94,34,21,61,55,,33,34,8,54,26,50,40,9,99,40,46,49,62,71,84,30,79,40,23,70,44,14,,13,25,
20160913,4,O3_24h,147,141,220,107,91,183,189,99,115,172,176,172,148,82,95,97,134,74,64,136,243,162,148,156,124,175,169,184,183,162,186,175,199,209,151,119,200,219,181,131,126,145,128,112,171,92,112,95,203,227,193,227,157,134,167,180,197,253,266,157,111,137,59,144,130,218,167,131,125,76,162,126,124,119,151,118,103,104,145,109,108,115,83,212,188,214,115,216,180,147,194,186,208,154,163,191,107,108,107,123,107,100,104,173,114,107,119,88,98,205,71,120,128,103,68,76,134,73,96,86,30,44,64,153,234,137,195,181,171,159,193,181,175,244,195,161,148,111,104,87,45,114,210,139,191,148,158,138,146,145,90,105,71,57,144,113,142,92,136,94,209,192,210,225,206,165,250,160,145,145,117,117,141,198,132,130,163,145,209,178,252,194,155,141,105,148,121,,107,179,184,,78,121,65,92,82,37,121,77,75,117,113,74,88,137,69,91,85,81,76,121,106,92,88,62,57,38,37,39,36,57,63,63,39,71,188,156,139,129,164,95,211,164,187,162,105,76,97,103,80,89,110,97,118,111,89,151,93,122,103,112,159,148,190,205,147,165,174,179,170,153,203,220,163,154,209,161,191,291,107,133,117,160,121,103,137,154,129,75,62,71,104,86,73,93,69,97,77,67,250,192,179,172,165,130,96,58,179,76,101,155,115,145,143,135,272,108,150,130,150,121,86,97,118,121,83,46,118,133,94,59,102,122,105,48,76,96,74,100,124,166,88,150,127,141,76,116,90,115,,94,125,124,128,92,113,125,41,110,115,135,103,115,94,156,121,115,89,100,107,154,98,,100,125,
20160913,4,O3_8h,21,28,48,57,13,23,25,24,8,38,80,62,15,8,17,3,39,3,9,101,51,49,64,79,62,82,44,36,55,86,92,64,72,26,45,58,36,19,43,65,111,44,71,22,82,53,80,25,15,59,107,36,43,24,38,51,31,41,44,33,33,33,13,22,33,43,42,67,87,25,11,31,55,17,16,33,9,41,17,29,10,17,59,31,119,57,34,6,53,35,38,43,72,7,59,87,22,87,55,51,11,75,23,48,40,70,60,6,27,114,30,22,23,31,11,18,16,7,12,11,12,26,14,90,84,69,102,56,123,41,85,37,50,25,52,32,41,88,59,40,36,67,100,17,44,75,51,58,32,81,20,22,8,14,7,68,97,39,75,74,55,11,67,69,28,51,44,82,21,32,82,43,32,40,47,37,69,66,39,68,67,30,37,71,44,48,64,,50,57,61,,24,36,11,17,17,1,51,18,35,65,79,9,30,120,21,9,10,10,8,9,9,19,2,4,24,17,29,27,6,23,42,12,15,16,104,101,93,90,94,47,59,65,84,131,45,58,67,75,44,33,39,14,52,30,11,82,73,65,23,62,90,43,125,71,90,71,82,61,64,69,65,68,51,28,38,64,74,60,21,40,27,58,33,28,25,33,19,19,37,27,38,15,11,34,5,21,6,47,112,93,74,82,45,40,86,27,70,7,55,45,67,73,12,26,49,46,33,44,68,91,19,27,76,24,10,6,18,31,18,37,71,83,63,17,67,45,5,10,35,14,7,90,11,98,36,26,64,55,,40,32,6,56,32,47,46,9,100,49,48,42,65,60,106,22,74,37,17,72,47,14,,9,37,
20160913,4,O3_8h_24h,42,32,71,67,13,33,25,39,11,51,80,67,20,17,29,3,44,3,10,110,61,64,72,79,63,98,59,41,65,105,99,64,93,41,54,58,49,38,54,65,113,44,72,24,91,66,84,25,20,69,127,45,53,32,46,72,40,62,61,43,37,36,14,23,37,43,46,67,89,26,12,36,61,21,19,35,18,44,19,39,10,21,75,45,135,71,37,9,65,40,59,76,100,8,66,96,33,89,57,90,11,78,30,56,48,76,62,6,30,119,38,27,25,38,12,25,16,8,15,13,16,29,15,91,99,78,108,75,133,42,91,38,52,25,59,44,47,90,59,42,36,81,106,20,44,75,75,64,42,87,26,25,9,17,7,82,104,45,76,74,59,21,82,84,30,51,58,87,26,42,82,48,36,40,58,43,79,78,48,73,91,44,42,77,46,69,73,,51,77,73,,27,50,25,21,21,2,67,18,36,71,85,12,33,126,20,10,11,12,9,10,10,20,2,4,32,17,31,29,9,23,50,12,17,18,117,105,93,98,121,48,74,86,99,139,46,58,77,83,44,38,40,18,86,34,19,101,74,68,32,65,100,61,125,95,90,73,85,69,79,77,82,100,55,29,38,70,77,73,22,54,33,64,39,30,29,39,19,19,38,31,54,21,15,42,5,29,7,50,132,98,74,83,46,44,92,27,86,7,67,56,69,80,14,34,57,46,33,56,75,98,20,27,77,32,12,8,23,46,19,37,71,90,64,17,70,53,6,22,45,18,11,96,11,102,41,52,67,61,,47,49,6,63,38,55,48,9,101,58,48,43,67,60,118,22,74,44,17,76,49,17,,11,57,
20160913,4,CO,0.79,1.93,1.15,2.50,0.68,2.03,1.10,0.43,0.38,1.47,0.87,1.30,0.97,1.00,0.60,1.18,1.09,0.64,1.25,0.71,0.92,1.10,0.82,0.80,1.08,1.30,0.82,1.03,1.10,0.73,0.68,0.63,1.00,0.75,0.70,0.60,0.70,0.60,1.00,0.83,0.75,0.65,0.63,0.87,0.83,0.90,0.50,0.85,1.36,0.74,1.32,0.89,0.80,0.77,0.63,0.60,0.64,0.60,0.60,0.60,0.52,0.80,0.84,0.28,1.23,0.78,0.61,0.58,0.45,1.43,0.95,1.15,0.30,0.87,1.17,0.63,0.80,0.50,1.60,1.55,0.57,1.40,0.30,1.55,1.63,1.80,1.10,4.10,0.58,0.70,0.97,1.35,1.53,1.10,0.63,0.95,0.86,0.63,0.68,1.00,0.75,0.70,0.80,0.75,0.85,0.55,0.58,1.20,1.37,0.97,1.50,1.36,1.20,1.17,1.15,1.45,0.92,1.57,0.78,0.58,0.33,0.28,0.72,0.80,0.98,1.07,2.00,3.50,0.90,1.60,1.13,1.25,0.76,1.30,1.08,0.80,1.77,0.67,0.63,0.87,0.40,0.65,0.56,1.42,0.57,0.43,0.82,1.05,0.48,1.00,1.15,0.57,1.37,0.80,1.03,1.75,0.40,0.30,1.42,0.43,0.95,3.60,0.55,0.85,1.05,0.60,0.65,0.85,0.75,0.85,0.60,1.00,0.55,0.97,1.05,0.73,0.40,0.95,1.05,0.73,1.00,1.75,1.05,0.75,0.70,0.70,1.10,,0.40,0.60,1.13,,2.16,1.20,0.77,1.73,1.45,0.75,1.53,1.67,0.20,0.40,0.55,0.37,0.65,0.50,0.72,1.15,0.42,1.38,0.97,1.00,1.05,1.50,1.00,0.85,0.93,0.57,0.40,0.67,0.50,0.38,1.20,0.45,0.30,1.10,0.77,1.02,0.83,1.12,0.60,0.43,0.80,1.00,1.00,0.70,1.20,0.60,0.77,0.47,0.90,0.90,0.73,0.30,0.53,1.25,1.93,0.80,1.08,0.93,0.90,1.15,0.95,1.23,0.72,0.87,1.40,0.63,1.00,0.70,0.87,1.00,1.35,0.97,1.00,0.97,1.30,1.00,0.70,0.77,0.45,1.12,1.15,0.80,1.55,0.63,1.22,1.32,0.35,0.67,0.85,0.97,1.00,0.75,0.40,0.85,0.85,1.00,0.80,0.47,3.73,0.40,0.53,0.23,1.10,0.95,0.47,0.70,0.63,1.75,,1.08,0.60,0.43,0.50,1.10,0.50,0.70,0.40,0.40,0.80,1.10,0.30,1.05,0.50,0.80,0.65,0.60,0.50,1.00,0.95,0.55,0.80,0.30,0.30,1.40,0.35,0.25,0.90,0.85,0.35,0.70,1.30,1.15,0.80,0.25,1.05,0.45,0.45,0.50,,1.40,0.90,1.30,0.70,0.30,0.50,0.40,3.20,0.30,0.70,0.50,0.50,0.40,1.25,1.15,1.00,0.25,1.00,0.67,0.85,0.87,1.00,,0.70,0.70,
20160913,4,CO_24h,0.77,1.76,0.98,1.97,0.60,1.43,1.12,0.47,0.40,0.77,1.47,1.35,0.88,0.97,0.68,0.91,1.13,0.80,1.15,0.74,1.00,0.94,0.73,0.80,1.08,0.80,0.74,0.90,0.97,0.87,0.72,0.67,0.75,0.75,0.67,0.63,0.70,0.60,0.80,0.93,0.75,0.70,0.53,0.77,0.84,0.75,0.60,0.85,1.19,0.74,1.47,0.93,0.92,0.81,0.71,0.63,0.74,0.87,0.80,0.66,0.64,0.77,0.86,0.38,1.01,1.23,0.64,0.68,0.43,1.38,0.90,0.85,0.70,0.77,1.23,0.87,1.16,0.56,1.03,1.52,0.63,1.33,0.33,1.30,1.87,1.60,1.10,2.70,0.60,0.74,0.93,1.20,1.23,0.90,0.57,1.00,0.82,0.80,0.62,0.87,0.85,0.73,0.85,1.00,1.00,0.70,0.80,1.10,1.77,1.37,1.95,1.70,1.08,1.53,1.20,1.77,1.04,1.50,0.98,0.70,0.43,0.26,0.70,0.77,1.02,0.86,2.17,2.20,1.40,1.83,0.93,1.30,0.84,1.40,1.10,0.70,1.90,0.73,0.73,1.02,0.40,0.68,0.74,1.72,0.73,0.97,0.93,0.92,0.55,0.90,1.20,0.73,1.30,0.83,1.10,1.70,0.50,0.43,1.40,0.53,0.80,1.90,0.65,0.85,0.80,0.65,0.60,0.90,0.85,0.85,0.70,1.00,0.60,0.80,0.90,0.70,0.40,0.70,0.80,0.93,0.95,1.60,1.00,0.60,0.60,0.70,1.25,,0.40,0.70,1.02,,2.58,1.04,0.87,1.58,1.40,1.15,0.97,0.80,0.40,0.25,0.70,0.50,0.80,0.55,0.66,1.50,0.45,1.38,0.80,1.10,0.70,1.50,0.90,0.65,0.90,0.60,0.47,0.47,0.30,0.50,1.30,0.60,0.40,1.20,0.62,0.93,0.80,1.18,0.57,0.47,0.80,0.75,0.80,0.68,1.20,0.60,0.70,0.53,0.97,0.93,0.80,0.30,0.70,1.23,1.60,0.52,1.18,0.92,0.85,1.15,0.85,1.83,1.17,0.87,1.37,0.53,1.00,0.53,0.83,0.94,1.40,0.93,1.00,1.00,1.60,1.00,0.83,0.90,0.45,1.00,1.00,0.93,1.50,0.57,1.38,1.38,0.55,0.67,0.93,1.13,1.03,0.80,0.50,0.55,0.85,0.95,0.75,0.70,1.00,0.62,1.03,0.63,1.00,1.23,0.63,0.95,0.68,1.15,0.20,1.10,0.88,0.52,0.70,1.05,0.80,0.70,0.40,0.45,1.00,0.90,0.35,1.15,0.60,1.17,0.75,0.80,0.60,1.10,1.10,0.60,0.50,0.30,0.30,1.40,0.35,0.35,1.00,0.90,0.55,0.75,1.00,0.65,0.90,0.50,0.95,0.60,0.55,0.55,,1.30,0.70,1.30,0.60,0.30,0.50,0.40,3.20,0.30,0.55,0.50,0.45,0.55,1.55,1.25,0.80,0.20,0.90,0.63,0.80,0.93,0.90,,0.85,0.70,
20160913,5,AQI,88,115,150,105,50,74,129,59,30,95,65,72,62,65,52,78,53,58,53,59,84,73,74,70,61,70,84,99,91,61,76,59,101,68,49,37,53,59,83,46,34,54,68,54,79,32,21,66,122,92,108,74,60,37,29,30,39,31,41,39,17,52,42,18,93,63,68,45,28,101,85,54,33,58,69,55,63,25,141,46,33,41,23,115,62,129,81,153,94,66,114,119,123,110,75,61,49,24,70,46,35,25,39,55,47,18,24,76,56,47,43,47,38,51,52,88,56,55,55,40,39,16,27,56,105,65,51,104,32,101,113,70,60,108,86,79,61,58,17,45,12,50,68,79,144,54,59,156,76,85,104,58,17,56,139,37,35,30,25,51,91,154,83,93,115,55,54,40,58,81,46,51,44,73,83,69,70,79,79,90,65,128,86,84,71,56,51,,74,59,70,,51,53,86,46,29,52,74,90,36,33,34,41,11,46,60,59,34,18,58,21,52,54,44,73,14,29,37,27,18,14,17,39,13,12,84,54,57,53,36,28,69,78,80,56,46,23,80,27,15,26,16,21,51,80,57,73,49,58,66,48,74,65,65,96,50,94,70,83,87,57,73,95,58,88,75,65,43,84,71,79,78,74,63,63,77,78,60,53,34,43,35,29,56,51,34,41,40,28,130,78,28,42,131,116,27,51,73,18,18,55,74,40,32,66,34,55,36,35,60,48,46,40,50,93,60,23,47,78,39,25,22,23,20,44,22,20,68,58,56,44,66,41,37,35,73,54,19,55,,53,49,41,22,20,25,34,32,30,31,43,31,49,23,48,65,71,56,95,71,29,26,,55,68,
20160913,5,PM2.5,65,87,115,79,30,54,98,22,12,71,47,34,39,33,27,44,32,41,32,42,62,53,54,51,43,51,62,74,68,44,56,40,76,49,29,26,37,42,61,23,15,38,49,37,58,14,14,44,92,63,81,37,42,26,17,20,26,22,29,27,12,31,23,8,69,45,49,31,6,76,39,23,23,33,50,35,33,17,108,26,23,26,16,87,42,98,60,117,70,48,86,90,93,83,55,42,25,13,51,30,19,15,27,39,33,11,17,45,40,33,20,33,20,21,24,65,32,35,39,18,17,8,15,34,79,47,20,78,10,71,85,51,40,80,64,58,32,41,9,27,3,35,49,52,110,38,35,119,56,63,78,41,12,40,106,10,9,20,9,15,68,118,61,69,87,39,38,28,37,40,32,36,27,53,61,50,51,58,58,67,47,97,64,62,52,40,33,,54,42,51,,20,37,39,31,17,34,42,67,25,16,24,23,6,32,43,33,20,11,26,14,33,27,15,40,10,10,12,13,8,7,9,12,9,8,62,34,29,31,19,16,50,57,59,40,16,14,59,18,9,14,11,10,22,59,39,53,34,41,46,32,54,47,47,72,35,70,46,61,43,40,53,71,41,64,55,47,24,62,52,58,57,54,44,45,36,46,39,33,24,30,17,20,40,33,17,29,28,17,99,57,12,29,100,88,13,36,53,8,2,39,54,28,16,48,24,39,25,15,36,33,32,28,35,69,39,15,33,57,27,17,,2,3,14,13,10,49,24,40,31,28,29,11,12,53,38,11,33,,26,9,29,12,14,9,13,6,11,22,30,19,20,10,14,31,52,40,47,31,12,18,,27,49,
20160913,5,PM2.5_24h,42,47,86,58,25,55,73,19,16,36,43,25,48,29,16,47,28,37,29,37,45,37,40,44,33,44,53,54,46,58,42,33,46,44,28,20,37,32,38,31,16,47,35,26,44,10,16,24,64,43,62,42,46,20,17,19,26,24,30,24,13,21,22,13,66,70,45,33,12,62,33,25,23,28,43,37,26,14,71,23,20,28,15,54,59,60,53,83,57,38,65,66,71,49,41,36,21,18,17,24,13,12,21,26,23,11,25,25,36,77,22,46,22,24,19,86,33,30,28,21,18,8,17,32,48,34,25,53,59,61,60,49,50,75,61,57,40,31,10,25,5,52,57,42,123,101,41,98,56,48,56,33,25,33,79,15,15,17,13,26,62,78,51,47,56,35,38,26,31,38,28,31,35,38,43,45,37,39,44,56,37,60,50,44,48,45,38,,33,45,40,,27,26,30,33,20,36,30,31,31,23,22,21,7,23,20,59,22,8,24,30,22,30,17,33,9,11,15,12,8,11,22,14,9,7,47,31,22,26,16,13,43,30,46,33,16,16,45,13,9,12,14,8,21,58,37,27,33,34,49,30,30,47,52,46,45,49,50,42,36,41,64,59,34,63,59,44,39,61,48,45,57,41,43,44,47,48,44,22,19,21,13,17,49,26,23,26,18,25,85,70,47,74,72,98,27,60,59,13,22,32,57,40,18,40,35,41,32,15,34,18,29,29,37,92,36,18,38,48,36,15,17,4,10,33,20,9,44,24,45,41,17,27,13,18,47,33,14,25,,15,12,28,10,15,13,16,5,8,16,24,22,27,26,17,26,39,12,29,40,24,28,,20,25,
20160913,5,PM10,69,102,184,116,50,71,148,68,30,124,60,94,73,79,54,105,55,63,56,42,112,68,71,64,71,64,75,99,96,66,78,67,100,64,49,37,55,53,92,46,21,45,69,57,102,32,19,81,193,133,79,98,69,36,29,30,39,23,31,31,14,53,42,18,106,59,73,45,11,101,120,57,27,65,70,59,76,25,176,46,32,41,19,169,74,190,77,196,132,80,156,132,124,126,55,72,49,19,54,46,35,25,30,52,44,12,17,102,50,35,43,47,38,51,53,90,62,59,49,40,39,16,27,62,92,60,51,118,14,151,114,70,70,166,82,78,71,50,17,45,5,43,66,108,,51,67,162,100,85,114,61,17,59,121,37,20,30,23,52,85,227,75,88,111,58,51,31,65,111,38,45,44,90,73,67,64,74,103,86,75,87,86,63,72,51,51,,76,64,86,,51,49,122,46,29,54,97,105,,33,28,41,11,30,68,68,34,18,66,21,53,58,44,96,11,29,37,27,18,14,17,39,13,,92,57,63,55,36,28,82,89,65,52,46,23,67,27,13,26,16,21,52,91,64,75,47,57,82,48,79,66,45,73,41,125,89,95,124,63,74,131,65,125,88,69,43,110,68,92,94,76,76,66,103,105,69,56,32,35,35,27,60,51,34,41,35,28,115,80,16,42,136,114,23,43,76,18,10,54,84,39,32,72,29,55,33,35,69,48,39,21,37,108,70,23,35,,39,25,5,9,10,44,22,20,64,66,47,44,82,25,37,35,71,49,17,60,,56,49,,22,,25,34,11,11,24,33,31,49,16,48,80,92,46,140,91,29,22,,60,63,
20160913,5,PM10_24h,54,75,138,88,44,85,123,50,30,65,68,71,77,78,41,76,48,60,49,46,87,61,61,74,64,60,72,87,73,84,76,74,68,59,43,30,52,50,56,59,23,57,49,45,91,27,30,55,136,86,93,103,72,33,29,34,44,41,59,39,27,41,36,26,100,115,75,59,44,113,67,51,48,78,76,62,68,29,110,48,33,46,23,109,104,116,78,144,105,67,111,105,104,80,47,69,39,31,27,39,34,27,32,39,38,29,40,60,54,129,48,76,41,65,43,114,56,53,44,39,50,22,29,52,84,58,54,88,96,111,107,79,95,141,79,94,71,42,25,40,15,81,82,90,110,132,79,144,107,74,98,56,44,59,103,49,40,26,58,68,86,143,74,64,102,53,59,40,63,79,80,46,48,78,56,59,77,64,83,86,55,72,67,52,73,57,61,,59,85,98,,62,43,80,52,35,55,90,62,74,61,36,40,22,34,39,88,44,16,49,41,48,61,43,57,17,39,46,28,17,18,36,41,25,15,74,51,44,45,30,25,64,65,52,49,39,21,58,22,20,22,28,22,41,73,57,43,47,46,81,42,47,75,82,79,87,115,112,76,91,64,102,114,55,110,99,69,58,105,82,76,85,80,71,65,94,84,92,40,27,35,25,26,77,46,44,38,27,67,107,96,65,110,116,149,49,76,107,23,33,50,100,57,59,63,47,62,51,50,69,34,42,39,47,150,55,36,48,54,46,32,8,16,18,104,25,17,83,63,69,78,51,55,22,45,63,62,19,51,,39,38,46,27,24,28,43,18,18,23,41,33,71,70,56,73,65,39,95,214,61,58,,51,82,
20160913,5,SO2,2,15,20,49,10,14,17,11,6,7,32,19,15,27,9,14,7,7,9,12,18,16,31,18,26,5,23,27,28,13,16,17,17,16,15,3,8,11,34,8,8,12,22,4,16,5,7,15,22,18,11,20,15,10,6,12,10,9,13,11,6,26,15,4,13,9,8,14,3,19,8,12,31,13,17,12,19,5,11,11,20,15,6,21,38,34,33,37,28,18,32,40,21,11,11,12,12,12,18,26,7,9,10,10,22,6,8,75,29,13,22,19,36,46,14,7,11,11,31,8,3,4,13,14,18,21,7,29,10,9,14,15,9,28,45,14,3,20,8,28,3,8,15,36,14,13,11,10,9,24,8,8,7,6,11,25,5,10,5,7,23,48,11,17,24,23,6,11,8,9,11,9,7,13,23,11,8,20,22,18,25,15,9,29,3,8,17,,2,14,18,,18,43,99,60,28,25,134,7,8,6,14,5,6,10,38,10,6,18,7,6,10,4,1,8,5,4,3,13,5,5,4,20,8,11,14,28,15,16,27,23,21,12,28,15,30,10,33,7,9,13,10,6,7,36,67,97,28,25,43,28,25,16,7,23,24,18,8,14,35,17,14,13,19,30,10,3,12,11,6,25,27,55,48,18,18,24,3,15,7,24,10,11,5,20,27,7,8,14,19,14,5,2,8,8,26,3,4,12,28,24,24,5,18,13,2,2,2,3,26,8,10,12,13,21,34,4,6,13,8,9,7,6,9,26,9,4,5,9,21,5,36,10,9,9,9,7,5,5,,14,11,7,15,7,11,11,6,13,7,4,1,4,3,7,27,4,1,9,10,9,8,,9,9,
20160913,5,SO2_24h,2,13,21,34,8,17,27,14,6,5,29,10,21,31,13,13,7,7,10,12,19,10,22,23,32,9,15,27,24,20,13,18,19,14,13,6,9,14,14,7,8,14,12,4,15,6,9,8,24,16,20,17,18,8,7,12,12,13,12,15,6,11,12,5,13,24,8,22,5,19,6,26,12,11,26,12,24,7,13,12,20,28,9,18,21,35,24,38,30,14,34,36,27,11,10,30,13,12,11,16,6,9,7,9,15,6,10,39,24,34,25,15,27,28,15,11,15,12,19,10,3,62,13,15,16,24,22,38,22,18,24,28,13,30,32,33,6,15,9,18,3,9,19,41,21,16,12,12,10,20,23,9,8,9,19,103,11,27,5,6,34,31,14,12,19,12,7,10,17,13,13,9,6,12,17,20,8,18,26,23,13,19,11,16,4,17,16,,3,21,21,,29,36,33,53,31,29,90,5,8,12,18,5,9,11,23,17,9,22,6,20,11,12,2,7,5,8,3,12,5,8,6,21,10,12,24,17,15,27,28,26,19,10,29,19,28,13,26,6,10,10,8,6,9,27,25,48,29,34,26,16,14,33,25,17,22,25,15,9,30,18,21,15,24,32,14,11,11,17,8,16,26,29,17,16,21,17,5,11,5,17,13,12,19,15,11,7,8,21,31,29,19,14,14,9,26,6,11,12,31,31,23,23,13,17,6,20,23,3,25,7,11,16,21,62,23,5,10,14,10,9,7,5,8,26,10,4,10,11,35,11,12,9,12,9,10,12,6,6,,15,14,14,13,7,12,11,6,12,8,7,3,4,5,9,24,3,2,7,6,11,8,,16,14,
20160913,5,NO2,65,77,79,56,46,44,38,25,24,64,51,37,61,52,56,38,30,35,37,32,51,79,47,26,28,23,58,58,52,21,13,31,44,59,49,26,45,51,47,9,15,25,29,28,57,16,28,22,86,36,22,60,51,40,30,45,35,37,33,29,13,42,25,7,66,21,29,17,8,33,63,34,31,55,51,31,59,26,43,21,28,44,16,65,18,82,42,78,40,42,67,79,58,87,15,23,30,10,13,11,21,6,18,24,31,7,13,29,33,17,31,43,37,54,14,21,24,24,32,19,18,14,26,20,32,21,15,42,12,17,33,40,27,53,38,27,19,11,8,21,2,19,12,37,8,19,25,11,41,16,49,30,30,31,62,21,70,14,8,9,63,83,22,45,79,31,46,22,29,36,6,9,12,47,54,24,30,55,45,87,47,27,52,18,27,32,25,,17,44,25,,18,47,64,33,41,17,64,38,12,14,29,24,18,6,26,24,12,17,31,25,22,12,36,12,15,12,6,13,7,6,25,16,12,12,41,30,16,23,24,15,94,29,34,26,22,16,57,11,6,8,15,10,14,23,38,32,7,13,21,12,31,20,12,15,34,15,15,29,43,20,30,31,41,53,22,13,17,38,5,29,19,31,26,20,25,28,19,9,14,12,23,23,17,8,14,26,11,29,13,13,6,12,16,37,17,12,13,4,35,23,19,10,13,27,33,16,13,10,20,5,17,5,12,30,33,9,18,14,8,19,4,13,8,12,,3,32,45,14,28,32,13,22,11,41,42,5,15,,21,26,13,28,3,14,17,3,5,11,12,24,27,19,9,16,10,3,28,6,22,8,,31,33,
20160913,5,NO2_24h,48,52,51,50,37,41,47,28,21,46,51,60,46,48,39,47,27,45,43,33,45,53,31,30,35,15,40,38,28,15,14,23,38,37,37,28,39,34,30,18,15,32,23,20,51,20,24,25,59,35,30,50,37,35,24,27,33,31,32,28,12,29,24,10,59,67,33,27,14,59,52,33,28,46,42,31,42,25,35,18,28,36,21,45,30,49,30,54,28,40,39,50,39,50,18,25,20,12,10,11,20,5,16,21,26,8,15,23,27,32,29,36,26,45,23,38,32,33,29,29,19,15,27,31,29,21,19,40,22,26,37,36,38,68,31,30,26,16,9,17,4,31,26,46,34,29,23,24,42,23,46,30,37,40,52,17,28,17,13,21,33,58,27,38,40,27,29,22,26,22,9,17,11,32,33,31,35,28,34,42,21,22,36,13,26,26,41,,20,28,22,,22,28,47,31,32,33,33,30,23,23,42,22,22,11,24,38,18,18,26,32,28,21,32,14,12,18,8,17,10,12,33,20,18,16,33,31,24,23,26,15,49,19,19,27,24,18,36,13,13,10,18,22,8,20,22,17,12,13,19,9,17,37,25,25,35,21,20,30,31,19,35,34,29,65,22,22,14,27,8,25,17,38,24,20,22,30,22,13,12,14,19,18,20,10,23,18,12,43,21,26,29,30,35,61,22,32,18,12,27,23,33,18,23,31,25,38,19,14,20,7,23,8,19,24,40,15,26,15,10,23,9,12,12,21,,6,35,41,21,33,30,22,19,18,44,34,12,24,,19,24,25,14,4,15,15,4,7,10,16,19,28,46,17,18,11,12,25,7,18,11,,39,27,
20160913,5,O3,4,23,22,48,14,16,68,16,3,13,81,91,6,5,6,3,37,2,8,89,43,22,61,79,66,51,22,18,25,67,78,59,59,12,41,67,22,3,28,80,109,59,64,17,79,36,66,38,12,42,94,38,24,10,26,34,20,18,22,22,26,20,12,21,23,55,47,66,90,40,11,21,39,21,23,35,5,40,15,19,18,12,49,12,105,21,33,6,41,38,31,6,39,10,55,72,10,76,55,37,16,71,26,59,34,59,55,5,17,128,17,15,19,20,13,17,19,12,5,21,6,15,12,79,56,67,98,50,103,44,75,14,53,44,35,13,34,93,53,34,38,57,79,18,65,75,32,52,37,69,33,18,8,10,7,53,12,34,79,82,16,7,65,62,21,62,45,75,10,18,77,33,25,49,40,36,73,42,27,26,29,18,23,86,45,38,57,,56,21,49,,18,23,6,17,12,1,31,25,24,63,77,8,35,120,21,10,11,9,7,3,14,36,2,4,8,18,24,27,8,18,40,5,10,17,75,97,99,85,73,45,46,44,64,122,41,52,43,63,47,37,35,29,25,16,18,73,72,55,27,62,61,31,117,100,78,83,86,56,40,78,42,60,39,46,42,73,66,35,15,32,17,61,28,20,22,23,20,20,41,37,36,13,7,50,11,11,14,31,107,73,91,79,45,34,86,29,54,6,47,35,69,66,8,16,26,59,54,41,64,91,17,38,64,15,13,9,18,19,20,34,71,73,63,16,68,39,3,1,19,7,12,97,17,88,31,34,60,76,,30,38,8,31,23,54,42,10,97,40,47,42,41,72,71,38,72,40,35,76,36,10,,28,17,
20160913,5,O3_24h,149,141,220,107,91,183,189,99,115,172,176,172,148,82,95,97,134,74,64,136,243,162,148,156,124,175,169,184,183,162,186,175,199,209,151,119,200,219,181,131,126,145,128,112,171,92,112,95,203,227,193,227,157,134,167,180,197,253,266,157,111,137,59,144,130,218,167,131,125,76,162,126,124,119,151,118,103,104,145,109,108,115,83,212,188,214,115,216,180,147,194,186,208,154,163,191,107,108,107,123,107,100,104,173,114,107,119,88,98,205,71,120,128,103,68,76,134,73,96,86,28,44,64,153,234,137,195,181,171,159,193,181,175,244,195,161,148,111,104,87,45,114,210,139,191,148,158,138,146,145,90,105,71,57,144,113,142,92,136,94,209,192,210,225,206,165,250,160,145,145,117,117,141,198,132,130,163,145,209,178,252,194,155,141,105,148,121,,107,179,184,,78,121,65,92,82,37,121,77,75,117,113,74,88,137,69,91,85,81,76,121,106,92,88,62,57,38,37,39,36,57,63,63,39,71,188,156,139,129,164,95,211,164,187,162,105,76,97,103,80,89,110,97,118,111,89,151,93,122,103,112,159,148,190,205,147,165,174,179,170,153,203,220,163,154,209,161,191,291,107,133,117,160,121,103,137,154,129,75,62,71,104,86,73,93,69,97,77,67,250,192,179,172,165,130,96,58,179,76,99,155,115,145,143,135,272,108,150,130,150,121,86,97,118,121,83,46,118,133,94,59,102,122,105,48,76,96,74,100,124,166,88,150,127,141,76,116,85,115,,94,125,124,128,92,113,125,41,110,115,135,103,115,94,156,121,115,89,100,107,135,98,,100,125,
20160913,5,O3_8h,16,27,42,55,13,21,34,23,7,33,80,68,13,7,15,3,38,3,9,98,49,44,63,79,63,76,40,33,49,82,89,63,69,23,44,60,33,16,41,68,111,47,70,22,81,50,78,28,14,56,105,36,39,21,35,48,29,36,39,30,31,30,13,22,30,45,43,66,88,28,11,29,52,16,17,33,8,41,17,27,12,16,57,27,116,50,33,6,51,35,37,35,66,7,58,84,20,85,55,48,12,74,24,50,39,68,58,5,25,117,28,21,22,28,11,18,16,8,11,13,11,24,13,87,78,69,101,55,118,42,83,33,50,29,49,28,40,89,57,39,37,65,96,17,48,75,47,57,33,79,23,21,9,14,6,65,80,38,76,75,47,10,67,67,27,53,44,80,19,29,81,41,31,42,46,36,70,61,37,60,56,28,34,74,44,46,62,,51,50,58,,23,34,10,17,16,1,47,20,33,65,78,9,31,120,20,9,11,10,8,8,10,22,2,4,21,18,28,27,7,22,41,10,14,16,98,100,94,89,90,46,56,61,80,129,45,57,62,73,45,34,38,17,47,27,11,80,72,62,24,62,84,41,123,77,87,73,83,60,59,70,61,66,48,32,39,66,72,55,20,38,25,59,33,26,24,31,19,19,38,30,38,15,10,37,6,19,7,43,111,89,77,82,44,38,86,27,67,7,54,43,67,72,11,24,44,49,37,43,67,91,18,29,74,22,11,7,18,28,19,36,71,81,64,17,67,44,4,8,32,13,8,92,12,96,35,27,63,59,,38,33,6,51,30,48,45,9,100,47,47,42,60,63,99,25,73,37,20,73,47,13,,13,33,
20160913,5,O3_8h_24h,42,32,71,67,13,33,34,39,11,51,81,74,20,17,29,3,46,3,11,110,61,64,72,79,64,98,59,41,65,105,99,65,93,42,55,60,49,38,54,68,113,47,72,24,91,66,84,28,20,69,127,45,53,32,46,72,40,62,61,43,37,37,14,23,37,46,46,68,90,29,12,36,61,19,21,36,18,44,19,39,12,21,75,45,135,71,37,9,66,42,59,76,100,8,66,96,33,89,57,90,12,78,30,56,48,76,62,6,30,120,38,27,25,38,12,25,16,8,15,14,16,29,15,91,99,78,108,75,133,42,91,38,53,29,59,44,47,91,59,42,37,81,106,21,48,75,75,64,44,87,26,25,9,17,7,82,104,45,77,75,59,21,82,84,30,53,58,87,26,42,82,48,36,42,58,43,79,78,48,73,91,44,42,78,46,69,73,,53,77,73,,27,50,25,21,21,2,67,20,36,71,85,12,34,126,20,10,11,12,9,10,11,22,2,4,32,18,31,29,9,23,50,12,17,18,117,105,94,98,121,48,74,86,99,139,46,58,77,83,45,38,40,18,86,34,19,101,74,68,33,65,100,62,125,95,90,74,85,69,79,78,82,100,55,32,39,70,77,73,22,55,33,64,39,31,29,39,19,20,38,31,54,21,15,45,6,29,7,50,132,98,77,83,47,44,92,27,86,7,67,56,69,80,14,34,57,49,37,56,75,98,20,29,77,32,12,8,23,46,20,37,71,90,65,17,70,53,6,22,45,18,11,98,12,102,41,52,67,63,,47,49,6,63,38,55,48,9,101,58,48,43,67,63,118,25,74,44,20,76,52,17,,13,57,
20160913,5,CO,0.85,2.04,1.13,1.98,0.74,1.97,1.07,0.40,0.40,1.43,0.97,1.65,1.50,0.89,0.60,1.27,1.14,0.67,1.26,0.71,0.94,1.14,0.82,0.90,1.10,1.10,0.84,1.10,1.17,0.83,0.80,0.70,0.95,0.78,0.67,0.58,0.75,0.50,1.05,0.83,0.75,0.60,0.60,0.90,0.84,0.82,0.53,0.80,1.47,0.75,1.31,0.91,0.86,0.79,0.63,0.60,0.64,0.73,0.67,0.56,0.52,0.83,0.86,0.28,1.07,0.70,0.57,0.54,0.35,1.40,0.88,1.10,0.30,0.78,1.13,0.75,0.96,0.50,1.38,1.55,0.53,1.20,0.30,1.65,1.80,1.70,1.05,3.50,0.78,0.74,1.13,1.35,1.57,1.03,0.57,1.00,0.88,0.65,0.77,1.00,0.75,0.70,0.75,0.85,0.95,0.60,0.60,1.25,2.00,0.93,2.13,1.54,1.35,1.20,1.10,1.35,0.94,1.62,0.82,0.54,0.37,0.25,0.72,0.80,1.15,1.00,2.12,1.95,0.90,1.60,1.30,1.25,0.74,1.15,1.10,0.80,1.77,0.70,0.60,0.97,0.40,0.70,0.56,1.44,0.43,0.43,0.80,0.98,0.45,1.00,1.10,0.70,1.07,0.82,1.03,1.90,0.50,0.27,1.42,0.43,1.05,2.80,0.55,0.85,1.00,0.60,0.60,0.80,0.80,0.90,0.65,1.00,0.45,0.97,1.00,0.73,0.50,0.95,1.00,0.87,1.00,1.55,1.10,0.70,0.70,0.70,1.05,,0.35,0.57,1.10,,2.10,1.14,0.83,1.65,1.40,0.75,1.40,1.70,0.20,0.30,0.50,0.33,0.60,0.55,0.74,1.20,0.42,1.32,1.03,1.00,0.95,1.40,1.10,0.85,0.90,0.57,0.40,0.63,0.50,0.38,1.10,0.55,0.35,1.20,0.78,1.02,0.83,1.13,0.53,0.43,1.00,1.00,0.90,0.67,1.25,0.60,0.77,0.50,0.90,0.93,0.73,0.20,0.57,1.57,1.73,0.77,1.07,0.90,0.93,1.23,1.00,1.23,0.72,0.83,1.67,0.68,1.02,0.83,0.87,0.94,1.35,0.92,0.97,0.93,1.30,0.90,0.70,0.83,0.55,1.04,1.13,0.75,1.60,0.57,1.25,1.30,0.40,0.67,0.85,1.10,1.03,0.75,0.35,0.85,0.85,0.95,0.75,0.50,0.80,0.38,0.57,0.23,1.07,0.95,0.47,0.65,0.63,1.70,,0.97,0.60,0.43,0.50,1.05,0.50,0.60,0.40,0.40,0.90,1.10,0.30,1.10,0.55,0.80,0.85,0.55,0.50,0.90,0.95,0.45,0.80,0.30,0.30,1.40,0.30,0.25,0.93,0.90,0.40,0.70,1.25,1.60,0.80,0.20,1.00,0.40,0.45,0.55,,1.40,0.80,1.60,0.70,0.10,0.50,0.50,3.20,0.30,0.65,0.40,0.45,0.55,1.30,1.15,1.00,0.25,1.00,0.60,0.80,0.60,1.00,,0.65,0.70,
20160913,5,CO_24h,0.77,1.69,0.98,2.00,0.60,1.47,1.13,0.47,0.40,0.77,1.47,1.40,0.93,0.96,0.68,0.95,1.12,0.79,1.17,0.74,1.02,0.94,0.73,0.80,1.08,0.90,0.74,0.90,0.97,0.87,0.72,0.67,0.75,0.75,0.67,0.63,0.70,0.60,0.80,0.93,0.75,0.70,0.53,0.77,0.86,0.75,0.60,0.85,1.19,0.75,1.45,0.93,0.89,0.81,0.71,0.63,0.72,0.83,0.80,0.66,0.62,0.77,0.86,0.38,1.01,1.23,0.64,0.68,0.43,1.43,0.92,0.85,0.65,0.77,1.23,0.87,1.14,0.56,1.05,1.50,0.63,1.35,0.37,1.30,1.87,1.60,1.10,2.60,0.60,0.74,0.97,1.20,1.23,0.90,0.57,1.00,0.82,0.78,0.62,0.87,0.85,0.73,0.85,1.00,1.00,0.70,0.80,1.10,1.77,1.33,1.90,1.68,1.10,1.48,1.20,1.78,1.08,1.52,0.96,0.70,0.43,0.26,0.72,0.77,1.00,0.89,2.17,2.20,1.35,1.77,0.93,1.30,0.84,1.40,1.08,0.70,1.90,0.73,0.70,1.02,0.40,0.68,0.74,1.72,0.73,0.90,0.93,0.92,0.55,0.90,1.20,0.73,1.30,0.83,1.13,1.70,0.50,0.43,1.40,0.50,0.85,1.95,0.65,0.85,0.80,0.65,0.60,0.90,0.85,0.85,0.70,1.00,0.60,0.80,0.90,0.70,0.40,0.70,0.80,0.93,0.95,1.60,1.00,0.60,0.60,0.70,1.25,,0.40,0.70,1.02,,2.52,1.00,0.87,1.55,1.40,1.15,0.97,0.87,0.40,0.25,0.70,0.50,0.75,0.55,0.68,1.47,0.45,1.33,0.80,1.10,0.75,1.50,0.90,0.65,0.90,0.60,0.50,0.47,0.30,0.50,1.30,0.60,0.40,1.20,0.65,0.93,0.80,1.20,0.57,0.47,0.80,0.75,0.80,0.68,1.20,0.60,0.70,0.53,0.97,0.93,0.80,0.30,0.67,1.20,1.60,0.55,1.18,0.92,0.85,1.15,0.85,1.73,1.17,0.87,1.37,0.53,1.00,0.57,0.80,0.94,1.40,0.93,1.00,1.00,1.60,1.00,0.83,0.90,0.45,1.00,1.02,0.93,1.47,0.57,1.35,1.38,0.50,0.67,0.93,1.10,1.03,0.80,0.50,0.55,0.85,0.95,0.75,0.70,1.00,0.60,1.03,0.63,1.00,1.23,0.63,0.95,0.68,1.20,0.20,1.10,0.85,0.50,0.70,1.05,0.80,0.70,0.40,0.45,0.90,0.90,0.35,1.15,0.60,1.17,0.80,0.80,0.60,1.10,1.10,0.60,0.50,0.30,0.30,1.40,0.35,0.35,1.03,0.90,0.55,0.75,1.00,0.70,0.90,0.45,0.95,0.60,0.55,0.55,,1.25,0.70,1.40,0.60,0.30,0.50,0.40,3.20,0.30,0.55,0.50,0.45,0.60,1.55,1.25,0.80,0.20,0.90,0.63,0.80,0.60,0.90,,0.85,0.70,
20160913,6,AQI,88,116,148,105,54,73,134,50,30,99,70,74,68,59,56,93,53,57,48,53,85,80,74,76,63,80,89,99,93,61,79,64,88,71,49,37,55,60,93,48,34,47,69,53,79,33,23,62,121,92,105,74,60,43,25,31,41,41,43,34,16,52,41,20,93,59,60,47,28,109,82,54,37,62,74,54,67,27,136,44,34,47,24,119,66,125,85,185,99,65,115,125,128,110,73,61,48,23,61,44,31,23,41,55,46,20,26,65,55,46,48,54,44,53,47,80,59,62,55,42,57,16,23,56,111,69,51,93,29,94,113,59,59,110,81,71,61,60,20,49,11,56,73,77,98,64,59,138,75,95,106,61,19,54,135,42,40,33,27,47,108,136,90,98,128,56,60,41,60,67,47,51,42,76,90,75,68,86,79,99,64,109,123,70,66,63,47,,75,61,66,,50,51,86,46,31,54,74,81,31,36,37,42,18,49,63,55,31,19,57,24,46,53,32,70,17,27,37,26,19,14,20,38,17,11,91,57,57,53,28,29,81,74,96,56,51,21,79,27,17,23,23,20,34,90,62,80,49,56,66,54,76,65,71,100,61,86,73,154,85,56,76,81,59,81,67,56,45,86,47,74,75,74,60,61,96,68,57,50,33,44,33,33,71,54,29,49,37,32,104,80,29,37,126,114,30,49,72,18,13,51,68,41,37,65,37,58,39,33,60,36,43,39,51,84,66,32,44,68,32,22,20,22,19,45,21,17,76,58,59,44,60,45,31,40,69,52,19,52,,53,47,44,35,19,29,30,32,30,33,44,27,49,21,39,66,71,40,83,68,41,24,,51,73,
20160913,6,PM2.5,65,88,113,79,28,53,102,24,16,74,51,43,44,27,26,55,32,37,31,37,63,59,54,56,45,59,66,74,69,44,58,46,65,52,31,26,38,40,69,25,16,33,50,37,58,13,15,42,85,62,79,39,42,26,16,18,29,29,30,24,11,34,22,8,69,42,43,32,5,82,39,26,22,33,54,36,35,19,104,25,24,29,16,90,48,95,63,117,74,47,87,95,97,83,53,37,25,14,44,27,15,15,29,39,32,12,18,41,39,32,24,38,23,21,24,59,32,39,39,24,24,7,14,40,84,50,25,69,13,55,85,42,41,83,60,52,35,43,7,31,3,40,53,51,73,46,32,105,55,71,80,44,11,38,103,16,18,23,8,21,81,104,67,73,97,40,43,29,36,39,33,36,25,56,67,55,49,64,58,74,46,82,93,51,48,45,31,,55,38,48,,21,32,40,29,16,29,43,60,22,16,26,25,6,34,45,32,19,11,28,12,25,26,11,43,9,9,14,16,8,8,14,16,8,6,68,34,33,35,15,16,60,54,72,40,21,12,58,19,11,14,12,12,24,67,42,59,34,40,43,38,56,47,52,75,44,64,53,118,50,40,56,59,42,60,48,40,27,64,33,54,55,54,43,44,50,49,34,31,23,31,19,23,52,38,16,27,22,16,78,59,20,25,96,86,13,34,52,5,6,35,49,29,16,47,26,41,25,13,37,25,30,27,36,62,48,13,31,49,16,15,,3,,16,11,11,56,27,42,31,28,27,14,12,50,33,13,33,,21,7,31,10,8,10,8,6,8,23,31,19,20,11,14,20,52,20,31,24,15,17,,25,52,
20160913,6,PM2.5_24h,43,48,88,59,26,53,75,20,16,38,43,26,47,29,17,47,29,38,30,36,46,38,40,44,33,44,53,54,46,56,43,33,47,44,27,20,36,33,38,31,16,47,36,27,45,10,16,24,65,45,62,42,47,20,17,19,26,24,30,24,13,22,22,13,66,68,45,34,12,64,34,25,23,28,44,37,26,15,72,23,21,28,15,56,60,61,53,84,58,38,67,68,72,51,42,36,21,18,19,25,13,13,21,26,24,11,24,26,36,76,22,45,22,24,19,86,30,30,29,21,18,7,17,33,49,35,25,53,56,61,62,49,49,75,61,57,40,31,10,26,5,50,57,43,121,97,41,98,55,50,58,34,25,34,82,15,15,18,13,26,63,80,53,48,59,35,39,26,32,38,28,31,35,39,44,44,37,40,45,54,37,60,51,45,49,45,38,,34,45,40,,26,26,31,33,19,37,30,33,30,23,23,22,7,23,21,58,22,8,24,29,23,30,17,34,9,11,14,12,7,11,21,14,10,7,49,32,22,26,16,13,43,32,47,34,16,15,45,13,9,12,14,8,21,58,37,28,33,34,49,31,31,46,53,47,45,50,50,45,36,41,65,60,34,61,59,44,38,62,48,46,57,41,43,43,48,49,44,23,20,22,14,18,48,28,22,26,18,25,84,69,46,72,73,99,26,60,58,13,22,32,56,39,18,40,36,41,32,15,34,19,29,29,36,93,36,18,39,47,35,15,17,9,10,34,20,10,44,24,45,40,17,27,14,18,48,34,14,26,,16,12,29,10,15,12,15,5,8,16,24,22,27,25,17,27,39,13,30,41,24,28,,20,26,
20160913,6,PM10,79,100,196,137,57,70,140,50,30,120,69,98,85,68,62,136,56,64,48,38,109,89,71,77,71,91,85,101,95,64,89,65,85,71,49,35,60,69,98,48,22,,65,56,106,33,23,73,192,133,64,97,70,43,25,31,34,31,37,29,16,53,41,20,112,56,67,47,12,106,114,57,37,74,81,58,83,27,174,44,29,47,24,170,81,179,94,320,140,74,173,132,145,119,55,72,48,23,54,44,31,21,36,59,43,16,26,79,60,37,48,57,44,56,47,82,67,73,50,42,64,16,23,54,97,66,51,82,22,138,114,60,68,151,80,83,72,55,20,49,8,49,68,103,79,42,67,143,95,89,108,68,19,56,113,42,40,29,27,47,101,198,82,95,116,54,56,41,69,84,38,50,42,91,87,85,60,77,99,112,65,102,118,57,74,58,47,,71,71,75,,50,51,121,46,31,58,97,89,,36,27,42,18,,68,59,31,19,64,24,46,55,32,90,17,27,37,26,19,14,19,38,17,7,100,63,63,55,28,29,100,84,,53,52,21,72,26,17,23,23,20,33,94,73,75,47,56,81,53,83,62,46,81,55,104,84,174,120,60,76,111,67,98,83,58,45,108,45,79,86,80,70,70,141,84,63,50,29,40,33,26,61,57,29,49,37,32,92,64,29,37,133,105,18,41,93,16,8,51,78,40,37,69,31,60,39,33,70,35,43,21,36,103,79,32,41,,32,22,3,4,9,45,15,17,69,65,56,43,70,45,31,40,72,53,19,53,,56,47,,35,19,29,30,11,9,33,,24,49,15,39,82,85,40,115,85,41,19,,52,96,
20160913,6,PM10_24h,66,76,140,91,46,82,125,51,30,69,68,72,76,77,41,79,49,61,50,45,88,62,61,75,65,60,72,86,73,81,77,73,70,59,42,30,52,51,57,60,23,59,50,46,93,28,29,56,138,89,93,103,72,34,29,34,44,41,59,39,27,43,36,27,100,112,75,58,43,113,69,53,47,77,78,63,68,29,112,48,33,46,23,113,103,118,79,148,107,67,115,107,106,83,48,69,40,30,28,40,34,28,32,40,39,29,38,61,55,126,48,74,41,63,45,114,51,54,45,40,51,21,29,52,85,59,54,88,94,113,108,78,95,142,79,93,71,43,24,41,14,78,83,92,108,128,79,145,107,75,100,56,42,59,105,49,40,27,57,67,88,148,75,66,104,53,60,40,64,80,79,47,48,78,57,59,76,65,84,85,55,73,69,53,74,57,61,,59,85,98,,62,43,82,52,35,55,91,64,74,60,36,40,22,34,41,86,43,16,50,40,48,61,43,59,17,40,45,28,18,17,36,42,25,14,76,52,45,46,30,25,66,67,52,50,39,21,59,22,21,22,28,22,41,73,57,45,47,47,80,43,49,75,84,80,86,116,111,82,92,64,102,114,56,107,97,68,58,106,82,77,86,81,71,65,95,85,91,41,28,35,26,26,76,48,43,38,28,66,106,95,63,106,117,149,49,75,105,23,33,50,99,55,59,63,46,62,51,49,69,35,42,39,47,152,56,36,48,54,46,32,8,20,16,106,24,17,82,63,70,77,53,54,23,46,64,62,19,51,,40,39,47,27,24,28,42,17,17,24,42,34,71,69,56,75,66,40,99,217,61,51,,52,82,
20160913,6,SO2,2,15,17,77,9,19,14,11,6,5,30,25,18,27,10,26,7,7,10,12,18,22,37,21,28,4,25,26,26,15,20,18,12,18,14,4,9,12,22,8,8,13,19,5,15,5,13,12,21,20,11,18,15,11,6,14,10,16,15,10,5,26,18,4,15,8,7,14,4,18,9,12,24,18,17,14,16,6,11,11,18,20,7,23,39,37,33,44,22,21,33,38,22,9,10,11,11,17,25,20,11,9,11,13,24,5,11,51,27,12,19,22,42,51,14,7,9,14,23,8,4,4,12,15,20,22,8,20,11,9,11,13,10,27,42,13,3,20,11,22,3,8,14,38,13,12,12,12,9,26,9,8,7,7,12,22,6,15,5,7,24,43,14,19,27,69,6,12,11,11,10,10,7,13,24,12,10,22,20,20,22,18,10,24,3,12,17,,3,15,16,,18,44,86,45,39,25,94,6,7,6,15,5,5,10,45,10,4,21,7,6,14,4,1,8,5,5,3,12,5,5,4,19,8,12,12,19,19,14,32,22,21,16,28,15,38,8,28,8,12,10,12,5,7,45,59,92,26,31,44,30,17,15,7,12,15,16,7,14,30,36,12,12,20,26,13,7,14,9,5,21,18,59,60,27,15,27,4,10,7,19,9,12,4,17,20,7,8,14,18,12,14,3,10,8,25,3,5,12,26,22,20,7,19,15,2,5,3,2,21,8,10,16,12,14,40,5,7,18,7,9,6,6,8,26,9,4,7,9,26,5,22,9,9,7,10,7,5,5,,15,10,8,14,6,12,11,5,11,7,4,2,2,3,6,24,4,1,9,12,12,8,,10,11,
20160913,6,SO2_24h,2,13,21,37,8,17,27,14,6,5,29,11,21,31,13,13,7,7,10,12,20,11,22,23,32,8,15,27,24,18,14,18,19,14,13,6,9,14,14,7,8,14,11,4,15,6,10,8,24,16,19,18,18,9,7,12,11,13,12,15,6,12,12,5,13,25,8,21,5,19,6,26,12,12,27,12,24,7,13,12,20,28,9,19,21,34,24,37,30,15,34,37,27,11,10,29,13,12,12,16,6,9,7,9,16,6,10,41,24,33,25,15,27,29,15,11,14,12,20,10,3,63,13,15,16,24,21,36,21,18,24,28,13,29,33,33,6,16,9,19,3,9,19,42,21,16,12,12,10,20,21,9,8,9,19,104,11,27,5,6,34,32,14,12,19,15,8,10,17,14,13,9,6,12,17,20,8,19,26,23,13,19,11,16,3,17,16,,3,21,21,,28,35,36,52,31,29,87,5,8,11,18,5,9,11,24,17,8,21,6,20,11,11,2,7,5,8,3,12,5,7,6,21,10,12,23,17,15,26,28,26,19,11,29,18,29,13,26,6,10,10,8,6,9,28,24,49,28,34,26,16,14,32,23,17,21,24,14,9,30,19,20,15,24,31,14,11,11,17,8,16,26,30,19,16,22,18,5,11,5,17,12,13,18,15,11,7,8,21,31,28,19,12,13,9,26,6,10,12,30,31,23,21,14,17,6,19,22,3,24,7,11,16,20,62,24,5,9,14,10,9,7,6,8,26,10,4,10,10,34,11,12,9,12,9,10,12,6,6,,15,14,14,13,7,12,11,6,12,8,7,3,4,5,9,24,3,2,7,6,11,8,,16,14,
20160913,6,NO2,55,78,75,74,51,44,41,21,21,65,50,34,63,50,56,42,30,34,38,34,55,84,51,28,30,25,65,59,54,16,15,30,33,57,48,31,43,51,41,13,14,24,35,23,61,19,41,20,88,39,23,54,46,36,27,43,44,56,39,26,17,39,26,6,62,22,30,16,9,37,61,35,28,49,53,31,55,24,53,24,30,46,23,63,19,85,41,76,38,47,68,62,58,67,11,25,27,13,13,9,21,5,16,29,35,5,16,31,31,16,34,47,40,53,15,21,24,29,31,23,20,18,28,20,34,20,15,33,15,16,30,36,30,58,44,16,16,11,8,21,2,24,13,32,7,20,28,9,36,19,49,27,25,29,55,13,64,17,9,8,71,92,31,45,69,37,46,32,31,38,6,17,14,63,57,24,35,68,46,100,51,34,61,15,25,37,30,,18,47,19,,20,48,60,32,39,18,68,42,21,13,45,25,13,6,29,25,12,17,28,23,28,11,33,12,16,17,5,14,7,6,25,14,13,14,29,28,17,23,34,14,101,39,36,25,21,18,50,20,7,8,21,6,13,33,31,32,7,14,20,13,37,19,13,18,27,14,14,21,44,37,28,25,41,47,24,14,17,47,3,24,17,34,26,22,25,30,12,9,16,11,23,28,17,6,17,22,11,26,7,13,16,15,15,36,19,14,11,5,25,21,24,8,14,21,26,13,15,12,13,5,15,7,11,23,37,12,28,18,8,19,4,18,8,12,,3,30,42,15,28,38,12,25,14,44,40,7,16,,23,27,23,24,2,14,17,3,5,10,15,18,33,21,16,14,8,2,29,6,36,7,,20,53,
20160913,6,NO2_24h,45,54,51,51,38,41,47,28,21,46,50,58,46,48,39,48,28,45,44,32,45,54,31,30,35,15,41,38,28,15,14,24,38,37,38,27,39,34,29,18,15,32,23,20,52,21,26,25,59,36,30,50,37,35,24,27,34,31,32,27,12,30,25,10,59,62,33,27,14,59,53,34,27,46,43,31,43,25,36,19,28,37,21,46,29,50,29,53,29,41,41,52,40,52,18,24,20,11,9,11,19,5,16,20,26,8,15,24,26,30,29,36,26,45,23,38,28,32,30,29,19,16,27,31,29,21,19,39,22,25,38,36,39,68,32,30,26,16,9,17,4,30,25,45,33,28,23,23,42,24,47,30,37,39,53,17,29,17,13,21,35,59,28,38,41,26,29,22,26,23,9,17,11,34,34,31,34,29,34,43,21,22,36,13,26,27,42,,20,29,22,,22,28,48,29,33,33,33,31,23,22,42,22,21,11,24,38,18,18,27,31,28,21,33,14,12,18,7,17,10,12,33,20,18,16,29,31,23,23,26,15,50,20,20,27,24,18,36,13,13,10,18,21,8,21,22,17,12,13,19,9,17,36,24,25,35,21,20,30,31,20,35,34,29,64,22,22,14,28,8,25,17,37,24,20,22,30,22,13,12,13,19,18,20,10,23,18,12,42,20,25,28,29,36,61,22,31,18,12,28,23,32,17,23,31,25,37,19,14,19,7,23,9,17,24,40,15,26,15,10,23,9,13,12,21,,6,35,40,21,33,31,21,19,18,45,35,12,24,,19,24,26,14,4,16,15,4,7,9,16,20,28,45,18,18,11,12,26,8,19,11,,39,27,
20160913,6,O3,5,23,17,19,6,9,52,15,4,7,78,81,3,4,5,3,44,3,8,82,36,15,59,70,60,50,17,17,22,77,72,50,70,13,44,51,35,3,38,72,108,60,53,23,68,33,54,29,10,36,83,42,18,11,26,34,8,7,17,25,20,22,11,22,21,46,44,67,90,33,11,16,38,27,23,30,6,37,8,17,15,11,39,10,101,8,32,7,30,37,18,24,21,33,64,65,9,70,47,63,19,72,26,38,29,65,50,8,17,126,13,12,18,21,11,17,21,13,5,20,4,10,11,75,44,67,96,65,93,44,76,11,49,36,26,23,33,96,50,31,36,53,75,20,73,71,28,54,39,56,31,18,11,8,8,57,21,28,79,84,12,4,48,63,35,46,44,47,7,18,72,29,21,30,32,42,70,31,28,18,,14,19,93,43,32,47,,55,21,47,,15,21,6,17,7,1,25,23,11,60,41,8,34,118,20,8,15,10,8,5,6,35,1,4,6,16,22,24,7,14,60,6,10,16,73,96,92,79,61,33,34,37,59,120,38,55,50,53,42,37,27,58,22,13,29,62,69,50,27,62,57,34,105,106,80,93,83,81,28,49,40,70,37,50,26,69,66,16,19,39,24,60,33,14,20,24,21,17,39,38,36,6,6,40,12,9,17,37,117,68,78,70,41,38,95,26,67,5,40,37,61,64,7,24,33,64,64,35,74,88,16,24,53,13,7,7,11,11,21,35,65,71,61,15,66,42,3,,16,12,5,98,4,75,27,35,57,76,,29,32,6,29,24,46,36,9,97,39,39,45,35,66,52,34,74,38,24,68,18,5,,39,5,
20160913,6,O3_24h,149,141,220,107,91,183,189,99,115,172,176,172,148,82,95,97,134,74,64,136,243,162,148,156,124,175,169,184,183,162,186,175,199,209,151,119,200,219,181,131,126,145,128,112,171,92,112,95,203,227,193,227,157,134,167,180,197,253,266,157,111,137,59,144,130,227,167,131,125,76,162,126,124,119,151,118,103,104,145,109,108,115,83,212,188,214,115,216,180,147,194,186,208,154,163,191,107,108,107,123,107,100,104,173,114,107,119,88,98,205,71,120,128,103,68,76,130,73,96,86,28,44,64,153,234,137,195,181,171,159,193,181,175,244,195,161,148,111,104,87,45,114,210,139,191,148,158,138,146,145,90,104,71,57,144,113,142,92,136,94,209,192,210,225,206,165,250,160,145,145,117,117,141,198,132,130,163,145,209,178,252,194,155,141,105,148,121,,107,179,184,,78,121,65,92,82,37,121,77,75,117,113,74,88,137,69,91,85,81,76,121,106,92,88,62,57,38,37,39,36,57,63,63,39,71,186,156,139,129,164,95,211,164,187,162,105,76,97,103,80,89,110,97,118,111,89,151,93,122,103,112,159,148,190,205,147,165,174,179,170,153,203,220,163,154,209,161,191,291,107,133,117,160,121,103,137,154,129,75,62,71,104,86,73,93,69,97,77,67,250,192,179,172,165,130,100,58,179,76,92,155,115,145,143,135,272,108,150,130,150,121,86,97,118,121,83,46,118,133,94,59,102,134,105,48,76,96,74,100,124,166,88,150,127,141,76,116,85,115,,94,125,124,128,92,113,125,41,110,115,135,103,115,94,156,121,115,85,100,107,135,98,,100,125,
20160913,6,O3_8h,14,26,37,49,12,19,37,21,7,29,80,70,11,6,13,3,39,3,8,94,47,39,62,78,62,72,36,30,44,81,86,61,69,21,44,58,33,14,40,69,110,50,67,22,79,47,74,28,13,52,101,37,35,19,34,46,25,31,35,30,29,29,13,22,29,45,43,67,88,29,11,27,50,18,18,32,8,40,15,25,12,15,54,24,114,43,33,6,48,36,34,33,58,11,59,81,18,82,54,50,13,74,24,48,37,67,57,6,24,119,25,19,22,27,11,18,16,8,10,15,10,21,13,85,73,68,100,56,114,42,82,29,50,30,45,27,39,90,56,38,36,63,92,18,52,74,44,56,34,75,24,21,9,13,6,63,70,36,76,77,41,9,64,66,28,52,44,75,17,28,80,39,29,40,43,38,70,56,35,53,47,26,32,77,44,43,60,,52,45,56,,22,31,9,17,15,1,43,20,29,64,72,9,32,120,19,9,11,10,8,7,9,24,2,4,19,17,27,26,7,20,44,9,13,16,94,99,93,87,85,44,52,57,77,128,43,56,60,70,44,34,36,24,43,25,12,77,72,60,24,62,80,40,120,82,86,77,83,63,54,55,57,67,46,35,37,66,72,49,20,39,25,59,32,24,24,30,20,19,38,31,38,13,10,38,6,18,9,42,112,86,78,80,44,38,87,27,67,6,51,42,66,71,10,24,42,51,42,42,68,90,18,28,70,17,10,7,17,26,19,36,70,78,62,16,67,44,4,7,29,11,8,94,11,93,34,28,62,62,,37,33,6,47,29,48,44,9,99,46,46,42,56,63,91,26,74,38,21,72,42,12,,17,28,
20160913,6,O3_8h_24h,42,32,71,67,13,33,37,39,11,51,82,78,20,17,29,3,47,3,11,109,61,64,73,79,64,98,59,41,65,105,99,65,93,42,55,61,49,38,54,70,113,50,72,24,91,66,84,29,20,69,127,46,53,32,46,72,40,62,61,43,37,37,14,24,37,47,47,68,90,30,12,36,61,21,21,36,19,44,19,39,12,21,75,45,135,71,37,9,66,42,59,76,100,11,66,96,33,89,57,90,14,78,30,56,48,76,62,6,30,121,38,27,25,38,12,25,16,9,15,15,16,29,15,91,99,79,108,75,133,43,91,38,54,30,59,44,47,92,59,42,37,81,106,21,52,75,75,64,44,87,26,25,9,17,7,82,104,45,79,77,59,21,82,84,30,53,58,87,26,42,82,48,36,42,58,43,79,78,48,73,91,44,42,78,46,69,73,,54,77,73,,27,50,25,21,21,2,67,20,36,71,85,12,34,126,20,10,11,12,9,10,11,24,2,4,32,18,31,29,9,23,50,12,17,18,116,105,94,98,121,48,74,86,99,139,46,58,77,83,45,38,40,24,86,34,19,101,74,68,33,65,100,62,125,95,90,77,85,70,79,64,82,100,55,35,39,70,77,73,22,55,33,65,39,31,29,39,20,20,38,33,54,21,15,45,6,29,9,50,132,98,78,83,47,44,92,27,86,7,67,56,69,80,14,34,57,51,42,56,75,98,20,29,77,24,12,8,23,46,20,37,71,84,65,17,70,53,6,22,45,18,11,98,12,102,41,52,67,65,,47,49,6,63,38,55,48,9,101,58,48,44,67,63,118,26,74,44,21,76,52,17,,17,57,
20160913,6,CO,0.93,2.09,1.17,2.58,0.84,1.97,1.12,0.40,0.43,1.47,0.93,1.75,2.13,0.86,0.63,1.63,1.13,0.71,1.28,0.71,1.06,1.23,0.85,0.90,1.18,0.90,0.94,1.20,1.20,0.93,0.86,0.77,0.85,0.79,0.67,0.68,0.75,0.60,1.10,0.90,0.75,0.60,0.63,0.93,0.84,0.82,0.53,0.78,1.53,0.80,1.31,0.96,0.90,0.79,0.66,0.60,0.72,0.83,0.67,0.58,0.54,0.80,0.86,0.30,1.07,0.72,0.59,0.58,0.38,1.43,1.00,1.00,0.30,0.77,1.08,0.77,0.92,0.52,1.57,1.52,0.57,1.45,0.37,1.72,1.90,2.30,1.10,6.20,0.72,0.78,1.30,1.30,1.63,0.97,0.57,1.00,0.92,0.70,0.83,0.83,0.70,0.70,0.75,0.85,0.90,0.55,0.63,1.20,2.30,0.93,2.73,1.58,1.48,1.30,1.17,1.38,1.08,1.80,0.98,0.58,0.63,0.28,0.76,0.87,1.20,1.13,2.20,1.75,0.95,1.53,1.17,1.15,0.78,1.35,1.14,0.80,1.77,0.73,0.67,0.92,0.40,0.65,0.58,1.38,0.37,0.43,0.90,0.90,0.45,0.95,1.15,0.67,1.00,0.85,1.13,1.90,0.40,0.37,1.44,0.40,1.15,4.45,0.60,0.85,1.00,0.60,0.65,1.10,0.85,0.95,0.65,1.05,0.55,0.97,1.00,0.73,0.50,0.95,1.00,1.20,1.15,1.60,1.20,0.70,0.70,0.75,1.10,,0.40,0.57,1.05,,2.06,1.18,0.93,1.62,1.40,0.90,1.30,2.00,0.20,0.30,0.55,0.40,0.60,0.50,0.80,1.53,0.37,1.40,1.13,1.00,1.35,1.40,1.20,0.75,0.93,0.60,0.43,0.63,0.60,0.43,1.10,0.60,0.35,1.10,0.88,1.05,0.90,1.17,0.60,0.47,1.25,1.10,1.00,0.67,1.35,0.60,0.77,0.45,0.90,0.90,0.73,0.20,0.65,2.40,1.73,0.73,1.10,0.95,1.00,1.25,1.00,1.20,0.75,0.83,1.50,0.65,1.07,0.87,0.90,1.16,1.35,0.90,0.97,0.80,1.40,0.90,0.70,0.87,0.55,0.94,1.13,0.88,1.57,0.65,1.25,1.32,0.40,0.77,0.90,1.20,0.97,0.80,0.50,0.85,0.80,1.00,0.75,0.50,0.75,0.38,0.63,0.23,1.07,0.85,0.47,0.70,0.60,1.80,,0.95,0.65,0.45,0.50,1.00,0.50,0.60,0.50,0.35,0.90,1.00,0.35,1.10,0.55,0.80,1.10,0.75,0.60,1.00,0.95,0.60,0.80,0.35,0.25,1.40,0.30,0.30,0.93,0.95,0.55,0.70,1.30,2.60,1.20,0.40,0.95,0.45,0.45,0.55,,1.40,0.80,1.70,0.70,0.10,0.50,0.50,3.20,0.30,0.65,0.45,0.45,0.50,1.30,1.30,1.00,0.20,1.00,0.60,1.00,0.90,1.00,,0.65,0.80,
20160913,6,CO_24h,0.79,1.66,1.02,2.02,0.62,1.50,1.13,0.47,0.43,0.80,1.47,1.45,1.00,0.96,0.65,0.99,1.13,0.79,1.18,0.76,1.02,0.94,0.73,0.80,1.08,0.90,0.72,0.90,0.97,0.83,0.72,0.67,0.75,0.75,0.67,0.63,0.70,0.60,0.80,0.97,0.75,0.70,0.53,0.77,0.86,0.78,0.60,0.83,1.20,0.76,1.44,0.94,0.87,0.81,0.69,0.60,0.74,0.80,0.80,0.66,0.62,0.77,0.87,0.38,1.00,1.24,0.64,0.66,0.42,1.45,0.92,0.90,0.65,0.77,1.20,0.83,1.14,0.56,1.07,1.50,0.63,1.38,0.37,1.35,1.93,1.60,1.10,2.70,0.60,0.74,1.00,1.20,1.27,0.90,0.57,1.00,0.82,0.78,0.63,0.87,0.85,0.73,0.85,1.00,1.00,0.70,0.80,1.15,1.80,1.33,1.92,1.64,1.10,1.47,1.20,1.77,1.00,1.52,0.94,0.70,0.43,0.26,0.72,0.77,1.08,0.89,2.13,2.10,1.35,1.77,0.97,1.30,0.84,1.40,1.08,0.70,1.90,0.73,0.67,1.02,0.40,0.68,0.74,1.72,0.70,0.87,0.93,0.92,0.55,0.90,1.20,0.73,1.30,0.83,1.13,1.70,0.50,0.47,1.44,0.50,0.85,2.05,0.65,0.85,0.85,0.65,0.60,0.90,0.85,0.85,0.70,1.00,0.60,0.80,0.90,0.70,0.40,0.70,0.80,0.93,0.95,1.60,1.00,0.60,0.60,0.70,1.25,,0.40,0.70,1.02,,2.50,1.00,0.87,1.55,1.40,1.15,0.93,0.93,0.40,0.25,0.70,0.50,0.75,0.55,0.70,1.47,0.45,1.35,0.87,1.10,0.75,1.50,0.90,0.65,0.90,0.60,0.47,0.47,0.35,0.50,1.30,0.60,0.40,1.20,0.68,0.95,0.80,1.20,0.57,0.47,0.80,0.75,0.80,0.68,1.20,0.60,0.70,0.57,0.97,0.93,0.80,0.30,0.67,1.25,1.60,0.52,1.15,0.92,0.85,1.15,0.85,1.70,1.15,0.87,1.33,0.53,1.00,0.60,0.80,0.96,1.40,0.93,0.97,1.00,1.60,1.00,0.83,0.87,0.45,1.00,1.05,0.93,1.45,0.57,1.35,1.38,0.50,0.65,0.93,1.13,1.03,0.80,0.50,0.55,0.85,0.95,0.75,0.70,1.00,0.55,0.97,0.63,1.00,1.20,0.63,0.90,0.68,1.25,0.15,1.10,0.82,0.50,0.70,1.05,0.80,0.70,0.50,0.45,0.90,0.90,0.40,1.15,0.60,1.17,0.80,0.80,0.60,1.00,1.10,0.60,0.50,0.35,0.30,1.40,0.35,0.35,1.03,0.90,0.55,0.75,1.00,0.80,0.90,0.45,0.95,0.60,0.55,0.60,,1.30,0.70,1.40,0.60,0.30,0.50,0.40,3.20,0.30,0.55,0.50,0.45,0.60,1.55,1.25,0.90,0.25,0.90,0.63,0.80,0.60,1.00,,0.85,0.70,
20160913,7,AQI,93,125,161,134,56,79,149,49,42,95,81,75,72,57,61,94,53,55,47,43,85,88,73,78,65,81,94,100,94,63,76,71,89,76,47,34,64,65,94,42,33,47,64,58,88,37,32,59,123,91,109,69,58,42,22,33,47,49,46,36,16,55,47,16,94,58,60,51,27,109,83,57,37,58,74,56,68,29,148,50,36,58,29,114,73,119,95,213,109,68,123,121,134,108,74,62,45,32,53,49,28,23,44,71,44,21,23,58,54,56,52,60,43,51,43,86,61,62,53,46,58,19,26,61,105,69,54,85,26,97,95,60,62,110,76,64,56,60,21,54,12,59,63,74,88,56,68,114,76,93,109,60,44,56,139,40,53,50,26,51,126,167,81,93,125,60,63,52,62,75,44,56,52,78,85,78,69,96,88,109,70,105,71,66,69,66,48,,79,63,76,,52,54,75,44,30,53,74,104,39,36,37,38,12,43,60,55,41,25,59,29,48,48,28,59,16,25,52,23,18,16,17,42,24,11,106,73,57,54,29,32,94,81,100,59,51,17,80,30,22,22,28,19,53,73,62,85,49,56,65,60,78,60,78,96,51,47,73,153,113,58,79,75,57,93,63,50,51,85,53,75,76,71,57,83,79,78,53,47,32,46,28,33,64,58,37,46,33,36,84,71,29,40,124,100,30,49,72,18,15,54,73,42,41,65,33,59,40,39,59,41,42,37,68,80,69,31,50,59,32,23,17,21,21,59,20,15,78,60,58,44,70,44,31,39,64,52,30,52,,52,51,46,36,23,28,27,32,29,34,50,23,47,19,39,62,64,52,72,71,67,36,,48,85,
20160913,7,PM2.5,69,95,123,102,24,58,114,27,19,71,60,35,45,24,28,58,31,38,30,30,63,65,53,57,47,60,70,75,70,45,56,52,66,56,29,24,46,39,70,26,17,33,46,41,61,13,18,39,83,62,82,43,41,23,15,18,33,34,32,25,11,38,24,8,70,41,43,35,7,82,43,29,22,29,54,36,32,19,113,28,25,41,18,86,52,90,71,163,82,47,93,92,102,81,54,39,24,14,37,34,15,14,31,52,30,12,16,39,38,40,27,43,25,20,26,64,35,41,37,28,24,9,12,44,79,50,25,63,15,51,71,43,42,83,56,44,38,43,11,32,2,42,45,51,65,40,40,86,56,69,82,43,31,40,106,10,23,35,8,29,96,127,60,69,95,41,45,33,38,41,30,40,31,57,63,57,50,72,61,82,51,79,52,48,50,48,31,,58,39,56,,23,38,42,29,18,35,49,78,27,18,26,19,4,30,43,34,29,13,30,17,25,23,10,42,11,10,18,15,9,9,12,16,10,2,80,53,40,34,14,15,70,60,75,42,19,6,59,20,14,14,13,13,34,53,44,63,34,40,43,43,57,43,57,72,36,32,53,117,52,41,58,55,36,69,45,35,30,63,37,55,56,52,39,61,47,57,35,29,21,32,18,23,46,41,17,25,21,11,62,52,20,24,94,75,15,34,51,9,8,38,53,29,20,47,23,42,26,21,42,21,28,26,49,59,47,12,35,42,22,13,1,4,2,23,9,9,57,30,41,29,35,25,22,18,46,27,14,35,,21,4,32,13,13,6,19,5,6,24,35,16,20,9,14,21,46,9,34,32,35,25,,18,57,
20160913,7,PM2.5_24h,45,50,90,61,26,53,76,21,16,39,43,27,47,29,17,48,29,38,30,36,47,39,40,44,34,44,52,54,46,53,43,33,48,44,27,20,36,33,38,31,16,47,36,28,46,10,17,25,66,46,62,41,46,21,17,18,27,25,31,25,13,23,22,13,66,67,45,34,12,66,34,26,23,28,45,37,26,15,75,23,21,29,15,58,60,61,54,86,59,38,68,70,74,54,44,37,22,17,19,26,13,13,22,28,25,11,23,27,36,75,23,45,22,24,20,87,29,31,29,21,19,7,17,33,50,35,25,53,54,61,62,49,49,75,60,57,40,32,10,26,4,48,58,43,121,93,41,99,55,51,60,34,25,34,85,15,15,18,13,26,65,82,53,49,61,35,40,26,33,39,28,31,35,39,45,44,38,40,46,53,37,60,50,45,50,45,39,,35,44,41,,26,26,31,33,19,37,31,35,30,22,23,22,7,24,22,56,22,8,24,29,23,29,16,34,9,11,15,12,7,11,21,14,10,7,50,33,23,27,16,13,44,33,48,34,16,15,46,13,9,12,14,8,21,58,37,29,33,34,49,31,32,46,53,49,44,49,50,49,37,40,66,61,34,59,59,43,37,62,48,47,57,42,43,44,48,49,43,24,20,22,14,18,48,29,21,26,18,24,83,68,44,69,74,99,26,59,56,13,21,32,55,37,18,41,35,41,31,15,34,19,29,29,37,94,37,18,39,46,36,15,17,9,10,35,20,10,44,23,46,40,18,27,14,18,48,34,14,26,,16,12,29,10,15,12,16,5,8,17,26,22,27,24,17,27,40,13,31,41,25,29,,20,27,
20160913,7,PM10,75,118,205,148,61,86,161,49,42,133,78,100,93,63,71,137,56,60,47,36,111,106,73,79,74,78,94,110,107,65,96,77,80,80,47,33,68,79,100,42,22,36,61,50,126,37,32,67,196,131,,87,66,42,22,33,47,39,41,23,14,60,47,16,112,60,64,52,15,108,115,64,37,66,65,61,86,29,182,50,34,66,29,170,96,175,95,254,160,85,171,120,157,104,58,74,45,32,43,49,28,19,38,65,44,14,21,65,52,44,54,67,43,51,43,94,72,73,49,46,66,19,26,60,91,76,57,75,20,144,94,60,74,153,82,77,61,54,21,57,7,53,64,98,81,47,86,117,95,94,115,65,20,57,114,40,56,39,26,52,133,245,84,96,114,70,74,54,74,99,44,54,54,94,84,79,71,76,125,128,74,86,77,60,68,65,48,,78,75,84,,54,56,99,44,30,55,97,122,28,36,35,38,10,30,70,59,30,25,68,29,48,48,28,65,14,25,54,23,18,16,16,42,24,11,112,69,64,58,29,32,108,88,,51,51,17,71,30,22,22,28,19,55,95,73,86,48,59,80,59,83,69,56,87,41,47,78,169,176,62,80,96,64,97,76,50,51,106,50,73,88,82,63,103,107,88,55,47,32,41,28,32,70,57,37,46,33,36,74,61,28,40,132,94,21,40,94,15,10,56,85,42,41,69,30,60,40,39,68,41,42,21,47,94,88,31,34,,32,23,3,,10,67,15,15,72,69,41,44,89,44,27,39,53,53,30,53,,54,51,34,36,23,28,24,12,17,31,,21,47,18,39,73,64,53,94,92,83,29,,48,119,
20160913,7,PM10_24h,63,77,143,93,47,80,127,52,31,72,68,74,76,76,42,82,49,61,51,44,89,64,61,74,66,60,72,86,74,76,78,73,70,59,42,31,52,53,59,60,23,59,51,47,95,29,30,57,140,92,93,102,72,35,29,34,45,41,59,39,26,44,37,27,101,110,74,57,43,113,72,54,45,76,78,63,68,29,115,48,33,47,24,115,103,117,80,152,110,68,118,110,109,85,49,70,40,30,29,41,34,28,33,41,39,29,37,61,55,125,49,73,41,61,46,115,52,54,45,40,53,21,29,52,85,59,53,87,91,115,108,77,95,143,78,94,71,43,24,42,14,75,84,93,107,123,80,145,108,76,102,56,41,58,107,50,40,27,54,66,90,153,76,68,106,55,61,40,66,82,78,47,48,78,58,59,76,65,84,85,55,72,67,54,75,57,62,,60,84,98,,61,44,83,51,35,55,92,68,71,58,36,40,22,35,42,84,42,17,50,40,49,60,42,60,17,40,45,27,18,17,35,42,24,14,77,53,45,46,30,26,67,68,52,50,40,21,59,23,21,22,27,23,41,75,57,46,46,48,81,44,51,74,84,81,84,114,110,88,96,64,104,114,56,105,96,67,57,106,82,78,87,81,71,66,94,85,90,42,28,36,26,26,75,49,43,39,28,65,105,93,61,103,119,150,49,75,103,22,32,51,96,53,60,64,45,61,50,50,68,36,42,39,47,152,58,36,48,54,47,32,9,20,16,107,24,17,81,61,71,76,55,53,23,46,64,62,20,52,,41,40,48,28,24,28,43,17,18,24,43,34,71,68,55,77,66,41,101,220,71,47,,52,83,
20160913,7,SO2,2,15,15,142,11,23,15,11,7,6,31,27,24,26,10,24,9,7,10,12,20,29,44,25,31,7,25,28,27,16,23,19,11,21,14,5,11,13,28,9,8,14,23,9,15,5,12,12,20,23,11,15,16,11,5,12,14,16,18,11,7,24,21,4,16,7,6,15,4,18,11,12,7,14,16,15,21,6,14,15,23,25,8,23,58,50,30,43,21,17,31,36,23,13,10,11,11,15,20,20,8,9,12,17,27,5,10,44,39,13,26,16,41,45,14,8,12,18,26,9,5,4,12,17,21,23,8,25,12,10,10,16,12,24,43,13,4,16,8,30,3,10,12,51,15,13,11,8,11,21,11,10,7,7,15,20,16,16,5,8,26,38,21,21,26,74,8,16,19,11,10,10,6,15,39,13,12,25,24,24,23,20,11,21,4,10,19,,2,16,15,,20,59,55,42,25,32,80,6,7,6,16,8,6,10,93,11,4,21,8,6,19,5,3,8,7,5,3,18,5,6,4,20,9,10,13,18,23,18,33,25,24,11,34,17,41,8,39,7,17,9,8,5,8,48,64,98,65,44,38,30,52,14,8,10,11,17,6,12,23,40,11,11,27,23,13,6,14,13,5,22,16,46,41,23,12,25,3,11,5,23,10,15,4,15,18,8,8,14,19,9,11,3,22,8,28,5,5,12,28,25,21,7,19,18,2,7,4,2,29,8,11,14,20,28,32,6,8,17,7,9,7,6,7,26,10,3,6,9,21,5,25,9,9,9,9,8,6,5,,16,10,12,13,7,12,11,6,10,7,6,1,3,3,6,24,4,3,9,24,9,8,,10,9,
20160913,7,SO2_24h,2,13,21,41,8,18,27,14,6,5,29,12,21,31,13,13,7,7,10,12,20,12,22,23,32,8,15,27,24,16,14,18,19,14,13,6,9,14,15,7,8,14,12,4,15,6,10,8,24,17,18,18,18,9,7,12,12,13,13,14,6,13,13,5,13,24,8,20,5,19,7,25,12,12,26,12,24,7,13,12,20,28,9,20,23,34,24,37,30,15,35,37,27,11,10,28,12,11,12,16,6,9,7,9,17,6,9,42,24,32,24,15,27,29,15,11,15,12,20,10,3,5,13,15,16,24,20,34,21,18,23,27,13,29,33,32,6,16,9,19,3,9,19,43,21,16,12,12,10,20,21,9,8,8,18,104,11,26,5,7,34,33,15,13,20,18,8,10,18,14,13,9,6,12,18,20,8,19,25,22,13,19,11,16,3,17,17,,3,20,21,,28,35,37,51,31,29,83,5,8,11,18,5,9,11,26,16,8,21,6,20,12,11,2,7,5,7,3,12,5,7,6,21,10,12,22,17,15,26,29,26,20,11,28,18,30,13,27,6,10,11,8,6,9,29,25,51,28,34,27,16,16,30,22,17,20,24,14,9,30,19,20,14,24,31,14,11,11,17,8,17,26,31,20,16,21,18,5,11,5,17,12,13,18,15,11,7,8,20,31,27,19,11,13,9,26,6,10,12,30,31,22,19,14,18,6,18,21,3,23,7,11,15,19,62,24,5,9,14,10,9,7,6,8,26,10,4,9,10,33,11,13,10,12,9,10,11,6,6,,15,14,14,14,7,12,11,6,12,8,7,3,4,5,9,24,3,2,8,8,12,8,,16,14,
20160913,7,NO2,53,88,78,81,50,42,61,22,22,66,52,40,63,48,54,44,37,40,41,43,56,86,63,39,41,35,71,65,58,26,21,37,42,54,56,35,44,49,44,19,19,29,34,27,66,23,52,23,85,46,29,57,46,36,25,40,49,56,42,29,20,38,27,8,69,29,30,17,13,44,56,34,23,41,54,32,54,29,52,30,28,46,31,60,34,70,52,75,52,69,67,52,59,68,23,37,27,15,12,10,17,6,15,33,37,7,16,32,27,20,35,47,35,53,15,24,25,30,31,28,22,20,32,31,43,23,17,30,20,21,34,51,39,60,52,16,22,13,9,22,2,29,16,36,12,24,30,16,44,24,35,35,16,28,54,17,78,27,9,10,71,97,47,59,78,39,78,53,31,39,11,21,19,58,63,33,50,56,44,96,71,33,56,17,29,41,41,,24,45,22,,21,48,49,35,37,19,66,51,27,23,53,29,24,7,36,26,15,17,32,25,32,14,32,16,16,17,6,15,7,7,31,14,15,14,38,38,29,34,36,16,92,43,39,28,33,20,63,24,11,12,20,25,14,33,34,32,9,19,27,14,35,22,18,22,23,17,14,20,32,38,33,30,36,43,26,22,20,44,4,25,18,37,30,23,26,28,15,11,17,22,20,28,18,8,22,26,13,25,6,14,22,17,30,46,19,21,12,6,30,28,29,10,10,25,23,37,13,15,21,6,16,7,16,26,36,14,29,16,7,22,7,14,7,12,,3,30,42,15,26,40,18,26,27,33,42,10,17,,27,28,28,25,3,13,24,3,6,16,21,18,30,25,18,14,16,3,25,6,28,8,,17,54,
20160913,7,NO2_24h,46,55,52,52,39,41,48,29,21,46,49,57,47,48,40,48,28,45,44,31,45,54,31,29,34,16,41,38,29,14,14,24,38,38,38,26,38,34,28,18,14,31,23,20,52,21,27,26,60,35,29,50,38,36,24,26,34,32,32,27,12,31,25,10,59,60,32,26,14,59,53,34,26,45,44,31,43,25,37,19,28,38,22,46,28,50,29,53,30,41,42,52,40,53,19,24,21,11,10,11,20,6,16,20,27,8,15,24,26,29,30,36,26,45,22,38,28,32,30,30,19,16,27,31,29,21,18,38,21,24,38,36,37,68,32,30,26,16,9,18,4,30,25,45,32,28,23,22,43,24,47,30,37,38,54,17,30,17,13,21,37,61,27,39,42,26,30,23,26,23,9,17,11,34,35,31,33,29,34,44,22,22,36,13,26,28,42,,19,28,22,,21,28,48,29,33,32,34,33,24,22,42,22,22,11,25,38,18,18,27,31,29,21,34,14,12,18,7,17,9,12,32,20,17,16,28,31,24,23,26,15,51,20,20,27,25,18,37,13,13,10,18,21,9,21,23,18,11,13,20,9,18,34,22,24,34,20,20,29,31,21,35,33,30,62,22,22,14,28,8,25,18,38,25,20,22,30,22,13,12,14,19,18,20,10,23,18,12,41,19,24,27,28,36,61,22,31,17,12,28,22,31,16,23,31,25,37,19,14,18,7,22,8,16,25,40,15,26,14,10,23,9,13,12,21,,6,35,40,21,33,31,21,20,19,46,35,11,23,,19,24,26,15,4,15,16,4,7,9,17,19,29,45,18,18,11,12,27,8,18,11,,38,27,
20160913,7,O3,5,14,8,14,10,9,27,15,4,3,77,74,5,4,5,5,36,5,9,76,35,18,56,50,51,39,21,17,19,69,68,40,64,16,41,48,44,4,45,68,105,56,56,26,63,27,51,36,10,30,72,42,15,9,28,28,5,5,12,22,16,23,10,23,15,28,42,59,86,26,11,12,38,31,19,25,5,30,9,15,18,13,32,10,74,9,19,7,21,21,17,45,21,38,46,57,9,70,37,65,29,73,28,35,28,66,53,5,17,120,15,9,20,22,10,15,21,15,8,19,4,9,10,66,30,60,85,69,84,36,74,4,32,31,15,24,32,89,53,29,39,50,76,16,76,70,23,54,33,45,47,9,12,7,6,55,9,10,79,79,13,4,23,54,32,52,27,32,9,29,61,27,12,29,30,39,63,42,29,19,1,17,19,100,36,30,36,,49,25,41,,14,22,6,17,8,2,23,21,5,47,36,8,22,115,16,12,12,9,8,5,5,29,6,4,9,11,22,26,7,15,41,5,6,15,55,85,76,68,60,29,39,27,45,111,37,47,41,45,34,28,29,39,22,12,24,63,69,40,19,63,53,47,99,105,98,88,78,87,44,57,38,64,59,57,28,55,68,13,16,37,20,59,34,11,19,24,16,18,38,25,31,9,5,32,5,9,12,37,115,74,66,65,33,31,95,20,62,4,34,28,51,57,7,20,34,33,66,29,62,78,19,23,47,9,8,6,12,13,20,33,54,68,68,16,64,48,3,,15,12,4,87,2,53,41,28,54,75,,28,36,4,33,21,43,39,10,92,29,27,45,38,61,49,31,54,41,25,67,12,16,,41,,
20160913,7,O3_24h,149,141,220,107,91,183,189,99,115,172,176,172,148,82,95,97,134,74,64,136,243,162,148,156,124,175,169,184,183,162,186,175,199,209,151,119,200,219,181,131,126,145,128,112,171,92,112,95,203,227,193,227,157,134,167,180,197,253,266,157,111,137,59,144,130,227,167,131,125,76,166,126,124,119,151,118,103,104,145,109,108,115,83,212,188,214,115,216,180,147,194,186,208,154,163,191,107,108,107,123,107,100,104,173,114,107,119,88,98,205,71,120,128,103,68,76,130,73,96,86,28,44,64,153,234,137,195,181,171,159,193,181,182,244,195,161,148,111,104,87,45,114,210,139,191,148,158,138,146,145,90,104,71,57,144,113,142,92,131,94,209,192,210,225,206,165,250,160,145,145,117,117,141,198,132,130,163,145,209,178,252,194,155,141,105,148,121,,107,179,184,,78,121,65,92,82,37,121,77,75,117,113,74,88,137,69,91,85,81,76,121,106,92,88,62,57,38,37,39,36,57,63,63,39,71,186,156,139,129,164,95,211,164,187,162,105,76,97,103,80,89,110,97,118,111,89,151,93,122,103,112,159,148,190,205,147,165,174,179,170,153,203,220,163,154,209,161,191,291,107,133,117,160,121,103,137,154,129,75,62,71,104,86,73,93,69,97,77,67,250,192,179,172,165,130,102,58,179,76,92,155,115,145,143,135,272,108,150,130,150,121,86,97,118,121,83,46,118,133,94,59,102,134,105,48,76,96,74,100,124,166,88,150,127,141,76,116,81,115,,94,125,124,128,92,113,125,41,110,115,135,103,115,94,156,121,115,85,100,107,154,98,,100,125,
20160913,7,O3_8h,13,25,33,44,12,18,36,20,6,25,79,71,10,6,12,3,38,3,9,92,45,36,62,74,61,67,34,28,40,80,84,58,68,21,44,57,35,12,41,69,110,51,66,22,76,44,71,29,13,49,97,38,32,17,33,43,22,28,32,29,27,28,12,22,27,43,43,65,88,28,11,25,48,20,18,31,8,39,14,24,13,15,51,22,108,38,31,7,44,34,31,35,53,15,57,78,16,80,52,52,15,74,25,47,36,67,57,6,23,119,24,18,21,26,11,17,17,9,10,15,9,20,12,83,66,67,98,58,110,41,81,25,47,30,41,27,38,90,56,36,37,61,90,17,56,74,41,56,34,71,27,20,9,12,5,63,61,32,77,77,37,9,58,65,29,52,42,69,16,28,77,37,27,38,41,37,69,54,34,48,41,24,30,81,42,42,57,,52,42,54,,21,30,9,17,14,1,41,20,26,61,67,9,30,119,15,10,11,10,8,7,9,25,2,4,17,17,26,26,7,20,44,9,12,16,89,97,91,84,81,42,50,52,72,125,43,55,57,66,43,33,35,26,40,23,14,75,71,57,23,62,76,41,117,85,88,79,82,67,53,55,54,66,48,38,36,65,71,43,19,38,24,59,33,22,23,29,19,19,37,30,36,12,9,37,6,16,9,42,112,84,76,77,42,37,88,26,66,6,49,40,64,68,10,23,41,49,45,40,67,89,18,28,67,16,10,6,16,24,19,35,68,77,62,16,67,45,4,6,27,11,7,92,10,87,35,28,61,64,,35,33,6,45,28,47,43,9,98,43,43,43,53,63,85,27,71,38,22,71,37,12,,21,24,
20160913,7,O3_8h_24h,42,32,71,67,13,33,37,39,11,51,83,81,20,17,29,3,48,3,11,109,61,64,73,79,64,98,59,41,65,105,99,65,93,42,55,61,49,38,54,71,113,51,72,24,91,66,84,30,20,69,127,46,53,32,46,72,40,62,61,43,37,38,14,24,37,47,47,69,90,31,12,36,61,23,22,36,19,44,19,39,13,21,75,45,135,71,37,9,66,42,59,76,100,15,66,96,33,89,57,90,16,78,30,56,48,76,62,6,30,121,38,27,25,38,12,25,17,10,15,16,16,29,15,91,99,79,108,75,133,43,91,38,52,31,59,44,47,93,59,42,37,81,106,22,56,75,75,64,44,87,27,25,9,17,7,82,104,45,80,77,59,21,82,84,31,53,58,87,26,42,82,48,36,42,58,43,79,78,48,73,91,44,42,81,46,69,73,,54,77,73,,27,50,25,21,21,2,67,20,36,71,85,12,34,126,20,11,11,12,9,10,11,25,2,4,32,18,31,29,9,23,50,12,17,18,116,105,94,98,121,48,74,86,99,139,46,58,77,83,45,38,40,26,86,34,19,101,74,68,33,65,100,62,125,95,90,79,85,72,79,66,82,100,55,38,39,70,77,73,22,56,33,65,39,31,29,39,21,20,38,33,54,21,15,45,6,29,10,50,132,98,78,83,47,44,92,27,86,7,67,56,69,80,14,34,57,51,45,56,75,98,20,29,77,24,12,8,23,46,20,37,71,84,67,17,70,53,6,22,45,18,11,98,12,102,41,52,67,67,,47,49,6,63,38,55,48,9,101,58,48,45,67,63,118,27,74,44,22,76,49,17,,21,57,
20160913,7,CO,0.96,2.19,1.15,4.33,0.90,1.87,1.32,0.43,0.55,1.53,1.03,1.95,2.45,0.91,0.68,1.59,1.17,0.82,1.00,0.73,1.23,1.30,0.93,1.20,1.28,0.90,1.06,1.23,1.30,1.07,0.86,0.93,0.95,0.89,0.74,0.73,0.80,0.70,1.15,1.00,0.75,0.60,0.67,0.90,0.93,0.85,0.60,0.77,1.49,0.81,1.36,0.96,0.96,0.81,0.65,0.60,0.86,0.87,0.80,0.60,0.62,0.83,0.89,0.35,1.18,0.76,0.61,0.58,0.40,1.51,1.23,1.10,0.30,0.77,1.17,0.87,1.40,0.56,1.88,1.65,0.60,1.73,0.40,1.68,2.43,2.60,1.15,4.50,0.92,0.90,1.37,1.30,1.77,1.03,0.70,1.15,0.98,0.75,0.83,0.87,0.75,0.73,0.80,0.95,1.05,0.70,0.65,1.25,1.83,0.93,2.60,1.56,1.48,1.45,1.27,1.48,1.03,1.95,1.18,0.68,0.90,0.32,0.86,0.93,1.10,1.23,2.28,1.55,1.05,1.53,1.13,1.20,0.80,1.30,1.38,0.80,1.87,0.77,0.70,0.95,0.40,0.70,0.58,1.42,0.33,0.50,0.97,0.80,0.53,0.95,1.05,0.73,1.13,0.88,1.30,2.30,0.90,0.73,1.46,0.43,1.25,5.30,0.70,0.95,1.20,0.70,0.80,1.55,1.05,1.20,0.75,1.25,0.75,1.00,1.10,0.73,0.50,0.90,1.10,1.23,1.45,1.70,1.30,0.70,0.70,0.75,1.15,,0.50,0.57,1.15,,2.60,1.36,0.90,1.62,1.50,1.00,1.33,1.73,0.40,0.40,0.65,0.47,0.65,0.45,1.04,1.63,0.45,1.57,1.37,1.10,1.50,1.45,1.00,0.80,1.00,0.67,0.43,0.80,0.70,0.45,1.10,0.65,0.45,1.10,1.02,1.10,1.03,1.23,0.67,0.53,1.30,1.35,1.20,0.75,1.40,0.60,0.93,0.55,0.97,0.93,0.73,0.30,0.70,2.65,1.73,0.83,1.10,0.95,1.08,1.30,1.00,1.03,0.85,0.93,1.53,0.65,1.07,0.87,0.90,1.24,1.45,0.95,1.00,0.97,1.45,1.00,0.80,0.97,0.65,0.96,1.23,0.92,1.57,0.70,1.27,1.25,0.60,0.70,0.90,1.13,1.07,0.90,0.45,0.85,0.90,1.05,0.75,0.50,0.70,0.33,0.63,0.27,1.23,0.88,0.50,0.75,0.55,1.75,0.35,1.17,0.70,0.47,0.50,1.10,0.60,0.70,0.40,0.35,1.00,1.00,0.35,1.10,0.70,1.07,1.25,0.80,0.55,1.10,0.85,0.75,0.80,0.35,0.25,1.35,0.30,0.30,0.97,1.05,0.60,0.90,1.40,0.50,1.40,0.30,0.95,0.50,0.55,0.55,,1.50,0.80,1.80,0.60,0.60,0.50,0.60,3.20,0.30,0.75,0.55,0.45,0.50,1.40,1.55,1.00,0.30,0.90,0.70,1.05,1.30,0.90,,0.65,1.00,
20160913,7,CO_24h,0.82,1.64,1.03,2.13,0.64,1.47,1.15,0.47,0.40,0.83,1.37,1.45,1.05,0.96,0.65,1.00,1.12,0.79,1.16,0.76,1.04,0.96,0.73,0.80,1.08,0.80,0.74,0.90,0.97,0.80,0.72,0.67,0.75,0.75,0.69,0.63,0.70,0.60,0.80,0.93,0.75,0.70,0.53,0.80,0.87,0.78,0.60,0.83,1.17,0.76,1.40,0.94,0.82,0.81,0.69,0.60,0.74,0.77,0.80,0.66,0.62,0.77,0.87,0.38,0.99,1.20,0.64,0.66,0.42,1.45,0.93,0.90,0.60,0.75,1.20,0.83,1.10,0.56,1.10,1.50,0.63,1.38,0.37,1.35,1.93,1.60,1.10,2.80,0.60,0.74,1.00,1.20,1.33,0.93,0.57,1.00,0.84,0.75,0.63,0.87,0.85,0.73,0.80,1.00,1.00,0.70,0.77,1.15,1.80,1.33,1.80,1.58,1.13,1.43,1.23,1.77,1.00,1.53,0.92,0.70,0.47,0.26,0.74,0.77,1.08,0.90,2.13,2.10,1.30,1.77,1.03,1.30,0.73,1.35,1.08,0.70,1.90,0.73,0.67,1.02,0.40,0.68,0.74,1.70,0.67,0.83,0.93,0.92,0.55,0.90,1.20,0.73,1.27,0.81,1.13,1.80,0.50,0.47,1.44,0.50,0.85,2.25,0.65,0.85,0.85,0.65,0.60,0.90,0.85,0.85,0.70,1.05,0.60,0.80,0.90,0.70,0.40,0.70,0.80,0.93,0.95,1.60,1.00,0.65,0.60,0.70,1.25,,0.40,0.68,1.02,,2.46,1.02,0.80,1.52,1.40,1.15,0.93,1.00,0.40,0.25,0.70,0.50,0.75,0.55,0.70,1.43,0.45,1.35,0.87,1.10,0.80,1.45,0.90,0.65,0.90,0.60,0.47,0.50,0.35,0.50,1.30,0.60,0.40,1.20,0.72,0.98,0.80,1.18,0.57,0.47,0.90,0.80,0.80,0.68,1.20,0.60,0.70,0.57,0.97,0.97,0.80,0.30,0.67,1.32,1.60,0.55,1.13,0.92,0.85,1.15,0.90,1.60,1.07,0.87,1.33,0.53,1.00,0.60,0.80,0.96,1.45,0.93,0.97,1.00,1.60,1.00,0.83,0.87,0.45,0.96,1.07,0.90,1.45,0.57,1.35,1.35,0.50,0.65,0.93,1.10,1.03,0.80,0.50,0.60,0.85,0.95,0.75,0.67,1.00,0.55,0.93,0.57,1.03,1.18,0.63,0.90,0.68,1.30,0.15,1.07,0.77,0.50,0.70,1.05,0.80,0.70,0.50,0.45,0.90,1.00,0.40,1.15,0.60,1.20,0.85,0.80,0.60,1.00,1.10,0.60,0.50,0.35,0.30,1.40,0.35,0.35,1.03,0.90,0.55,0.75,1.00,0.85,0.90,0.45,0.95,0.65,0.55,0.60,,1.25,0.70,1.50,0.60,0.30,0.50,0.50,3.20,0.30,0.55,0.50,0.45,0.60,1.55,1.30,0.90,0.25,0.90,0.67,0.85,0.97,1.00,,0.85,0.70,
20160913,8,AQI,110,130,157,129,60,78,159,51,47,100,68,86,72,67,59,100,55,52,39,37,89,74,61,85,73,79,96,96,83,70,72,73,91,86,44,33,75,69,78,38,34,45,60,55,93,39,32,56,119,93,101,66,58,36,22,32,51,50,54,31,20,56,45,17,103,54,60,53,26,109,86,58,38,62,78,54,78,29,194,51,41,65,28,120,90,133,100,180,120,70,126,118,131,101,90,68,42,25,43,55,16,23,44,81,40,17,21,65,59,68,54,62,44,60,45,109,68,65,54,48,73,18,31,61,95,68,59,94,41,93,105,64,66,106,80,59,58,64,33,60,11,59,53,83,79,56,75,95,75,86,108,54,46,56,145,41,67,54,26,58,131,183,103,98,123,68,74,54,66,72,50,58,61,75,83,74,67,75,89,134,59,103,81,66,81,71,53,,75,70,88,,52,68,77,52,31,58,76,125,49,43,56,49,13,47,71,69,46,22,64,33,53,47,34,53,24,27,50,25,20,16,20,45,27,12,111,70,76,56,32,37,99,80,100,63,53,23,98,26,24,21,30,70,48,83,64,79,54,60,66,68,79,56,88,103,50,47,71,145,92,61,74,81,55,98,63,53,56,94,56,71,81,69,65,69,67,71,56,51,31,46,41,36,69,55,39,47,36,35,73,69,27,41,128,71,28,49,66,21,17,63,73,36,37,69,27,63,46,33,70,43,40,41,75,86,79,32,51,54,41,24,12,20,24,70,17,20,85,65,59,43,75,53,34,34,61,58,38,60,,50,41,49,36,28,27,26,32,28,36,60,23,55,21,40,58,65,33,90,65,72,44,,48,88,
20160913,8,PM2.5,83,99,120,98,34,57,121,22,18,75,49,55,46,34,23,71,35,33,27,26,66,54,44,63,53,58,72,72,61,51,46,53,68,64,26,23,55,44,57,25,15,31,43,39,69,13,16,35,85,61,76,39,39,25,14,17,36,35,38,22,12,37,25,7,77,38,43,37,6,82,48,30,24,29,57,36,33,19,146,29,29,43,17,90,67,101,75,136,91,51,96,89,100,76,67,35,24,15,30,39,11,14,31,60,27,12,15,43,42,49,29,44,27,22,26,82,45,44,35,29,30,8,15,44,71,49,28,70,29,53,79,46,44,80,59,35,41,46,13,42,4,42,37,61,58,40,55,71,55,64,81,35,32,40,111,9,39,38,7,41,100,138,77,73,93,49,52,32,46,50,35,41,30,50,61,54,43,55,66,102,42,77,60,48,60,52,34,,55,40,65,,24,49,45,30,22,37,50,95,34,17,29,23,5,33,51,50,30,13,32,17,31,24,11,37,14,12,22,14,12,10,14,13,13,1,84,51,56,36,16,23,74,59,75,45,20,5,73,18,15,14,13,13,31,61,42,58,38,43,43,49,58,40,65,77,35,33,52,111,55,44,54,60,36,73,45,37,34,70,40,52,60,50,41,50,47,52,36,31,22,32,23,25,50,39,18,33,25,14,53,50,19,24,97,46,13,34,45,7,9,45,53,25,11,50,19,45,32,14,46,30,21,29,55,64,52,16,36,38,29,15,5,8,6,36,12,14,63,33,42,29,35,30,24,18,44,29,17,33,,19,3,34,12,14,19,18,5,4,25,43,16,24,8,16,16,47,6,41,26,34,31,,19,65,
20160913,8,PM2.5_24h,48,52,93,63,27,52,79,21,16,42,43,29,46,28,18,48,30,38,30,36,48,39,40,45,34,44,53,53,46,49,43,34,49,44,26,21,36,34,39,31,16,48,37,29,47,10,17,26,67,47,62,41,46,21,17,18,28,25,31,25,13,24,22,13,66,67,44,34,12,68,35,26,22,28,46,37,26,14,78,23,21,30,15,59,60,62,55,88,60,39,70,72,75,56,45,36,22,17,20,27,13,13,22,29,25,11,22,29,37,74,23,44,22,23,21,87,29,31,30,22,20,7,17,34,51,35,25,53,52,62,63,49,49,75,60,57,39,32,10,27,4,47,58,45,119,88,41,98,55,52,63,34,25,34,88,15,16,18,12,27,66,85,55,51,63,36,41,26,34,40,29,32,35,40,45,45,38,41,46,53,37,59,49,45,52,45,39,,37,44,41,,25,26,31,32,20,38,31,38,31,22,23,22,7,24,23,57,22,8,25,28,23,28,16,35,10,11,15,12,7,11,20,14,10,7,51,34,30,27,16,14,45,34,49,35,17,14,47,14,10,12,14,8,22,58,37,31,32,35,48,32,34,45,53,51,42,48,50,51,38,40,63,61,34,58,58,42,37,62,48,48,58,42,42,44,48,49,43,24,20,23,14,18,48,30,21,26,18,24,82,67,43,66,75,98,25,59,54,12,20,33,54,36,18,41,35,41,31,15,35,20,28,29,38,95,38,18,38,46,36,15,16,8,10,36,20,10,45,23,46,39,18,27,15,18,48,34,14,27,,16,12,30,10,16,12,16,5,8,17,27,22,27,23,17,27,40,13,32,42,26,29,,20,28,
20160913,8,PM10,74,107,211,146,69,92,182,51,47,129,77,121,94,84,68,149,59,53,34,30,118,91,68,106,78,87,103,113,104,73,93,96,80,93,44,32,78,87,84,38,22,45,49,49,124,39,32,62,188,135,70,81,65,36,22,32,49,38,44,29,20,61,45,17,120,52,60,56,16,118,121,65,38,74,65,57,106,29,226,52,35,80,28,189,108,212,108,296,187,82,183,119,162,115,65,85,42,25,36,53,14,23,37,78,40,9,19,80,61,61,57,73,44,70,45,120,85,79,58,48,96,18,31,68,97,76,68,84,,135,101,66,82,147,87,68,63,65,33,69,9,53,51,110,74,51,77,100,95,87,122,58,23,62,122,41,84,43,26,55,135,275,103,102,111,72,97,57,82,93,48,65,71,100,85,78,84,91,121,148,67,88,85,55,78,71,55,,93,90,107,,53,73,103,53,31,66,102,150,47,43,61,49,13,28,91,84,46,22,77,33,56,47,34,50,24,27,50,25,20,16,17,45,27,12,117,71,59,62,32,37,95,106,80,60,55,23,84,26,24,21,30,90,48,102,77,89,53,61,82,63,86,55,58,78,35,45,74,159,134,70,97,100,60,134,74,48,62,110,62,72,87,85,80,77,83,81,61,52,27,43,41,33,82,57,39,43,36,35,63,56,27,41,145,92,20,40,82,21,12,69,91,33,37,73,23,58,42,33,89,40,40,21,65,121,108,32,43,,35,24,11,,10,90,17,14,84,79,51,43,100,56,31,34,54,66,38,69,,50,41,36,36,28,22,22,16,16,34,,23,60,21,40,65,79,33,129,79,94,,,48,118,
20160913,8,PM10_24h,61,78,147,95,50,78,130,53,32,75,67,76,76,75,43,84,50,62,51,44,91,66,62,74,66,60,72,86,74,72,78,73,71,60,41,31,53,54,59,61,23,59,51,48,96,29,30,59,142,94,93,101,71,35,29,34,45,41,59,40,26,46,37,27,101,108,73,56,42,113,75,55,43,76,79,63,69,28,120,47,34,49,24,119,103,119,81,156,114,68,122,112,111,87,50,70,41,30,29,42,34,28,33,43,40,28,36,64,55,124,49,71,41,60,47,116,53,54,46,41,55,20,30,53,86,59,54,86,91,118,108,77,94,143,79,94,71,44,24,44,14,72,84,94,107,119,78,143,108,77,103,57,39,57,110,50,41,28,50,66,92,159,76,69,108,57,63,41,67,83,77,48,49,79,59,60,75,66,84,87,56,72,66,54,76,57,63,,59,84,98,,60,45,83,51,35,56,92,73,73,57,36,40,22,35,45,84,42,17,51,40,49,58,42,60,16,40,45,26,18,17,34,42,24,14,79,53,56,47,30,26,68,70,54,50,40,21,60,23,22,22,28,25,41,76,57,49,46,48,81,45,52,73,83,82,83,111,108,91,98,64,97,113,56,104,95,65,57,106,82,79,87,81,72,66,95,85,88,43,29,36,27,27,75,51,42,40,28,63,103,90,59,99,120,149,47,74,100,23,31,52,94,51,60,64,44,60,50,49,68,36,41,38,48,154,60,36,48,54,46,32,9,21,16,106,24,17,81,59,71,74,58,52,24,45,64,62,20,54,,41,40,48,28,25,28,42,17,18,24,45,34,71,66,54,79,68,42,105,221,73,47,,53,84,
20160913,8,SO2,2,16,16,201,15,32,25,12,15,8,31,24,26,31,12,21,11,8,10,13,22,31,35,31,35,10,25,39,39,17,26,26,14,28,12,7,12,21,23,9,8,16,23,11,19,6,12,13,20,18,10,16,20,12,6,16,19,19,18,10,7,26,20,3,18,18,6,14,4,18,11,13,6,13,28,18,26,7,16,14,34,86,7,21,69,41,43,43,27,20,35,80,19,15,12,13,16,13,16,19,8,10,15,23,25,9,7,70,32,14,34,15,55,43,15,9,11,21,29,9,5,4,14,16,20,28,8,37,13,10,10,18,13,31,50,17,6,18,8,39,3,12,11,37,13,10,11,6,12,21,12,9,7,7,13,23,30,17,5,6,31,30,26,21,24,59,9,13,39,15,12,12,6,17,32,15,11,27,35,39,21,26,14,20,6,10,20,,2,15,14,,22,106,46,56,30,72,147,17,8,17,18,8,6,10,161,16,4,26,11,12,19,13,3,8,6,5,3,16,6,6,12,17,8,11,15,25,29,20,29,24,26,14,37,18,28,8,51,8,17,10,9,5,8,62,59,92,44,53,34,38,42,13,10,10,10,16,6,13,20,32,13,15,36,24,14,6,14,11,5,29,23,54,28,22,26,29,3,15,6,25,11,13,11,15,14,12,9,14,19,9,10,3,29,9,23,5,7,13,29,29,19,13,38,23,2,6,29,4,26,8,10,19,21,53,26,5,8,12,7,9,7,5,6,26,9,3,5,10,24,5,39,9,11,10,10,12,7,5,,19,12,14,14,9,12,12,6,10,9,3,2,4,2,7,24,5,3,10,9,10,8,,9,8,
20160913,8,SO2_24h,2,13,21,48,9,19,28,14,7,5,29,13,21,31,13,14,7,8,10,12,20,12,22,23,32,7,15,26,24,15,14,17,20,15,13,6,9,14,15,7,8,14,12,5,16,6,10,8,23,17,17,18,17,9,7,12,12,13,13,14,6,13,13,5,13,24,8,19,5,19,7,26,12,12,27,12,24,7,14,12,21,31,9,20,25,34,25,36,30,15,35,40,26,12,11,26,12,11,12,16,6,9,7,10,17,6,9,44,24,32,24,14,28,30,15,11,14,13,20,10,4,5,13,15,16,24,19,33,20,18,22,27,13,28,33,28,6,15,9,20,3,9,18,44,21,16,12,11,10,19,20,9,8,8,18,105,11,25,5,7,34,33,15,13,20,19,8,10,18,14,13,10,6,12,17,19,8,19,25,22,13,19,11,15,3,17,17,,3,20,20,,27,37,38,52,31,31,82,6,8,11,18,5,9,11,31,16,8,21,6,20,12,10,2,7,5,7,3,12,5,7,7,21,9,12,20,17,13,23,29,26,20,11,28,17,29,13,28,6,10,11,8,6,9,31,26,53,28,34,28,17,17,29,21,17,20,24,13,9,29,19,16,14,24,31,14,11,11,17,8,18,26,31,20,16,21,18,5,12,6,18,12,13,18,15,11,8,8,20,31,27,19,11,14,9,26,7,9,12,30,31,22,18,15,18,6,17,18,3,22,8,11,14,19,64,24,5,9,14,10,9,7,6,8,26,10,4,9,10,33,10,15,10,12,10,10,11,6,6,,15,13,14,14,7,12,12,6,12,8,7,3,4,5,9,24,3,2,8,9,12,8,,16,14,
20160913,8,NO2,54,83,74,83,55,48,78,26,27,73,55,48,61,48,53,49,46,43,44,35,53,81,49,53,53,39,67,70,59,19,20,36,49,56,49,38,41,64,32,22,20,36,30,26,65,26,50,24,78,52,42,50,43,37,26,37,46,55,43,28,21,40,26,10,64,40,34,25,17,50,58,35,25,53,50,33,49,33,64,33,31,53,26,65,45,58,54,83,60,70,69,51,70,63,22,51,24,18,15,13,12,11,21,34,33,12,15,30,33,35,37,46,34,47,16,32,30,30,33,30,26,23,34,35,39,27,25,34,34,30,43,46,47,49,52,16,27,23,11,25,5,39,22,46,18,32,28,20,51,31,37,30,22,29,51,37,90,26,13,13,68,89,52,62,65,38,95,46,38,36,17,28,24,50,59,47,45,42,43,87,31,31,54,26,40,49,46,,37,33,18,,20,47,45,42,36,19,57,44,29,36,61,29,23,19,44,34,18,19,51,23,35,24,36,16,13,19,6,18,10,7,32,16,14,14,36,41,42,44,40,16,87,36,54,33,47,22,52,19,13,10,17,46,10,33,31,31,13,24,29,15,31,38,33,45,28,19,19,26,24,34,39,34,43,46,22,26,19,50,3,28,17,41,32,23,27,34,20,9,15,25,21,21,18,8,23,26,14,34,13,24,26,31,47,55,19,28,15,7,33,39,41,19,13,32,25,60,12,17,35,7,25,11,32,31,36,17,36,17,8,25,14,14,11,12,,6,31,48,18,24,41,29,29,41,51,49,18,31,,35,37,34,26,11,15,39,4,6,21,25,26,31,28,15,20,16,3,20,8,29,8,,44,49,
20160913,8,NO2_24h,47,56,52,53,40,42,50,29,20,47,48,57,47,47,40,48,29,46,45,31,45,55,31,29,35,17,41,38,30,13,13,24,39,38,38,26,38,35,28,18,14,31,24,21,53,21,27,26,60,36,29,50,38,36,25,26,35,33,32,27,13,32,25,10,59,62,31,26,13,58,53,34,25,46,44,31,44,24,38,19,28,38,22,46,28,50,30,51,32,41,43,52,41,55,18,24,21,11,10,11,19,6,16,21,26,8,14,24,26,29,30,36,25,45,22,37,28,31,30,29,20,16,28,32,30,21,18,38,21,24,38,36,37,68,33,30,26,16,9,18,4,30,24,45,31,27,22,21,43,23,46,30,37,37,54,17,31,17,13,21,38,61,27,40,42,27,32,23,26,23,9,17,11,35,35,31,33,29,34,46,21,22,36,13,27,29,43,,19,28,22,,21,29,48,28,33,32,34,33,24,22,42,22,22,10,26,38,18,18,28,31,29,21,34,14,11,18,7,17,9,12,32,19,17,16,28,31,25,24,26,15,52,21,21,27,26,18,37,14,13,10,18,22,9,22,24,19,11,14,20,9,18,33,22,25,34,20,20,29,30,21,33,32,30,62,22,22,14,29,8,26,18,38,25,20,21,30,22,13,12,14,18,18,19,10,23,19,12,40,18,24,27,27,36,61,22,31,17,11,28,23,30,15,23,31,25,38,18,14,18,7,23,8,16,25,40,15,25,14,10,23,9,13,12,21,,7,34,40,21,32,32,21,20,19,45,35,11,23,,20,25,25,15,4,15,17,4,7,9,17,20,28,45,18,19,12,12,27,7,19,11,,39,28,
20160913,8,O3,8,25,15,28,11,11,18,13,6,11,91,61,7,6,11,6,32,18,14,93,49,46,92,36,40,48,57,33,41,100,81,49,59,29,64,48,56,8,78,68,108,51,61,43,68,27,56,55,27,38,62,58,21,11,34,32,11,8,14,26,21,26,13,21,13,17,41,44,83,20,12,13,41,17,29,27,12,31,12,15,22,28,40,12,65,20,36,11,23,30,30,49,16,50,59,64,18,71,27,66,45,62,25,42,37,52,66,5,9,103,15,12,21,26,13,16,22,18,17,23,4,10,15,71,43,59,70,61,56,26,70,7,29,52,27,24,29,71,44,29,36,41,80,9,68,56,31,54,25,39,40,13,12,6,8,28,8,12,70,73,21,21,30,55,67,66,37,63,14,56,50,34,16,49,57,63,104,72,39,47,89,39,28,95,28,31,35,,27,46,62,,15,30,8,16,14,5,28,27,7,39,26,13,21,105,22,19,16,11,8,8,8,24,11,9,22,12,22,24,7,18,50,8,11,16,60,73,68,70,70,40,62,47,35,108,27,37,50,58,33,34,38,15,38,18,40,76,75,39,28,67,82,39,77,77,89,89,70,79,71,75,20,62,69,60,54,69,78,18,17,40,26,65,34,10,32,29,15,22,34,21,29,15,6,39,3,23,11,27,109,73,57,50,30,30,90,17,53,4,45,13,45,47,2,18,42,13,67,27,48,77,10,16,31,8,12,4,9,10,18,29,39,65,76,14,55,51,5,2,13,8,6,77,6,27,29,20,47,61,,24,32,4,27,6,44,35,10,89,29,23,36,43,58,62,20,52,39,23,61,9,23,,10,,
20160913,8,O3_24h,149,141,220,107,91,183,189,99,115,172,176,172,148,82,95,97,134,74,64,136,243,162,148,156,124,175,169,184,183,162,186,175,199,209,151,119,200,219,181,131,126,145,128,112,171,92,112,95,203,227,193,227,157,134,167,180,197,253,266,157,111,137,59,144,130,218,167,131,125,76,166,126,124,119,151,118,103,104,145,109,108,115,83,212,188,214,115,216,180,147,194,186,208,154,163,191,107,108,107,123,107,100,104,173,114,107,119,88,98,205,71,120,128,103,68,76,130,73,96,86,28,44,64,153,234,137,195,181,171,159,193,181,182,244,195,161,148,111,104,87,45,114,210,139,191,148,158,138,146,145,90,104,71,57,144,113,142,92,131,94,209,192,210,225,206,165,250,160,145,145,117,117,141,198,132,130,163,145,209,178,252,194,155,141,105,148,121,,107,179,184,,78,121,65,92,82,37,121,77,75,117,113,74,88,137,69,91,85,81,76,121,106,92,88,62,57,38,37,39,36,57,63,63,39,71,186,156,136,129,164,95,211,164,187,162,105,76,97,103,80,89,110,97,118,111,89,151,93,122,103,112,159,148,190,205,147,165,174,179,170,153,171,220,163,154,209,161,191,291,107,133,117,160,121,103,137,154,129,75,62,71,104,86,73,93,69,97,77,67,250,192,179,172,165,130,102,58,179,76,92,155,115,145,143,135,272,108,150,130,150,121,86,97,118,121,83,46,118,133,94,59,102,134,105,48,76,96,74,100,124,166,88,150,127,141,76,116,79,115,,94,125,124,128,92,113,125,41,110,115,135,103,115,94,156,121,115,85,100,107,154,98,,100,125,
20160913,8,O3_8h,12,25,31,42,12,17,33,20,6,23,81,70,9,6,12,3,38,5,9,92,46,37,65,69,58,65,36,29,41,82,83,57,68,22,46,55,37,12,45,68,109,51,65,25,75,42,69,32,15,48,92,40,31,17,33,42,21,25,30,28,27,28,12,22,25,40,43,63,87,27,11,23,47,19,20,31,8,38,14,23,14,16,50,21,103,36,32,7,41,33,31,37,48,19,58,76,17,79,49,55,19,72,25,46,36,66,58,6,21,117,23,17,21,26,11,18,18,10,10,16,8,18,13,81,64,66,95,59,103,39,79,23,45,33,39,26,37,88,54,36,37,59,89,17,57,71,40,56,33,67,29,18,10,11,5,58,55,30,76,76,35,10,54,64,33,53,41,68,16,31,74,37,25,40,43,41,73,56,34,48,47,26,30,83,41,40,54,,49,43,55,,20,30,9,17,14,2,39,21,23,59,62,9,29,117,16,9,12,10,8,7,9,25,3,5,18,17,26,26,7,19,45,9,12,16,85,94,83,83,80,42,52,52,68,123,40,53,57,65,42,33,36,24,39,22,17,75,72,55,24,63,77,40,112,84,88,80,81,68,55,57,46,66,51,41,38,65,72,40,19,39,24,60,33,21,24,29,18,19,37,29,36,13,9,37,5,17,10,40,112,83,74,74,41,36,89,25,65,6,48,37,62,66,9,23,41,44,48,38,65,87,17,26,63,15,10,6,15,22,19,35,64,75,64,16,65,45,4,5,25,11,7,89,9,79,34,28,59,63,,34,33,6,43,25,47,42,9,97,41,41,42,52,62,82,26,69,38,22,70,33,14,,19,21,
20160913,8,O3_8h_24h,42,32,71,67,14,33,37,39,11,51,84,82,20,17,29,3,48,5,11,109,61,64,74,79,64,98,59,41,65,105,99,65,93,42,56,62,49,38,54,71,113,51,72,26,91,66,84,33,21,69,127,47,53,33,46,72,40,62,61,43,37,38,14,24,37,47,47,69,90,31,12,36,61,24,23,36,19,44,19,39,14,21,75,45,135,71,37,9,66,43,59,76,100,19,66,96,33,89,57,90,19,78,30,56,48,76,62,6,30,121,38,27,25,38,12,25,18,12,15,16,16,29,16,91,99,79,108,75,133,43,91,38,52,33,59,44,47,93,59,42,37,81,106,22,57,75,75,64,44,87,29,25,10,17,7,82,104,45,80,77,59,21,82,84,34,54,58,87,26,43,82,48,36,42,58,43,79,78,48,73,91,44,42,83,46,69,73,,54,77,73,,27,50,25,21,21,2,67,22,36,71,85,12,34,126,20,9,12,12,9,10,11,25,3,5,32,18,31,29,9,23,50,12,17,18,116,105,89,98,121,48,74,86,99,139,46,58,77,83,45,38,40,26,86,34,20,101,74,68,33,65,100,62,125,95,90,80,85,73,79,67,73,100,55,41,39,70,77,73,22,57,34,65,39,31,29,39,21,20,38,33,54,21,15,45,6,29,10,50,132,98,78,83,47,44,92,27,86,7,67,56,69,80,14,34,57,51,48,56,75,98,20,29,77,24,12,8,23,46,20,37,71,84,68,17,70,53,6,22,45,18,11,98,12,102,41,52,67,67,,47,49,6,63,38,55,48,9,101,58,48,45,67,63,118,27,74,44,23,76,49,17,,21,57,
20160913,8,CO,1.06,2.17,1.18,4.32,0.86,1.93,1.55,0.60,0.55,1.87,1.07,1.85,2.15,1.06,0.75,1.39,1.32,0.74,0.91,0.69,1.22,1.23,0.93,1.40,1.40,1.00,1.04,1.30,1.43,1.00,0.74,0.90,1.05,0.94,0.73,0.80,0.85,0.90,1.10,1.00,0.80,0.65,0.63,0.93,0.98,0.85,0.60,0.75,1.51,0.85,1.40,0.94,0.97,0.90,0.67,0.63,0.90,1.03,1.13,0.62,0.72,0.97,0.90,0.35,1.31,0.78,0.72,0.64,0.38,1.60,1.33,1.05,0.40,0.83,1.22,0.93,1.40,0.64,2.55,1.73,0.67,1.82,0.40,1.73,2.50,2.20,1.20,4.60,1.04,0.98,1.30,1.55,1.90,1.10,0.70,1.20,1.02,0.93,0.77,1.17,0.85,0.83,1.05,1.60,1.10,1.00,0.75,1.90,1.97,1.10,2.80,1.28,1.55,1.48,1.33,1.67,1.03,1.97,2.02,0.74,0.93,0.38,0.96,0.97,1.23,1.24,2.50,2.25,1.25,1.63,1.07,1.30,0.88,1.30,1.46,0.90,1.97,0.87,0.83,1.03,0.45,0.78,0.60,1.72,0.37,0.63,1.00,0.78,0.60,1.10,1.10,0.73,1.17,0.95,1.40,3.10,1.80,0.77,1.48,0.43,1.20,4.10,0.80,1.00,1.05,0.70,1.15,1.40,1.30,1.40,0.75,1.40,0.95,1.03,1.10,0.83,0.50,0.85,1.05,1.33,1.20,1.80,1.30,0.80,0.90,0.85,1.20,,0.55,0.57,1.25,,2.70,1.50,1.00,1.90,1.55,1.05,1.63,0.93,0.50,0.45,0.90,0.50,0.70,0.55,1.30,2.30,0.45,1.70,1.67,1.30,1.40,1.70,1.10,0.75,1.00,0.83,0.37,0.70,0.85,0.52,1.10,0.65,0.40,1.10,1.04,1.15,1.30,1.35,0.70,0.57,1.35,1.45,1.20,0.75,1.50,0.60,0.90,0.53,1.07,0.93,0.80,0.20,0.75,2.60,1.70,1.02,1.10,1.10,1.05,1.33,1.00,1.17,1.03,1.20,1.47,0.70,1.13,0.83,0.93,1.06,1.57,1.00,1.30,1.07,1.40,1.00,0.87,1.10,0.70,0.98,1.28,0.90,1.63,0.82,1.42,1.50,0.70,0.70,0.95,1.13,1.13,1.00,0.50,0.95,1.05,1.15,0.85,0.63,0.63,0.33,0.77,0.40,1.37,1.02,0.60,0.80,0.57,1.85,0.75,1.25,0.90,0.55,0.60,1.40,0.60,0.80,0.50,0.50,1.10,1.10,0.60,1.20,0.80,1.47,1.25,0.90,0.70,1.10,0.90,0.85,0.65,0.35,0.35,1.60,0.35,0.30,1.03,1.35,0.55,0.75,1.65,0.70,2.00,0.55,1.05,0.75,0.65,0.70,,1.70,0.90,2.00,0.70,0.50,0.50,0.90,3.20,0.30,0.57,0.65,0.50,0.65,1.50,1.60,1.10,0.25,1.00,0.67,1.00,1.37,0.90,,0.95,1.00,
20160913,8,CO_24h,0.82,1.64,1.05,2.23,0.66,1.50,1.18,0.47,0.43,0.90,1.27,1.45,1.13,0.97,0.65,1.03,1.12,0.79,1.13,0.76,1.04,0.96,0.75,0.90,1.12,0.80,0.74,0.90,0.97,0.80,0.72,0.67,0.75,0.75,0.66,0.63,0.70,0.60,0.80,0.93,0.75,0.70,0.53,0.80,0.87,0.80,0.60,0.83,1.19,0.77,1.39,0.93,0.82,0.81,0.69,0.60,0.74,0.80,0.80,0.64,0.62,0.80,0.87,0.38,0.98,1.15,0.62,0.66,0.40,1.47,0.93,0.90,0.60,0.77,1.20,0.83,1.10,0.52,1.18,1.50,0.63,1.38,0.37,1.35,1.93,1.60,1.10,2.70,0.60,0.72,1.00,1.25,1.33,0.93,0.57,1.00,0.86,0.73,0.63,0.87,0.85,0.73,0.80,1.00,1.00,0.70,0.75,1.20,1.83,1.33,1.80,1.52,1.13,1.42,1.23,1.78,0.98,1.53,0.92,0.70,0.50,0.26,0.74,0.77,1.10,0.90,2.13,2.05,1.30,1.73,1.03,1.30,0.73,1.35,1.10,0.70,1.90,0.73,0.67,1.02,0.40,0.68,0.72,1.68,0.67,0.80,0.90,0.90,0.55,0.90,1.20,0.70,1.27,0.81,1.17,1.80,0.60,0.47,1.44,0.50,0.80,2.30,0.65,0.85,0.85,0.65,0.65,0.90,0.85,0.85,0.70,1.05,0.60,0.80,0.90,0.70,0.40,0.70,0.85,0.93,0.95,1.60,1.00,0.65,0.65,0.70,1.25,,0.40,0.65,1.02,,2.38,1.00,0.77,1.50,1.40,1.15,0.93,1.00,0.40,0.25,0.65,0.50,0.75,0.55,0.72,1.45,0.45,1.35,0.90,1.10,0.80,1.45,0.90,0.65,0.90,0.63,0.47,0.50,0.35,0.50,1.30,0.60,0.40,1.20,0.72,0.95,0.95,1.18,0.57,0.47,0.90,0.85,0.80,0.68,1.20,0.60,0.70,0.57,0.97,0.97,0.80,0.30,0.65,1.38,1.60,0.55,1.13,0.92,0.85,1.15,0.90,1.53,1.07,0.87,1.33,0.53,1.00,0.60,0.83,0.96,1.50,0.93,1.00,1.00,1.60,1.00,0.83,0.87,0.45,0.94,1.10,0.90,1.43,0.57,1.35,1.32,0.50,0.65,0.93,1.10,1.03,0.80,0.50,0.60,0.85,1.00,0.75,0.67,1.00,0.50,0.90,0.53,1.07,1.18,0.63,0.90,0.60,1.35,0.20,1.07,0.77,0.50,0.60,1.05,0.70,0.70,0.50,0.40,0.90,1.00,0.40,1.10,0.60,1.23,0.85,0.80,0.55,1.00,1.10,0.60,0.50,0.35,0.30,1.45,0.35,0.35,1.00,0.90,0.55,0.75,1.05,0.80,1.00,0.45,0.95,0.65,0.55,0.60,,1.20,0.70,1.50,0.60,0.30,0.50,0.50,3.20,0.30,0.55,0.50,0.45,0.60,1.55,1.30,0.90,0.25,0.90,0.67,0.85,1.03,1.00,,0.85,0.70,
20160913,9,AQI,133,105,150,106,57,98,167,57,58,94,66,81,66,67,64,109,58,46,36,34,84,53,53,94,74,70,88,79,75,68,73,81,99,88,35,31,70,66,59,37,37,48,61,48,83,38,27,56,114,79,80,65,57,40,23,34,51,46,61,31,18,52,46,14,119,43,60,55,25,108,85,68,41,71,68,55,69,35,194,44,44,64,26,133,93,130,109,194,121,75,111,118,143,83,85,72,43,35,33,57,18,27,33,90,45,17,33,65,58,68,59,62,46,65,46,84,58,60,53,52,86,21,46,59,69,64,64,91,55,89,95,71,68,100,81,65,63,63,35,57,12,60,55,88,71,58,72,88,84,79,105,54,51,57,146,75,87,63,45,61,125,146,96,85,99,61,67,38,80,75,51,65,70,76,68,66,69,67,99,115,56,94,69,76,88,79,57,,79,66,74,,52,88,82,55,37,64,89,72,63,57,56,52,17,46,66,86,44,28,72,39,60,55,40,54,13,26,52,35,30,20,21,46,19,11,104,65,85,61,36,45,103,99,115,64,57,30,88,26,21,19,28,42,54,73,61,63,59,63,67,73,79,55,90,95,41,51,71,130,76,66,75,93,56,96,60,55,61,94,61,63,89,72,66,66,89,71,61,53,34,47,37,30,94,61,45,54,42,41,65,71,29,44,130,89,31,50,65,22,26,70,81,24,28,56,40,69,43,41,66,39,50,40,74,104,66,34,58,50,50,27,15,18,23,103,30,19,98,64,63,55,77,56,54,57,60,72,49,56,,47,47,50,47,67,31,36,33,27,33,63,25,81,34,44,48,73,55,88,68,71,40,,52,167,
20160913,9,PM2.5,101,79,115,80,31,73,127,18,18,70,48,54,41,33,29,82,41,25,25,21,62,37,37,64,54,51,65,56,43,49,42,35,74,65,19,22,51,40,42,25,16,33,44,33,61,13,15,30,84,54,59,37,37,22,16,16,36,32,44,22,12,36,25,8,90,30,43,38,9,81,43,37,23,33,49,32,37,18,146,25,31,36,17,96,69,98,82,146,91,52,84,89,109,61,63,34,23,15,21,40,8,15,23,67,23,12,17,47,40,49,30,42,28,25,26,62,38,41,29,33,37,9,14,42,50,46,33,68,39,58,71,52,44,75,60,47,35,45,15,39,5,43,39,60,52,41,47,65,62,58,79,33,36,40,112,20,52,45,15,30,95,112,72,63,74,44,43,23,55,46,32,47,30,47,49,48,32,27,74,87,40,70,50,56,65,58,39,,58,39,54,,27,65,45,32,26,46,62,49,35,23,36,27,4,32,45,64,31,13,37,22,34,31,13,38,7,10,24,22,15,11,15,10,11,1,78,47,63,38,20,28,77,74,87,46,19,21,65,13,13,13,13,13,30,42,39,45,42,45,44,53,58,39,67,71,29,36,52,99,47,48,55,69,37,71,41,39,38,70,44,45,66,47,45,48,61,52,39,37,22,33,26,21,51,44,18,38,24,14,47,52,19,31,99,66,15,35,41,10,18,51,59,17,17,40,28,50,29,17,40,27,20,28,54,62,48,19,41,35,35,15,10,12,11,71,20,13,73,29,45,30,42,31,38,24,43,39,30,32,,21,7,35,20,27,11,18,8,3,23,45,17,34,12,16,17,53,26,46,34,35,28,,24,127,
20160913,9,PM2.5_24h,50,53,95,64,28,51,82,22,16,43,43,31,45,28,18,50,30,37,31,35,49,40,41,46,35,43,52,53,45,46,42,34,50,44,25,21,36,34,39,32,16,48,38,30,48,11,17,26,67,48,62,40,45,21,17,18,29,26,33,26,13,25,23,13,66,65,44,34,11,69,35,27,22,28,46,37,26,14,81,23,22,30,15,61,60,63,56,87,62,39,71,74,77,57,46,36,22,17,21,27,13,14,22,32,25,11,21,30,37,73,23,43,22,22,21,85,29,31,30,22,21,7,17,34,51,35,25,52,50,62,64,49,48,75,59,57,39,33,10,28,4,46,58,46,118,84,40,94,55,52,65,34,26,34,91,15,17,18,13,27,67,85,55,51,64,37,41,25,35,40,29,32,35,41,45,45,39,41,46,52,37,59,48,45,53,44,39,,38,42,42,,25,27,31,32,20,38,32,39,32,22,23,22,7,25,25,57,23,9,25,28,24,28,16,35,13,11,15,12,7,11,20,13,10,7,52,34,31,27,16,14,46,36,51,35,17,15,48,14,10,12,14,9,22,57,37,32,32,36,48,33,35,45,53,53,41,47,50,54,38,40,64,62,34,56,58,41,36,62,49,48,58,43,42,44,48,50,43,26,21,24,15,19,47,31,20,27,18,24,80,66,40,64,77,98,25,58,53,12,20,34,54,35,18,41,34,41,31,15,35,20,27,29,39,95,39,18,39,47,36,15,16,9,11,37,19,10,46,22,47,45,19,27,16,18,48,35,14,28,,16,12,30,10,16,12,16,5,8,17,28,22,26,23,17,27,41,14,34,42,27,29,,20,32,
20160913,9,PM10,90,78,232,127,64,114,194,63,66,116,75,111,81,83,77,150,63,46,30,26,108,50,53,138,92,88,96,107,99,71,96,112,101,95,35,31,68,81,68,37,23,48,57,48,113,38,27,62,178,107,56,79,63,40,23,34,47,46,64,28,18,53,46,14,134,42,58,60,21,122,120,85,41,91,64,59,88,35,227,44,44,78,26,216,117,210,118,327,192,99,167,111,164,112,71,94,43,35,33,63,14,27,32,100,45,16,33,64,65,67,67,74,46,79,46,90,66,69,55,53,121,21,46,58,78,69,77,95,36,127,85,70,86,144,86,70,75,62,35,63,12,58,51,125,65,53,94,87,115,92,110,57,34,63,138,100,124,24,45,72,137,225,102,94,91,72,83,34,109,99,51,69,90,101,66,65,87,83,,133,57,76,73,68,110,80,63,,86,81,82,,54,82,114,60,35,72,127,94,76,63,61,54,17,35,82,116,44,28,94,39,69,60,40,50,13,26,53,35,30,20,,46,19,11,124,78,92,71,36,45,108,114,,67,64,,88,26,21,19,28,42,57,95,72,73,53,69,84,72,89,58,79,83,34,45,76,147,101,80,91,107,62,142,70,53,72,119,62,74,97,93,81,79,127,92,71,54,34,44,34,29,138,60,45,46,42,41,57,59,29,42,158,106,22,43,79,22,15,81,111,24,28,60,,68,43,41,82,38,50,34,67,157,68,34,49,,42,27,15,16,23,155,30,15,98,78,53,59,104,62,52,63,52,93,49,61,,47,47,41,47,83,31,36,22,17,30,71,25,111,34,44,48,86,59,125,85,92,37,,54,144,
20160913,9,PM10_24h,62,78,152,97,52,77,134,54,34,78,67,78,75,75,43,88,51,62,51,44,91,66,62,75,67,59,72,86,74,69,78,73,73,60,39,31,52,55,59,61,23,59,52,49,97,31,30,60,141,96,93,100,70,36,29,34,46,42,60,40,25,47,38,27,101,105,71,56,40,112,75,57,41,76,78,63,69,27,125,46,34,51,24,123,102,122,82,162,117,69,123,114,112,90,52,70,41,29,29,43,32,28,33,46,40,28,35,64,56,122,50,70,41,60,47,114,53,55,47,42,58,20,31,53,87,59,55,85,90,119,108,76,93,143,79,94,70,45,24,45,14,70,84,96,105,113,77,135,108,77,104,57,37,56,111,50,44,28,47,67,92,159,77,71,110,57,64,40,69,83,61,49,50,80,60,60,75,67,83,88,56,72,65,54,79,58,63,,61,82,97,,57,46,85,51,35,57,92,76,76,57,37,41,23,35,47,85,42,17,54,39,49,56,43,60,16,40,46,26,18,17,35,42,23,14,81,54,58,47,31,27,70,72,54,51,41,22,60,24,22,23,28,26,42,77,58,51,45,49,81,46,54,71,82,82,80,108,106,94,99,64,98,112,56,104,94,64,57,106,82,80,88,82,72,66,96,84,88,44,29,37,27,27,76,51,41,40,28,62,100,87,56,94,123,150,47,73,98,22,30,53,93,48,60,65,43,60,49,49,67,37,41,37,49,156,60,36,46,56,46,32,9,21,16,111,24,18,81,57,71,67,60,53,25,46,65,63,21,54,,42,40,48,28,28,28,42,17,18,24,46,34,70,66,54,78,69,44,109,222,75,46,,53,86,
20160913,9,SO2,2,17,23,83,18,46,32,24,12,17,32,22,55,37,13,33,13,7,10,12,22,19,21,32,42,14,22,46,40,17,33,40,26,25,11,8,12,16,21,9,9,14,19,7,20,6,9,10,21,19,10,21,19,12,6,12,21,18,21,10,7,24,19,4,19,10,6,16,4,18,10,46,15,16,28,17,35,7,24,15,33,117,6,27,81,34,32,55,44,21,31,74,15,17,13,16,20,20,15,23,7,10,14,29,19,14,7,53,40,16,39,19,73,45,25,14,21,21,30,10,4,4,12,14,19,36,8,30,15,11,9,22,13,28,62,35,9,20,9,40,3,16,13,41,14,8,14,12,16,36,10,11,7,6,16,42,54,20,5,6,36,32,22,18,22,41,9,13,88,17,10,16,7,17,16,19,9,21,43,38,24,33,13,15,10,12,21,,4,17,13,,23,88,59,74,35,32,185,23,8,17,22,6,6,11,145,40,5,25,13,19,15,30,2,8,7,6,3,13,7,5,3,18,8,11,15,17,33,24,28,24,23,15,103,23,24,7,31,8,15,10,11,5,7,76,54,54,29,67,37,42,21,14,9,34,11,17,7,13,22,29,22,15,54,22,13,7,17,12,7,28,46,46,32,27,52,35,6,16,9,27,13,14,20,8,15,15,10,14,21,9,12,3,23,7,25,4,6,13,26,34,20,21,22,21,3,8,52,9,30,8,11,21,35,36,25,6,17,14,6,9,7,5,6,26,10,4,5,11,19,2,84,11,13,12,10,10,8,6,,20,11,23,18,17,13,14,5,10,9,11,3,6,3,8,26,4,3,9,7,10,8,,17,12,
20160913,9,SO2_24h,2,13,21,49,9,20,28,14,7,6,28,13,22,32,13,15,7,8,10,12,19,13,22,24,32,6,15,26,24,15,15,17,20,15,13,6,9,14,15,7,8,14,12,5,16,6,10,8,23,17,16,18,17,9,7,12,12,12,13,13,6,14,13,5,13,23,8,17,5,19,6,27,12,13,25,13,24,7,14,13,21,35,8,20,27,34,26,33,31,15,34,41,26,12,11,23,12,11,12,16,6,9,7,10,17,6,8,45,24,31,25,14,28,30,15,11,15,13,21,10,4,4,13,15,17,25,17,31,20,17,21,26,13,29,35,27,6,15,9,21,3,9,18,43,20,15,11,12,10,20,18,9,8,8,17,104,13,23,5,7,33,33,15,13,20,21,8,10,20,14,12,10,6,12,17,18,8,19,26,23,14,19,11,15,4,17,17,,3,19,20,,25,38,40,53,30,31,79,7,8,11,18,5,9,11,37,17,8,21,6,20,11,9,2,7,5,7,3,12,5,7,6,20,9,12,19,17,14,20,29,26,20,11,31,16,29,13,29,7,11,11,8,6,9,33,27,54,27,36,28,19,17,27,19,18,19,24,12,9,28,20,17,14,24,30,14,11,12,17,7,18,27,31,20,17,21,19,5,12,6,16,12,13,17,6,11,8,8,19,31,25,18,10,14,9,26,7,9,12,30,31,22,17,16,18,5,17,16,4,20,8,11,14,18,60,24,5,9,14,10,9,7,6,8,26,10,4,8,10,32,6,18,10,12,9,10,11,6,6,,15,13,15,14,8,12,12,6,12,8,7,3,3,4,9,24,3,2,8,9,12,8,,16,14,
20160913,9,NO2,54,48,73,74,47,47,82,27,28,62,45,43,60,46,49,51,47,38,35,27,43,52,29,48,60,25,40,62,40,14,19,25,55,49,22,37,33,34,20,23,18,42,29,24,55,24,35,20,77,46,46,38,44,31,27,35,42,47,49,25,14,33,22,10,63,49,30,27,20,53,61,41,34,59,41,28,42,28,71,26,33,43,22,68,39,51,45,98,48,57,66,55,76,54,21,48,23,21,10,12,17,15,18,38,26,15,16,41,29,43,39,43,32,37,17,35,30,28,30,25,29,20,32,28,28,30,27,38,42,27,41,48,54,34,39,22,37,21,11,23,4,43,27,50,19,35,30,21,53,30,53,28,26,29,51,33,84,22,19,28,60,93,33,51,59,25,56,16,41,24,15,23,22,34,26,51,33,15,35,53,18,28,30,13,39,52,45,,30,32,17,,22,52,50,42,37,16,59,32,27,34,52,28,18,16,42,43,17,20,47,37,30,31,27,12,11,22,7,24,12,7,31,22,14,13,30,36,38,37,26,22,75,28,30,28,35,22,39,14,10,8,16,38,8,32,24,21,13,19,33,14,22,48,35,53,28,19,20,24,28,23,40,31,46,42,19,19,17,43,9,25,25,31,25,21,28,36,25,10,14,18,25,21,20,5,25,21,14,29,13,26,37,38,46,57,18,27,19,7,37,41,45,20,25,31,22,51,14,19,26,10,30,11,33,33,31,16,33,18,9,25,19,19,21,12,,10,34,52,23,20,47,21,37,36,38,52,26,33,,37,42,37,32,10,17,41,5,9,19,21,21,53,47,50,27,10,8,22,21,36,14,,43,51,
20160913,9,NO2_24h,48,56,53,54,41,42,52,29,20,48,47,56,47,48,40,49,30,46,44,31,45,55,31,29,37,17,42,39,31,13,13,24,39,39,38,25,36,34,28,17,14,32,24,21,53,21,27,26,61,36,29,49,38,36,25,26,35,33,33,27,13,32,25,10,58,60,31,25,13,58,54,34,24,46,44,31,44,24,40,20,29,39,21,46,27,51,31,52,33,41,44,52,42,56,18,24,21,11,9,11,19,6,16,22,26,8,14,25,25,29,31,36,25,45,22,37,28,31,30,29,20,17,28,32,30,21,18,37,22,23,38,36,39,66,33,30,26,16,9,18,4,29,24,45,30,26,22,23,44,23,47,29,37,36,55,17,33,17,14,21,39,61,27,41,44,27,34,22,25,24,9,17,12,35,35,31,32,29,34,46,22,22,35,13,28,30,43,,19,27,21,,20,29,49,29,33,32,34,34,25,23,42,23,22,10,27,38,18,18,30,31,29,21,33,14,11,18,7,17,9,12,32,20,17,16,28,32,26,24,26,16,52,22,22,26,27,18,38,13,13,10,18,21,9,23,24,19,11,14,20,9,19,33,21,26,34,20,19,29,31,21,32,32,30,60,22,22,14,29,9,26,18,37,25,20,21,30,22,13,12,16,19,18,19,6,23,19,12,39,18,22,26,26,36,61,22,31,16,11,29,23,29,15,23,31,25,38,18,13,18,7,22,8,15,25,40,15,25,14,10,24,9,13,12,21,,7,34,40,21,24,33,21,20,19,45,36,12,23,,20,25,25,15,4,15,18,4,7,9,17,19,28,44,19,20,12,12,26,8,19,11,,38,27,
20160913,9,O3,19,75,26,54,40,22,22,24,11,48,107,83,12,15,25,13,41,40,30,109,81,100,125,66,36,90,110,75,87,124,95,90,47,69,112,50,78,95,106,69,118,44,65,54,88,40,70,74,42,70,63,92,42,26,41,33,23,18,24,39,41,44,23,23,14,20,55,45,81,20,18,15,53,14,48,51,29,48,26,29,42,40,53,22,91,41,53,14,52,47,55,49,8,66,71,80,38,71,37,71,56,65,40,47,56,52,69,12,20,96,25,16,26,37,21,40,39,24,35,38,10,12,20,84,79,75,66,73,48,32,70,14,32,80,62,33,32,86,48,45,36,35,74,12,68,57,28,51,27,49,20,28,13,11,15,44,17,19,71,62,43,32,83,74,80,95,81,122,47,98,61,63,27,88,96,95,130,112,72,102,137,58,66,119,33,39,40,,35,55,77,,15,37,13,18,17,9,28,42,14,44,42,22,51,117,26,25,23,16,21,13,15,24,28,25,32,17,22,26,7,18,44,13,14,19,86,81,76,87,96,46,66,80,83,119,36,28,69,76,47,58,53,30,68,32,49,108,80,59,51,88,113,31,83,71,87,91,71,83,75,107,22,73,89,63,91,105,96,48,18,62,30,80,53,39,51,68,23,30,40,30,40,28,10,65,7,41,20,48,106,80,50,40,37,34,100,19,46,4,44,12,51,49,10,43,41,29,61,29,56,75,15,17,31,9,32,13,17,13,16,30,37,58,69,14,47,47,10,10,7,16,13,89,10,33,44,22,41,65,,28,32,6,32,4,46,50,11,85,43,30,48,27,35,46,17,63,21,22,46,3,30,,18,3,
20160913,9,O3_24h,149,141,220,107,91,183,189,99,115,172,176,172,148,82,95,97,134,74,64,136,243,162,148,156,124,175,169,184,183,162,186,175,199,209,151,119,200,219,181,131,126,145,128,112,171,92,112,95,203,227,193,227,157,134,167,180,197,253,266,157,111,137,59,144,131,218,167,131,125,76,162,126,124,119,151,118,103,104,145,109,108,115,83,212,188,214,115,216,180,147,194,186,208,154,163,191,107,108,107,123,107,100,104,173,114,107,119,88,98,205,71,120,128,103,68,76,130,73,96,86,28,44,64,153,234,137,195,181,171,159,193,181,175,244,195,161,148,111,104,87,45,114,210,139,191,148,158,140,146,145,90,104,71,57,144,113,142,92,131,94,209,192,210,225,206,165,250,160,145,145,117,109,141,198,132,130,163,145,209,178,252,194,155,141,105,148,121,,107,179,184,,78,121,65,92,82,37,121,77,75,117,113,74,88,137,69,91,85,81,76,121,106,92,88,62,57,38,37,39,36,57,63,63,39,71,186,156,136,129,164,95,211,164,187,162,105,76,97,103,80,89,110,97,118,111,89,151,93,122,103,110,159,148,190,205,147,165,174,179,170,153,171,220,163,154,209,161,191,291,107,133,117,160,121,103,137,154,129,75,62,71,104,86,73,102,69,97,77,67,250,192,179,172,165,130,105,58,179,76,84,155,115,144,143,135,272,108,150,130,150,121,86,97,118,121,83,46,118,133,94,59,102,134,105,48,76,96,74,100,124,165,88,150,127,141,76,116,79,115,,94,125,124,128,92,113,125,41,110,115,135,103,115,94,156,121,115,85,100,107,154,98,,100,125,
20160913,9,O3_8h,9,31,26,41,15,16,34,18,6,23,87,72,9,6,12,4,37,10,12,92,48,42,72,68,55,64,43,33,44,84,83,62,62,25,55,56,41,19,53,70,110,52,65,29,75,39,67,41,17,48,84,47,30,16,33,37,19,20,25,28,28,29,13,22,24,40,45,61,87,28,12,21,46,20,24,34,9,38,16,21,19,19,47,18,97,32,34,8,40,34,31,33,37,27,58,74,18,77,47,52,25,71,26,45,37,62,59,6,21,114,21,16,21,27,13,17,22,12,13,20,8,16,13,81,61,66,90,58,93,39,77,21,44,42,40,25,35,88,53,36,37,54,85,15,63,70,34,52,32,62,28,19,10,11,7,54,44,27,76,76,34,11,55,63,40,60,44,74,19,38,73,39,24,46,48,47,80,63,38,52,52,28,33,88,40,37,49,,47,40,56,,19,28,8,17,14,3,34,25,21,55,57,11,32,116,16,11,13,10,10,8,10,26,7,7,18,12,25,26,7,20,44,9,12,16,82,91,83,81,77,42,51,51,66,121,39,49,56,64,43,36,38,26,37,22,21,76,72,54,27,63,78,37,108,81,90,82,79,70,55,65,38,63,56,46,46,70,74,38,19,40,25,62,35,22,27,34,19,21,37,27,34,14,8,50,6,19,12,40,109,81,73,70,40,35,89,24,60,5,45,31,60,63,9,24,39,45,52,35,63,84,17,25,58,13,13,6,15,18,19,34,61,71,65,16,62,45,5,4,21,16,7,89,10,71,35,24,56,64,,31,31,6,39,21,46,42,10,95,39,38,47,47,61,75,26,67,35,23,66,28,15,,21,14,
20160913,9,O3_8h_24h,42,36,71,67,16,33,37,39,11,51,88,86,20,17,30,4,49,10,13,110,61,65,78,79,64,98,60,41,65,105,99,67,93,43,60,63,49,38,55,74,113,52,72,29,91,66,84,41,23,70,127,51,53,33,47,72,40,62,61,43,37,39,14,24,39,47,48,69,91,31,13,36,61,24,26,37,19,45,19,39,19,22,75,45,135,71,37,9,66,44,59,76,100,27,66,96,33,89,57,90,25,78,31,56,48,76,62,6,30,121,38,27,25,38,13,22,22,13,16,20,16,29,16,91,99,79,108,75,133,43,91,38,54,42,61,44,47,93,59,42,37,81,106,22,63,75,75,60,45,87,29,25,10,17,8,82,104,45,81,77,59,21,82,84,40,60,58,87,27,46,82,48,36,46,58,47,80,78,48,73,91,44,42,88,46,69,73,,54,77,73,,27,50,25,21,21,3,67,25,36,71,85,13,35,126,21,11,13,12,10,10,11,26,7,7,32,12,31,29,9,23,50,12,17,18,116,105,89,98,121,49,74,86,99,139,46,58,77,83,45,38,40,26,86,34,23,101,75,68,34,64,100,62,125,95,91,82,85,75,79,71,73,100,58,46,46,70,77,73,22,58,34,66,40,31,30,39,21,21,39,32,54,21,15,50,6,29,12,50,132,98,78,83,47,44,92,27,86,7,67,56,69,79,14,34,57,51,52,56,75,98,20,29,77,24,14,8,23,46,20,37,71,84,70,17,70,53,7,22,45,27,11,98,12,102,43,52,67,68,,47,49,6,63,38,55,48,10,101,58,48,47,67,63,118,27,74,44,24,76,49,17,,21,57,
20160913,9,CO,1.21,1.69,1.35,2.95,1.00,2.00,1.53,0.57,0.57,2.30,1.13,1.45,1.85,1.14,0.73,1.43,1.26,0.63,0.84,0.66,1.19,1.07,0.85,1.30,1.40,1.00,0.94,1.53,1.13,0.83,0.78,0.70,1.30,0.93,0.57,0.80,0.80,0.70,0.95,1.00,0.80,0.65,0.63,0.93,0.89,0.82,0.57,0.75,1.61,0.74,1.40,0.91,0.84,0.84,0.71,0.58,0.83,0.97,1.13,0.64,0.66,0.90,0.90,0.35,1.31,0.83,0.70,0.72,0.48,1.62,1.65,2.05,0.45,0.88,1.18,0.80,1.26,0.62,3.17,1.58,0.70,1.80,0.37,1.78,2.07,2.00,1.15,5.50,1.24,0.86,1.20,1.50,1.90,1.10,0.67,1.20,0.90,1.05,0.72,1.10,0.90,0.87,0.95,1.55,1.10,1.20,0.80,1.55,2.37,1.20,3.50,1.40,1.60,1.38,1.27,1.27,1.10,1.78,1.52,0.74,0.57,0.34,0.90,0.87,0.95,1.33,2.67,2.35,1.55,1.67,1.10,1.35,0.96,1.15,1.16,0.90,2.07,0.73,0.87,1.05,0.45,0.82,0.66,1.92,0.37,0.67,1.10,0.78,0.70,1.25,1.25,0.80,1.23,1.00,1.20,2.85,3.00,0.73,1.54,0.43,1.15,3.60,0.70,0.95,0.90,0.65,0.85,0.70,1.20,1.05,0.70,1.10,0.85,0.90,0.85,0.90,0.40,0.65,1.05,1.53,1.20,2.40,1.10,0.70,0.90,0.90,1.25,,0.55,0.67,1.28,,2.68,1.50,1.27,2.00,1.50,1.10,1.80,0.80,0.40,0.40,0.90,0.50,0.70,0.55,1.26,2.60,0.47,2.17,1.13,1.30,1.20,1.85,0.80,0.65,1.00,0.90,0.37,0.67,1.05,0.50,1.20,0.70,0.40,1.10,1.04,1.00,1.35,1.33,0.67,0.53,1.15,1.30,1.10,0.80,1.40,0.60,0.80,0.45,1.00,0.93,0.90,0.50,0.70,2.38,1.50,0.73,1.13,1.13,1.05,1.27,0.90,1.27,1.18,1.13,1.43,0.63,1.13,0.80,0.97,1.04,1.60,1.08,1.33,0.97,1.25,0.90,0.80,1.03,0.75,0.94,1.35,0.77,1.57,0.65,1.48,1.65,0.75,0.60,1.03,1.15,1.23,1.00,0.55,0.70,1.00,1.10,0.90,0.53,0.60,0.33,0.83,0.50,1.37,1.13,0.63,0.80,0.60,1.90,0.60,1.32,0.90,0.47,0.85,1.15,0.90,0.90,0.50,0.60,1.30,1.10,0.70,1.25,1.10,1.40,0.85,0.90,0.80,1.20,1.05,0.90,0.75,0.35,0.40,1.50,0.40,0.40,1.07,1.30,0.60,0.50,1.65,0.60,2.70,0.60,1.05,0.95,0.70,0.65,,1.60,0.90,2.10,0.80,0.50,0.60,0.80,3.30,0.30,0.80,0.65,0.50,0.95,1.95,1.55,1.20,0.20,1.10,0.67,1.20,1.60,1.10,,1.00,1.10,
20160913,9,CO_24h,0.83,1.61,1.05,2.20,0.70,1.53,1.20,0.47,0.43,0.97,1.17,1.45,1.15,0.99,0.63,1.06,1.12,0.79,1.10,0.76,1.01,0.96,0.75,0.90,1.12,0.80,0.75,0.90,0.97,0.80,0.72,0.67,0.80,0.75,0.61,0.65,0.70,0.60,0.80,0.93,0.75,0.70,0.53,0.80,0.88,0.78,0.60,0.83,1.17,0.75,1.35,0.91,0.81,0.81,0.69,0.60,0.74,0.80,0.80,0.64,0.60,0.80,0.86,0.38,0.95,1.12,0.62,0.66,0.38,1.48,0.92,0.95,0.55,0.77,1.20,0.82,1.10,0.50,1.27,1.50,0.63,1.38,0.37,1.35,1.93,1.70,1.10,2.80,0.62,0.72,0.97,1.25,1.33,0.97,0.57,1.00,0.88,0.73,0.63,0.87,0.85,0.73,0.80,1.00,1.00,0.75,0.73,1.20,1.83,1.30,1.78,1.44,1.13,1.40,1.23,1.73,0.98,1.55,0.92,0.70,0.50,0.26,0.76,0.77,1.08,0.91,2.13,2.00,1.30,1.67,1.00,1.30,0.82,1.30,1.10,0.80,1.87,0.73,0.67,1.03,0.40,0.68,0.72,1.66,0.67,0.73,0.90,0.90,0.55,0.90,1.20,0.70,1.27,0.80,1.17,1.85,0.70,0.43,1.46,0.47,0.85,2.30,0.65,0.90,0.85,0.65,0.65,0.90,0.85,0.90,0.70,1.05,0.60,0.83,0.90,0.70,0.40,0.70,0.80,0.97,0.95,1.60,1.00,0.65,0.65,0.70,1.25,,0.40,0.63,1.02,,2.24,1.00,0.83,1.50,1.40,1.15,0.93,1.00,0.40,0.25,0.65,0.50,0.75,0.55,0.72,1.45,0.42,1.42,0.93,1.10,0.80,1.45,0.90,0.65,0.93,0.63,0.47,0.53,0.45,0.50,1.30,0.60,0.40,1.20,0.74,0.95,0.95,1.17,0.57,0.47,0.85,0.85,0.80,0.65,1.20,0.60,0.70,0.53,0.97,0.93,0.80,0.30,0.65,1.43,1.60,0.57,1.13,0.92,0.85,1.10,0.90,1.43,1.02,0.87,1.33,0.53,1.02,0.60,0.83,0.96,1.47,0.93,1.00,0.97,1.60,1.00,0.83,0.87,0.45,0.94,1.13,0.90,1.43,0.57,1.32,1.27,0.45,0.65,0.93,1.05,1.03,0.80,0.45,0.70,0.85,1.05,0.75,0.67,1.03,0.50,0.90,0.50,1.07,1.18,0.63,0.90,0.60,1.45,0.25,1.07,0.70,0.47,0.70,1.05,0.70,0.70,0.50,0.40,0.80,1.00,0.40,1.10,0.60,1.23,0.85,0.80,0.55,1.00,1.10,0.60,0.50,0.35,0.30,1.45,0.35,0.35,1.00,0.85,0.55,0.60,1.05,0.80,1.00,0.45,0.95,0.65,0.55,0.55,,1.15,0.70,1.50,0.60,0.30,0.50,0.50,3.20,0.30,0.55,0.50,0.45,0.60,1.50,1.35,0.90,0.25,0.90,0.67,0.90,1.03,1.00,,0.85,0.70,
20160913,10,AQI,146,81,149,99,49,105,164,56,57,89,59,74,67,67,62,110,58,36,34,37,78,53,51,82,76,53,74,65,69,61,75,60,103,71,37,31,55,55,50,35,40,52,54,41,74,26,27,53,115,77,64,69,49,36,24,36,50,37,58,35,29,53,45,22,138,48,60,56,25,108,88,96,46,65,56,54,69,29,154,38,43,60,22,121,106,123,75,222,123,62,111,126,135,100,83,74,45,36,32,59,21,41,37,74,42,24,31,59,57,66,64,63,51,57,54,58,67,58,51,51,79,19,40,55,56,54,62,73,40,85,84,81,73,95,80,86,83,63,42,58,15,65,59,90,75,55,70,81,77,88,114,46,58,55,134,90,114,61,56,78,123,163,61,89,81,57,60,42,85,74,52,60,63,71,51,59,65,53,83,88,64,75,63,68,86,89,61,,83,76,70,,54,86,78,58,42,63,98,68,43,64,58,49,25,42,68,89,45,24,73,45,61,65,41,47,14,28,51,28,42,22,36,48,21,11,96,66,80,61,39,46,83,95,101,68,62,20,79,28,28,24,28,24,52,61,62,58,56,65,70,75,75,55,76,70,41,49,70,110,65,68,78,91,58,91,56,53,59,93,60,59,75,72,60,65,94,70,69,56,37,43,44,36,77,65,48,55,35,44,64,69,39,43,131,94,30,54,63,30,32,79,92,27,39,61,54,70,44,52,64,45,58,51,56,109,48,36,55,60,58,30,26,20,23,59,151,23,95,52,70,52,77,64,70,67,86,60,54,55,,47,47,60,76,68,40,79,32,27,34,55,25,105,92,47,57,74,45,80,76,81,59,,52,97,
20160913,10,PM2.5,112,60,114,74,26,79,125,20,19,66,42,54,44,29,26,83,41,18,24,25,53,37,36,52,56,37,54,43,27,44,46,27,77,52,18,19,39,39,31,23,16,35,38,28,54,11,13,27,87,46,46,34,32,21,16,15,35,21,41,23,15,32,24,7,105,29,43,38,10,81,41,63,24,28,34,27,38,17,118,20,26,31,15,92,80,93,55,172,93,42,84,96,103,75,61,38,22,14,20,42,8,16,20,54,18,14,15,42,39,48,34,42,30,25,28,41,37,40,25,33,36,6,21,37,34,38,32,53,26,58,62,60,49,71,59,64,61,45,19,41,4,47,42,67,55,39,47,60,55,65,86,29,41,39,102,28,73,44,17,27,93,124,43,66,60,40,33,23,55,32,33,43,31,42,33,42,33,21,61,65,39,55,45,49,64,66,41,,61,51,51,,26,64,44,35,22,45,63,49,30,30,41,26,7,24,39,66,30,12,39,24,36,40,12,32,8,9,19,16,23,11,25,14,10,1,72,48,59,38,15,31,61,71,76,49,19,13,58,11,13,15,13,12,34,43,41,39,40,47,47,55,55,34,56,51,29,34,51,83,43,49,57,68,41,68,40,37,38,69,43,33,51,51,43,47,70,47,45,40,22,30,30,25,41,47,17,39,19,11,46,50,27,29,100,70,15,38,40,10,22,58,67,18,19,44,38,51,31,24,46,25,23,36,40,68,30,14,39,43,39,15,1,12,16,38,116,16,71,20,51,36,46,31,51,22,64,41,34,32,,23,4,43,24,43,16,34,8,3,23,38,17,33,25,17,22,54,23,38,35,44,33,,22,59,
20160913,10,PM2.5_24h,53,54,97,65,28,52,84,21,16,45,42,32,45,28,19,52,31,36,31,35,48,40,41,46,37,43,53,53,44,46,43,34,51,44,23,21,35,34,39,32,15,48,39,31,49,11,17,27,67,49,61,40,44,22,17,17,29,26,33,26,14,26,23,13,67,63,44,34,11,70,35,28,21,28,45,37,27,14,83,23,22,31,15,62,59,65,56,89,64,39,71,75,78,63,47,36,23,16,21,28,13,14,23,33,25,11,20,31,36,73,23,42,22,22,22,82,29,32,30,23,22,7,17,34,51,35,25,52,48,63,63,50,47,75,59,58,40,34,11,28,4,45,59,46,116,80,40,92,56,52,67,34,27,34,93,16,20,19,13,27,67,86,55,52,66,37,40,25,36,41,29,33,35,41,45,45,39,41,45,53,37,59,48,46,54,45,39,,39,42,42,,23,27,31,32,19,39,32,41,32,22,24,22,8,26,26,57,23,9,26,28,24,26,16,35,7,11,16,12,9,11,20,14,10,7,53,35,32,28,16,15,46,38,52,36,17,15,49,14,11,12,14,9,22,57,38,33,31,36,48,34,36,45,52,54,39,46,50,54,39,40,64,62,33,55,57,41,36,62,49,48,57,43,43,44,48,49,43,27,21,24,16,19,46,32,19,28,18,24,78,64,37,60,78,98,24,58,51,12,20,35,52,34,18,41,34,42,30,15,35,20,27,29,39,95,38,18,38,47,36,15,16,9,11,37,28,11,47,21,48,44,20,27,17,19,49,35,15,28,,17,12,30,11,17,12,17,6,8,18,28,22,25,23,17,27,41,15,35,42,28,30,,20,32,
20160913,10,PM10,107,58,185,99,49,115,198,61,63,107,68,82,83,83,73,127,60,36,32,30,105,55,46,114,100,53,75,79,87,62,99,69,120,75,35,31,54,41,50,35,25,53,58,41,79,26,25,56,170,103,47,87,49,36,24,36,46,37,63,35,29,55,45,22,153,48,57,61,16,129,125,141,46,79,61,58,88,29,182,38,43,70,22,179,153,176,88,210,179,74,138,105,145,135,74,98,45,36,32,65,15,41,37,84,42,23,31,45,63,69,77,75,51,64,57,64,84,65,52,51,107,19,40,59,61,54,73,64,40,120,79,74,96,132,84,115,76,62,42,57,15,65,55,128,67,56,90,91,103,96,120,46,36,56,121,130,177,26,61,105,135,235,71,91,95,63,69,42,119,97,53,70,75,92,51,60,80,56,,102,59,,65,57,107,89,71,,90,102,67,,58,81,106,65,42,75,145,72,35,77,66,49,17,37,85,108,45,24,96,45,72,80,41,47,14,28,52,28,42,22,,48,21,10,115,61,98,72,35,46,89,118,83,65,74,20,75,28,28,23,28,24,53,71,74,66,54,72,89,75,86,60,81,77,37,44,77,111,79,80,85,113,61,126,60,54,68,122,67,68,99,94,70,79,117,90,88,61,37,42,44,35,103,64,48,45,35,44,57,68,39,43,169,129,23,46,75,30,32,97,134,27,39,66,,76,41,54,76,45,65,,56,167,48,36,42,43,66,30,26,20,13,67,,18,109,54,57,54,103,78,51,84,73,69,58,60,,47,47,57,101,86,40,108,22,20,34,59,25,160,133,47,63,67,45,110,102,111,67,,54,143,
20160913,10,PM10_24h,65,79,155,97,53,77,138,55,35,81,67,77,75,74,44,91,51,61,51,44,91,66,63,77,69,58,73,86,74,68,78,73,75,60,38,31,51,54,59,61,25,59,54,49,97,31,30,61,140,97,93,99,69,36,28,34,47,42,62,40,25,47,39,27,102,100,70,56,38,112,78,59,39,76,78,63,69,25,127,46,35,52,24,127,101,125,83,164,120,69,122,115,113,102,52,69,41,29,30,45,31,28,33,48,41,28,34,65,54,120,50,69,40,58,49,110,55,55,47,43,60,19,32,53,87,60,55,83,87,122,106,76,93,143,79,95,70,46,25,46,14,68,83,98,101,108,76,133,108,77,104,57,35,55,112,51,49,27,46,68,93,159,76,73,112,58,64,40,71,83,59,50,51,82,60,61,76,67,83,89,56,72,65,54,81,58,64,,62,81,97,,55,47,86,51,35,58,93,78,76,58,38,41,23,35,49,85,42,18,56,39,50,54,43,60,16,40,46,26,20,17,35,43,23,15,83,54,59,48,31,28,70,75,57,52,43,22,61,24,23,23,28,26,43,77,59,53,45,51,82,47,56,70,81,83,77,105,105,94,100,64,98,112,56,104,93,63,57,105,82,81,88,81,73,67,96,83,87,46,30,37,28,27,75,52,40,41,28,60,98,85,53,88,125,149,46,72,95,23,30,54,92,47,60,64,42,61,48,49,66,37,42,37,49,156,60,36,45,56,47,32,10,20,16,111,29,18,82,53,70,66,63,53,26,48,66,62,23,54,,42,40,48,30,31,28,45,17,19,24,47,33,72,68,54,76,69,45,109,221,77,47,,53,86,
20160913,10,SO2,3,16,33,67,14,36,36,14,16,16,31,16,81,46,16,42,14,7,10,12,20,15,17,27,50,14,17,33,23,18,27,26,95,20,11,7,10,13,11,9,9,11,15,6,17,6,7,6,23,19,10,20,17,12,6,15,17,13,61,13,7,19,21,4,23,9,7,17,3,19,12,132,18,13,27,13,30,8,38,27,28,103,6,32,101,38,38,41,72,31,28,81,16,22,14,24,14,11,13,20,5,10,12,24,13,8,7,32,30,18,53,24,69,35,50,21,32,23,25,10,4,3,20,12,16,40,9,35,14,12,10,22,14,28,42,57,11,15,10,34,3,17,13,87,14,8,14,8,15,25,12,13,7,9,16,110,33,30,5,8,36,29,20,18,21,24,11,9,68,15,11,14,7,16,13,30,8,16,32,32,24,27,15,13,10,14,21,,6,21,16,,26,51,71,108,39,34,212,14,8,25,24,5,5,9,99,60,5,30,23,35,13,41,2,8,6,4,2,12,8,7,4,18,8,11,14,13,27,13,24,22,17,9,58,24,25,16,21,6,14,10,10,5,5,51,64,37,23,50,42,31,14,14,9,18,12,17,7,12,22,19,27,14,54,21,13,8,17,9,13,23,45,36,94,33,41,28,9,12,9,16,17,15,6,8,26,15,10,11,22,11,14,6,17,7,25,5,6,13,35,48,22,16,24,20,3,3,50,20,37,9,11,23,25,64,23,6,18,19,11,8,8,7,7,26,,4,14,8,31,2,86,11,15,15,11,16,7,57,,19,10,30,16,14,15,16,5,11,9,7,6,7,5,7,27,5,3,7,10,10,8,,18,22,
20160913,10,SO2_24h,2,12,22,49,9,21,29,14,7,6,28,13,24,32,13,16,7,8,9,12,18,13,22,24,33,6,15,26,24,15,15,17,22,15,12,6,9,14,15,7,9,14,13,5,16,6,10,8,23,17,15,18,16,9,7,12,12,12,15,13,6,14,14,5,13,22,8,17,5,19,7,29,12,13,23,11,24,6,15,13,21,37,8,20,30,34,27,32,33,16,33,43,24,15,11,21,12,10,12,16,6,9,7,11,17,6,8,46,23,30,26,14,28,30,17,11,16,13,21,10,4,4,13,15,17,26,15,30,19,17,20,26,13,28,35,26,6,15,9,22,3,10,17,43,20,14,11,12,10,20,17,9,7,8,16,86,13,24,5,7,32,32,15,13,21,21,8,10,22,14,12,10,6,12,17,19,8,19,25,23,14,18,11,15,4,17,17,,3,19,19,,24,38,41,56,29,31,82,7,8,12,18,6,9,11,40,19,8,21,7,20,9,9,2,7,5,6,3,12,5,7,7,20,9,12,19,17,15,19,29,26,19,11,29,16,29,13,29,7,11,11,9,6,9,35,29,54,28,36,29,19,18,24,17,17,18,24,12,9,28,19,17,13,25,29,13,10,12,12,8,19,28,30,23,17,21,18,5,12,6,16,12,13,17,6,11,8,8,19,30,24,17,9,13,9,26,7,8,12,30,31,21,17,17,18,4,16,15,4,20,8,11,14,17,60,24,5,9,14,10,9,7,6,8,26,,4,8,10,31,6,21,10,12,10,10,10,5,8,,15,13,15,14,8,12,12,6,12,8,7,3,3,4,9,25,4,2,8,9,12,8,,16,14,
20160913,10,NO2,50,31,62,52,38,42,80,28,30,39,43,33,71,46,43,46,43,29,30,23,30,46,14,32,58,20,30,45,27,14,23,14,55,32,20,37,28,16,19,20,14,40,28,22,41,17,23,14,60,41,51,32,30,23,25,33,34,34,47,21,12,25,22,9,61,61,27,28,19,54,83,54,32,58,36,20,30,21,65,21,27,42,15,61,40,35,22,75,39,30,53,44,83,70,16,36,14,14,8,10,17,11,15,31,18,10,15,25,27,39,38,45,32,30,21,24,35,33,29,28,16,18,28,24,25,24,24,35,42,23,32,51,51,23,24,30,37,14,11,17,3,44,24,58,20,30,31,23,44,30,49,30,28,27,54,34,47,22,21,26,49,68,21,40,38,16,22,15,36,13,10,24,11,30,16,48,31,9,30,43,16,23,18,7,24,35,43,,28,32,21,,24,43,45,44,34,15,60,20,19,21,40,27,12,10,41,59,18,20,34,40,34,31,15,9,7,18,7,18,14,8,35,16,15,11,22,33,54,21,25,12,48,17,20,27,33,21,25,10,9,7,11,34,7,24,27,15,11,14,26,12,14,32,36,41,30,19,21,23,30,14,43,30,41,36,17,17,13,26,9,16,18,28,21,19,20,27,33,11,15,14,27,19,12,5,23,14,11,23,16,29,43,45,56,61,20,20,19,9,35,43,41,17,34,35,27,37,21,24,20,11,32,11,20,26,30,10,32,18,11,27,18,12,15,17,,12,36,34,28,17,41,22,44,35,40,43,23,25,,48,26,45,14,6,12,39,5,7,15,18,18,49,43,67,33,11,6,32,37,39,15,,39,48,
20160913,10,NO2_24h,46,56,54,53,41,43,54,29,21,48,47,55,48,47,41,49,31,45,44,30,44,55,31,29,38,18,41,40,31,13,13,24,40,38,36,26,35,33,28,17,12,32,24,21,53,21,27,26,60,36,30,49,37,36,25,26,35,33,33,27,13,32,25,10,58,58,31,25,13,57,55,35,23,46,45,31,43,24,41,19,29,39,21,46,27,51,31,53,33,41,45,52,43,64,18,24,21,11,9,11,18,6,16,22,25,8,13,25,25,29,31,36,24,44,22,36,28,31,31,29,20,17,29,32,30,22,18,36,23,23,38,37,39,64,33,30,26,16,10,18,4,29,23,46,29,26,22,22,43,22,47,29,36,35,56,17,33,17,15,21,39,60,27,42,44,27,34,22,26,23,9,17,12,36,34,31,33,29,34,47,22,21,35,12,28,31,43,,20,27,21,,20,29,49,30,33,32,35,34,25,23,42,23,22,10,28,39,18,18,30,31,29,21,32,14,11,18,7,17,9,11,32,20,17,16,28,32,28,23,25,15,51,21,22,26,27,18,38,14,13,10,17,21,9,23,24,19,11,14,21,9,19,33,20,27,34,20,19,27,30,21,31,31,31,59,22,22,14,29,9,25,18,37,25,20,21,29,22,13,13,16,19,18,19,6,23,19,12,38,17,21,25,26,37,61,22,30,16,10,29,24,28,14,23,30,26,38,18,13,17,7,22,8,15,25,39,14,25,14,10,24,9,11,12,20,,7,33,38,21,23,34,21,21,19,45,36,11,22,,21,25,26,15,4,15,19,4,7,9,17,19,28,42,18,20,11,11,26,9,20,11,,38,27,
20160913,10,O3,33,109,52,95,64,44,40,84,17,95,124,125,22,27,46,27,65,59,44,119,124,121,145,101,47,122,136,108,128,141,104,127,112,111,119,50,104,146,119,76,127,42,75,63,115,66,86,95,66,97,63,117,80,51,56,41,47,41,35,66,54,71,38,24,26,16,69,56,81,26,41,22,59,19,64,79,51,72,52,42,79,56,67,56,107,67,81,31,85,85,82,78,15,65,81,100,72,93,61,83,67,60,59,68,78,78,75,52,37,99,44,26,35,61,43,72,64,30,50,42,34,16,33,95,109,101,74,98,51,48,86,16,55,112,103,60,60,116,56,72,40,37,78,14,63,63,28,50,55,57,31,45,22,28,24,68,72,34,56,63,71,78,119,104,109,124,122,132,78,111,74,74,61,105,109,109,147,108,116,133,171,76,104,133,62,68,54,,46,72,71,,16,60,29,23,29,23,39,61,25,68,59,30,80,133,40,21,35,35,39,31,20,34,49,46,40,27,22,28,5,18,45,28,19,22,112,94,68,101,126,66,94,113,131,144,37,45,70,82,65,77,79,43,100,73,49,135,88,87,92,115,134,67,86,82,86,86,74,99,72,137,29,82,109,70,121,131,121,84,35,88,81,100,75,78,73,109,37,51,45,54,56,61,32,79,16,63,33,66,105,82,39,33,50,45,96,28,47,6,47,18,60,52,21,52,50,50,59,35,71,81,41,34,65,40,47,25,25,20,17,28,46,63,74,17,48,52,26,48,8,41,32,94,21,53,47,50,60,74,,34,71,7,77,28,77,66,11,87,58,46,62,36,44,27,19,62,54,36,24,7,32,,23,16,
20160913,10,O3_24h,149,141,220,107,91,183,189,100,115,172,176,172,148,82,95,97,134,74,65,136,243,162,148,156,124,175,169,184,183,162,186,175,199,209,151,119,200,219,181,131,129,145,128,112,171,92,112,98,203,227,193,227,157,134,164,180,197,253,266,157,111,137,59,144,131,218,167,131,125,76,162,126,124,119,151,118,103,104,145,109,110,115,83,212,188,214,115,216,180,147,194,186,208,136,163,191,107,108,107,123,107,100,104,173,114,107,119,88,98,205,71,120,128,103,68,81,130,73,96,86,34,44,64,153,234,137,195,181,171,159,193,181,175,244,195,161,148,120,104,87,45,114,210,139,191,148,158,140,146,145,90,104,71,57,144,113,142,92,131,94,209,192,210,225,206,165,250,160,145,145,117,108,141,198,132,130,163,145,209,178,252,194,155,141,105,148,121,,107,179,184,,78,121,65,92,82,37,121,77,75,117,113,74,88,138,69,91,85,81,76,121,106,92,88,62,57,38,37,38,36,48,63,63,39,71,186,156,136,129,164,95,211,164,187,162,105,76,97,103,80,89,110,97,119,111,89,151,93,122,107,115,159,148,190,205,147,165,174,184,170,155,171,220,163,154,209,161,191,291,107,133,117,160,121,103,137,154,129,75,62,71,104,86,73,102,69,97,77,69,250,192,179,172,165,130,105,58,179,76,84,155,115,144,143,135,272,108,150,130,150,121,86,94,118,121,83,46,118,133,94,59,102,134,105,48,80,96,74,100,124,165,88,150,127,141,76,116,79,115,,94,125,124,128,92,113,125,41,110,115,135,103,115,94,156,121,115,85,100,107,154,98,,100,125,
20160913,10,O3_8h,11,41,25,45,22,19,38,25,7,30,93,79,9,8,15,7,41,17,16,93,57,50,82,71,54,68,53,42,52,90,85,71,66,35,63,55,49,33,60,72,118,53,65,34,80,39,68,51,24,52,79,58,34,19,38,36,21,19,24,31,30,33,17,22,22,37,49,59,86,28,16,19,46,20,30,40,15,42,21,23,27,23,48,21,94,31,40,11,43,41,37,35,29,25,60,75,24,78,48,56,30,69,31,47,41,63,61,12,22,114,23,16,23,30,17,24,29,16,18,24,10,15,15,81,64,69,86,62,83,40,77,18,45,53,46,28,37,91,53,40,38,50,81,15,66,69,31,51,36,58,30,21,12,12,9,54,41,27,75,75,36,19,62,67,51,70,53,79,25,48,72,42,28,55,56,56,91,67,47,59,64,33,41,96,41,39,48,,47,41,57,,17,31,10,17,15,5,32,30,19,56,53,13,38,118,19,13,16,13,13,11,11,29,13,12,19,14,24,26,7,20,43,11,12,17,81,91,81,83,79,45,55,57,71,122,38,48,55,65,45,41,43,29,42,28,26,83,74,56,35,70,83,40,103,82,88,84,78,80,55,76,33,64,63,52,57,77,80,41,21,45,31,66,39,29,33,43,21,25,39,30,36,19,11,57,7,23,15,42,109,78,71,63,40,36,92,24,55,5,44,28,59,60,10,26,39,46,55,34,64,84,20,27,56,22,17,9,15,16,18,33,58,69,67,16,65,45,7,9,17,17,11,90,11,65,37,28,55,66,,30,36,6,42,20,49,44,10,93,40,39,49,43,60,62,26,67,37,26,60,22,18,,22,11,
20160913,10,O3_8h_24h,43,43,72,67,22,33,38,40,11,51,93,92,20,17,31,7,52,17,17,111,63,66,85,79,64,98,62,44,65,105,100,72,93,46,65,64,51,38,60,76,119,53,72,34,92,66,84,51,28,71,127,59,55,34,50,72,42,62,61,43,38,42,17,24,40,47,51,69,91,32,16,36,61,25,31,41,22,47,22,39,27,25,75,45,135,71,40,11,67,46,59,76,100,25,66,96,34,89,57,90,30,78,33,56,48,76,62,12,30,121,40,27,26,38,17,26,29,16,20,24,16,29,17,91,99,79,108,75,133,44,91,38,54,53,65,44,47,94,59,43,38,81,106,22,66,75,75,60,46,87,30,25,12,18,10,82,104,45,82,77,59,27,82,86,51,70,61,91,30,50,82,48,36,55,61,56,91,78,48,73,91,44,42,96,46,69,73,,54,77,73,,27,50,25,21,21,5,67,30,36,71,85,15,38,126,23,13,16,14,13,11,11,29,13,12,32,14,31,30,9,24,50,13,17,18,116,105,89,99,121,50,74,86,99,139,46,58,77,83,46,41,43,29,86,34,27,101,76,68,37,70,100,62,125,95,91,84,85,84,79,78,73,100,63,52,57,77,80,73,22,60,37,68,43,31,35,43,22,25,40,33,54,21,15,57,7,29,15,50,132,98,78,83,47,46,93,27,86,7,67,56,69,79,14,34,57,51,55,56,75,98,21,29,77,33,17,10,23,46,20,37,71,84,70,17,74,53,9,22,45,27,11,98,12,102,44,52,67,69,,47,49,6,63,38,55,48,10,101,58,48,49,67,63,118,27,74,44,27,76,49,18,,22,57,
20160913,10,CO,1.29,1.47,1.27,2.65,0.70,2.10,1.47,0.67,0.63,1.70,1.07,1.15,3.27,1.24,0.68,1.36,1.18,0.51,0.75,0.66,1.03,1.03,0.75,0.90,1.56,0.70,0.86,1.30,0.97,0.93,0.90,0.67,1.20,0.82,0.56,0.80,0.75,0.60,0.90,0.93,0.70,0.65,0.60,0.90,0.79,0.70,0.57,0.70,1.49,0.70,1.35,0.83,0.69,0.77,1.33,0.58,0.74,0.77,0.90,0.64,0.60,0.80,0.81,0.38,1.21,0.98,0.67,0.72,0.42,1.62,1.50,4.05,0.45,0.90,1.00,0.57,0.88,0.58,2.27,1.47,0.57,1.52,0.33,1.60,2.33,2.00,1.15,2.90,1.42,0.62,0.97,1.55,2.00,1.35,0.63,1.10,0.76,0.83,0.70,0.93,0.85,0.80,0.85,1.15,0.85,1.00,0.70,1.10,2.13,1.13,2.20,1.60,1.40,1.20,1.25,1.03,1.10,1.73,1.02,0.64,0.30,0.34,0.78,0.83,0.90,1.16,2.62,2.30,1.25,1.53,1.03,1.40,0.90,1.05,0.98,1.00,2.10,0.87,0.80,1.03,0.40,0.90,0.64,2.38,0.40,0.60,1.15,0.74,0.70,1.10,1.20,0.80,1.20,0.95,1.20,2.40,1.70,0.93,1.54,0.60,1.15,2.35,0.55,0.90,0.75,0.55,0.70,0.75,1.00,0.65,0.70,1.15,0.70,0.90,0.75,0.77,0.40,0.55,0.95,1.10,1.30,2.20,1.55,0.65,0.70,0.80,1.20,,0.50,0.78,1.32,,3.02,1.28,1.43,2.05,1.50,1.05,1.87,0.60,0.40,0.40,0.75,0.63,0.60,0.55,1.18,2.52,0.80,2.42,0.93,1.10,1.20,1.70,0.60,0.60,0.90,0.63,0.37,0.67,1.05,0.45,1.30,0.55,0.40,1.10,0.98,0.93,1.35,1.10,0.57,0.53,0.85,0.55,1.20,0.75,1.50,0.60,0.77,0.47,0.97,0.87,0.70,0.30,0.55,1.27,1.60,0.65,1.10,1.00,0.80,1.23,0.90,1.17,1.07,1.00,1.57,0.65,1.13,0.70,0.97,0.90,1.60,1.08,1.33,0.93,1.15,0.90,0.80,0.73,0.70,0.84,1.15,0.77,1.52,0.63,1.40,1.18,0.75,0.60,1.07,1.10,1.20,0.90,0.35,0.70,0.90,0.90,0.75,0.50,0.67,0.35,0.87,0.57,1.37,1.07,0.67,0.80,0.60,1.85,0.60,1.27,1.07,0.47,0.85,1.00,1.00,0.80,0.60,0.50,1.10,1.00,0.70,1.30,0.75,1.57,0.65,0.55,0.80,1.20,1.50,0.75,0.70,0.40,0.35,1.55,0.50,0.45,1.07,0.80,0.65,0.50,1.35,0.60,2.50,0.65,1.05,0.85,0.70,0.65,,1.60,0.80,2.60,0.70,0.30,0.60,0.70,3.20,0.30,0.80,0.60,0.50,1.00,2.25,1.60,1.30,0.20,0.90,0.83,1.65,1.80,1.30,,1.00,1.00,
20160913,10,CO_24h,0.85,1.60,1.07,2.17,0.70,1.57,1.20,0.50,0.43,1.03,1.10,1.45,1.25,0.97,0.63,1.06,1.11,0.78,1.09,0.74,1.02,0.97,0.75,0.90,1.16,0.80,0.75,0.90,0.97,0.80,0.72,0.67,0.80,0.76,0.61,0.65,0.70,0.60,0.85,0.93,0.70,0.70,0.57,0.80,0.87,0.78,0.60,0.83,1.16,0.76,1.32,0.89,0.79,0.82,0.76,0.60,0.74,0.80,0.80,0.64,0.60,0.80,0.86,0.38,0.96,1.08,0.62,0.66,0.38,1.51,0.97,1.05,0.50,0.78,1.18,0.80,1.10,0.50,1.33,1.50,0.63,1.40,0.33,1.35,1.93,1.70,1.10,2.80,0.68,0.72,0.93,1.25,1.37,1.05,0.57,1.00,0.86,0.73,0.63,0.87,0.80,0.73,0.80,1.00,1.00,0.75,0.70,1.20,1.70,1.30,1.75,1.40,1.13,1.38,1.23,1.68,1.00,1.55,0.90,0.70,0.50,0.26,0.76,0.80,1.05,0.93,2.17,2.00,1.30,1.67,1.00,1.30,0.82,1.30,1.10,0.80,1.87,0.73,0.67,1.03,0.40,0.68,0.72,1.68,0.67,0.73,0.90,0.90,0.55,0.90,1.25,0.70,1.27,0.80,1.17,1.85,0.70,0.47,1.46,0.50,0.85,2.20,0.60,0.90,0.85,0.65,0.65,0.90,0.85,0.85,0.70,1.05,0.60,0.83,0.90,0.70,0.40,0.70,0.75,0.97,0.95,1.60,1.05,0.65,0.65,0.70,1.25,,0.40,0.63,1.05,,2.08,1.00,0.83,1.55,1.40,1.15,0.97,1.00,0.40,0.25,0.65,0.53,0.75,0.55,0.78,1.52,0.45,1.48,0.93,1.10,0.80,1.45,0.90,0.65,0.93,0.63,0.47,0.53,0.45,0.50,1.30,0.65,0.35,1.20,0.74,0.95,0.95,1.15,0.57,0.47,0.80,0.85,0.90,0.65,1.20,0.60,0.70,0.43,0.97,0.93,0.80,0.30,0.65,1.43,1.63,0.57,1.13,0.92,0.82,1.10,0.90,1.33,0.98,0.87,1.33,0.55,1.02,0.60,0.83,0.96,1.47,0.90,1.00,0.97,1.60,1.00,0.83,0.87,0.45,0.94,1.10,0.88,1.43,0.57,1.32,1.23,0.45,0.65,0.93,1.05,1.03,0.80,0.45,0.60,0.85,1.05,0.75,0.67,1.03,0.48,0.80,0.50,1.07,1.18,0.63,0.90,0.60,1.45,0.25,1.07,0.63,0.47,0.70,1.00,0.70,0.70,0.50,0.40,0.80,1.00,0.40,1.10,0.60,1.23,0.85,0.75,0.55,1.00,1.15,0.60,0.50,0.35,0.30,1.45,0.40,0.35,0.97,0.80,0.55,0.60,1.10,0.80,1.10,0.45,0.95,0.65,0.50,0.55,,1.15,0.70,1.60,0.60,0.30,0.50,0.50,3.20,0.30,0.55,0.50,0.45,0.60,1.50,1.35,0.90,0.25,0.90,0.67,0.90,1.03,1.00,,0.85,0.70,
20160913,11,AQI,157,69,151,90,48,85,139,59,59,86,58,58,98,65,54,93,52,31,35,41,68,51,47,66,78,46,70,65,59,68,72,56,89,56,41,30,43,60,48,32,39,51,39,39,63,25,31,44,113,72,58,71,46,34,25,36,47,36,54,41,27,49,47,21,157,57,58,49,24,104,89,114,50,73,51,45,65,31,116,32,35,61,23,115,121,101,81,181,113,53,79,134,150,98,86,64,37,35,40,59,27,28,39,56,30,30,29,60,43,63,65,68,49,46,57,52,79,58,41,48,45,16,40,54,54,55,52,60,36,74,81,90,75,89,69,98,96,63,34,61,13,68,58,128,74,63,85,89,80,89,119,48,61,59,110,222,82,69,53,74,113,125,55,75,73,42,54,43,76,48,49,52,54,68,46,64,64,47,63,68,111,46,68,61,83,85,61,,81,88,88,,65,64,75,59,45,61,100,54,39,58,55,53,27,43,66,65,51,24,68,50,62,74,36,34,17,30,46,23,42,21,30,40,26,12,85,57,80,49,44,49,73,88,96,61,61,29,69,31,29,29,31,32,47,50,62,63,55,64,69,76,66,59,70,56,43,56,70,93,72,65,84,98,61,90,54,51,53,82,65,53,57,75,71,67,81,69,79,56,36,40,49,42,57,68,51,56,28,51,65,63,46,49,139,98,31,55,61,41,31,70,90,34,50,64,56,61,52,62,69,58,48,51,44,129,33,31,55,71,71,25,55,23,26,107,43,19,81,23,71,61,63,56,65,63,73,55,47,48,,51,42,71,50,56,36,90,32,28,31,52,29,86,102,53,65,63,54,78,86,75,84,,40,67,
20160913,11,PM2.5,120,50,116,67,25,63,106,23,21,64,35,11,73,31,27,69,35,13,24,24,44,36,32,43,55,22,51,41,26,49,42,29,66,40,18,17,29,43,31,22,15,36,27,27,45,10,11,24,85,42,41,36,32,23,16,14,33,23,36,27,14,32,25,7,120,33,41,34,12,78,50,86,25,31,25,24,35,16,88,16,21,27,14,87,92,76,60,137,85,29,58,102,115,73,64,31,20,14,26,42,11,15,20,38,17,15,18,43,30,45,32,49,31,23,29,33,58,41,21,30,26,4,19,36,27,34,22,43,22,36,60,67,45,66,50,73,72,45,22,44,6,49,41,97,54,45,63,66,58,66,90,30,44,42,83,16,44,50,12,30,85,95,38,55,53,27,38,19,49,28,34,35,29,35,29,46,35,22,45,49,35,32,49,44,61,63,42,,60,56,65,,35,45,41,39,18,44,62,38,27,31,36,28,5,30,33,47,31,11,35,29,31,49,10,23,9,9,13,15,17,11,21,14,13,4,63,40,59,28,15,34,53,65,72,44,21,20,50,11,13,14,12,15,33,33,43,40,39,46,45,56,48,39,51,38,30,40,51,69,40,47,62,73,44,67,33,35,37,54,47,25,39,55,52,47,55,46,52,40,23,28,29,27,38,49,17,40,16,9,47,45,32,31,106,73,19,39,38,8,17,51,65,21,20,46,38,44,30,33,50,29,25,36,26,98,23,16,39,52,52,15,7,10,18,48,30,13,60,14,52,44,38,32,33,23,53,33,29,28,,29,3,51,19,40,9,40,15,3,16,36,15,25,31,18,26,45,30,45,36,45,43,,15,30,
20160913,11,PM2.5_24h,57,56,97,64,29,52,86,21,16,47,42,30,46,28,19,54,31,35,31,36,48,41,42,47,38,42,53,54,45,46,43,35,53,44,22,21,33,35,39,31,15,48,39,32,49,11,16,27,68,49,60,40,43,22,18,17,30,26,34,26,14,27,23,14,68,59,43,34,11,71,35,29,21,28,44,36,27,14,83,23,22,31,15,64,58,66,56,92,65,39,69,77,80,64,47,35,23,16,22,29,13,14,23,33,25,11,19,32,36,71,24,41,22,22,23,78,31,32,30,24,22,7,17,34,51,36,25,51,46,63,64,50,47,74,59,58,41,35,11,30,4,44,58,49,115,76,40,91,55,52,68,34,27,35,94,13,20,20,13,27,67,85,56,53,66,37,40,24,37,41,30,34,34,42,45,46,40,40,45,54,38,58,48,46,55,45,39,,40,42,43,,23,27,31,32,19,40,33,41,32,23,25,23,8,26,27,56,23,9,26,28,24,26,16,35,7,11,16,13,9,11,20,14,10,7,53,36,34,28,16,16,47,39,53,37,18,15,49,15,11,12,14,9,23,56,39,34,31,37,48,35,37,44,52,54,38,46,50,55,39,40,64,62,34,55,57,40,35,60,49,48,55,44,43,44,48,47,43,28,21,25,16,20,45,33,19,29,18,23,77,63,35,58,80,97,24,57,50,12,20,36,51,34,18,42,33,42,30,16,35,20,27,30,38,95,37,18,38,48,36,15,16,9,10,38,23,11,47,20,48,44,21,28,18,19,49,35,16,27,,17,11,31,10,18,12,18,6,8,18,29,22,25,22,17,28,42,16,35,40,28,31,,20,32,
20160913,11,PM10,110,61,183,102,48,88,165,68,67,110,64,66,108,79,57,107,53,31,35,33,85,51,39,82,106,43,74,80,68,70,94,62,104,55,34,30,43,48,48,32,23,43,39,32,69,25,20,44,150,93,45,92,42,34,25,36,46,36,57,41,27,49,47,21,164,64,60,47,19,129,127,167,50,96,51,45,80,23,134,32,35,71,20,151,141,130,91,197,156,56,107,113,141,123,57,77,37,35,40,63,22,28,39,62,30,29,29,43,43,65,79,83,49,46,63,53,86,56,41,48,45,16,40,58,57,60,54,60,36,98,79,87,99,121,73,113,85,62,34,61,13,72,52,150,73,63,98,95,109,99,135,48,40,60,103,108,114,45,55,97,119,197,60,79,81,40,52,32,101,48,45,53,57,86,46,65,77,47,61,82,57,,69,51,100,84,71,,96,126,110,,79,77,99,67,45,66,149,49,33,66,59,55,16,41,82,75,52,24,86,50,74,97,36,34,17,30,46,23,42,21,,40,26,5,100,63,104,49,33,44,78,89,,63,71,20,59,31,29,19,27,32,46,50,73,75,50,71,88,72,75,68,62,61,43,50,77,88,93,73,90,111,64,110,58,52,56,113,71,55,63,93,82,83,111,87,108,61,36,40,49,42,63,70,51,47,28,51,59,61,46,49,183,138,31,48,71,41,31,86,129,34,50,69,62,71,53,74,81,65,48,,44,167,33,31,,58,72,25,60,23,14,164,,16,92,21,63,57,75,62,80,75,66,60,47,48,,51,42,91,50,52,36,130,32,17,31,54,29,122,154,56,79,70,57,105,122,99,117,,40,83,
20160913,11,PM10_24h,77,81,156,97,53,76,142,54,37,84,67,74,77,75,44,93,52,59,51,44,91,67,64,78,72,58,74,86,73,68,78,73,77,60,37,32,50,54,58,60,25,59,54,49,98,31,29,61,140,98,92,99,68,36,28,34,47,42,62,40,25,48,40,28,105,94,69,56,36,113,81,62,37,76,77,62,69,24,128,46,35,54,23,130,99,125,83,166,123,69,120,116,115,105,52,69,41,29,31,46,31,28,34,49,40,27,32,65,53,118,50,68,39,57,50,107,56,55,48,44,60,19,32,53,88,60,56,81,85,122,104,76,93,143,78,96,70,47,25,48,13,66,82,99,99,103,74,131,107,77,104,58,34,54,111,49,52,27,46,68,93,158,77,74,113,57,64,39,73,82,59,50,52,82,60,62,77,66,82,90,57,72,65,55,83,60,65,,64,83,97,,55,48,87,51,35,59,95,79,77,57,39,42,23,36,52,86,42,18,58,40,50,54,43,60,16,40,46,25,21,17,35,43,24,15,84,55,62,48,31,29,70,76,57,53,44,21,61,25,24,23,28,27,43,76,60,54,44,52,82,49,57,69,79,83,74,103,103,95,101,64,98,112,56,103,92,62,57,104,82,80,86,81,74,67,96,81,87,48,31,37,29,28,73,53,39,41,28,58,96,83,50,83,129,150,46,70,91,23,29,56,89,47,60,65,41,61,47,49,66,38,43,37,48,154,58,35,45,56,48,31,13,20,16,116,29,18,79,50,68,66,64,54,29,50,67,62,24,53,,43,40,50,31,32,28,50,18,19,25,47,33,71,64,54,73,69,46,109,196,78,51,,52,84,
20160913,11,SO2,4,14,37,58,19,28,31,34,11,12,26,20,134,48,14,39,13,7,9,12,20,13,14,20,48,8,15,29,20,15,17,17,29,14,11,6,8,12,8,23,9,10,9,5,13,5,6,4,33,18,10,21,16,11,6,13,12,11,18,14,6,19,17,4,24,45,9,35,4,18,15,141,20,12,37,11,25,8,42,50,22,70,5,51,76,37,36,32,67,29,29,63,22,22,14,30,11,11,12,17,6,9,10,16,10,7,11,25,15,16,51,31,53,31,25,17,64,35,40,10,5,4,36,13,14,33,11,30,13,11,11,25,15,33,33,49,11,15,10,31,3,15,12,134,14,6,15,9,16,24,16,16,7,12,17,976,9,47,5,11,35,24,20,17,18,16,13,7,88,12,13,12,9,13,11,15,8,23,28,24,21,18,18,11,8,13,19,,5,22,18,,32,34,59,127,37,52,135,7,8,39,24,17,6,8,46,46,45,29,21,58,12,28,2,8,7,5,3,12,11,8,3,18,11,14,17,13,25,11,19,25,22,13,25,20,26,10,21,7,14,9,7,5,5,31,64,48,21,34,41,23,13,15,10,17,15,57,7,13,54,15,22,13,91,25,11,17,15,85,15,16,26,29,28,27,26,15,27,7,8,14,17,16,6,8,48,14,9,10,28,11,26,10,16,7,23,7,6,13,27,118,24,15,15,24,4,6,22,39,19,9,11,19,18,140,18,5,9,,39,9,7,7,7,26,,3,15,7,26,4,44,11,18,13,13,10,6,6,,16,10,63,17,10,11,13,5,11,9,5,4,5,3,8,39,4,3,7,16,12,9,,12,31,
20160913,11,SO2_24h,2,12,23,50,10,21,30,15,8,6,27,13,28,32,13,17,8,8,9,12,19,13,22,24,34,6,15,26,24,15,15,17,23,15,12,6,9,14,15,8,9,14,13,4,16,6,10,8,22,17,14,17,16,9,7,12,12,12,15,13,6,14,14,5,13,23,8,17,5,18,7,30,12,13,22,11,23,6,16,14,21,38,8,21,31,34,27,32,32,16,30,44,23,16,11,21,11,10,12,16,6,9,8,11,17,6,8,46,23,29,26,15,27,30,17,11,18,14,22,9,4,4,14,14,17,26,14,30,18,16,20,25,13,28,35,25,6,15,9,23,3,10,17,44,19,13,11,12,10,20,16,9,7,8,15,97,11,24,5,7,29,31,15,14,20,21,8,10,24,14,12,10,6,12,17,18,8,19,25,23,14,18,11,15,4,17,17,,3,19,18,,23,36,43,60,29,32,84,8,8,13,18,6,9,11,41,20,9,22,8,22,9,9,2,7,5,6,3,12,5,7,6,20,9,12,18,17,15,18,29,26,19,11,29,16,30,13,29,7,11,11,9,6,9,35,31,55,28,33,30,19,18,23,16,17,18,26,11,9,29,18,17,12,27,29,13,11,12,14,8,19,28,31,23,18,21,18,6,11,6,16,12,13,16,6,12,8,8,17,30,23,16,7,12,9,26,7,8,12,30,34,21,17,17,17,4,15,14,5,19,8,11,15,17,61,22,5,9,13,11,9,7,5,8,26,,4,9,10,26,6,23,10,12,10,11,10,5,8,,15,13,17,13,8,12,12,6,12,8,7,3,3,4,9,25,4,2,8,9,12,8,,16,14,
20160913,11,NO2,53,24,57,44,35,38,64,31,30,32,31,26,78,43,36,43,37,25,27,21,32,38,11,26,52,10,25,36,20,9,13,11,40,24,19,34,20,17,21,18,11,39,15,22,32,17,18,14,54,41,54,31,25,19,21,30,29,31,35,19,8,22,18,9,64,66,27,27,25,55,79,58,39,55,22,13,22,16,41,11,19,28,14,61,23,34,24,74,30,19,32,37,88,40,18,21,9,12,8,9,13,12,8,22,13,8,14,19,11,38,35,47,30,24,13,14,41,44,22,27,14,14,24,22,15,20,21,28,37,23,33,54,39,22,20,24,27,12,11,11,4,45,22,71,18,26,34,23,19,32,50,29,31,25,34,38,22,29,13,28,34,44,19,32,31,16,14,12,22,10,11,12,8,22,14,29,28,28,26,32,14,16,20,6,24,28,45,,24,25,28,,24,30,44,40,28,19,51,12,13,20,22,29,11,8,31,55,20,15,32,45,34,30,14,9,9,18,7,20,16,12,35,9,14,15,18,29,48,15,22,13,34,12,9,23,35,24,17,12,8,6,8,33,4,17,25,15,9,10,21,26,11,28,33,27,30,20,20,22,42,11,43,30,46,36,14,16,9,15,6,12,10,20,16,14,13,16,34,8,14,11,19,14,11,4,19,13,9,20,15,26,51,37,40,63,22,26,19,8,31,32,38,14,48,35,22,32,20,30,11,10,22,12,17,22,26,13,22,21,8,24,15,13,11,26,,10,30,26,26,14,31,19,26,21,36,27,16,19,,33,26,51,11,7,8,29,11,6,8,15,13,21,41,31,44,13,11,24,29,24,18,,16,32,
20160913,11,NO2_24h,47,56,54,53,42,43,56,29,22,48,47,54,49,48,41,49,31,45,44,30,44,55,31,29,39,18,42,40,31,13,13,24,41,38,35,26,33,33,28,17,12,33,25,22,53,21,27,26,61,37,30,48,37,35,25,26,35,33,33,27,13,32,25,10,58,56,31,25,13,57,57,36,24,46,44,31,43,24,42,19,30,40,20,48,27,51,31,55,34,40,44,52,45,64,18,24,21,11,9,11,18,6,16,22,25,8,13,25,24,30,31,36,24,44,22,35,28,31,31,29,19,17,29,32,30,22,18,35,23,22,38,38,39,63,33,30,26,16,10,20,4,29,23,46,28,25,21,22,42,22,48,29,36,35,56,18,32,17,15,21,38,60,26,42,45,27,34,22,26,23,9,17,12,36,34,32,33,30,34,47,22,21,35,13,28,32,44,,20,27,22,,20,30,48,31,33,32,36,35,25,22,41,24,22,10,29,39,18,19,31,32,29,22,32,14,11,18,7,17,10,12,32,20,17,16,28,32,29,23,25,16,51,21,22,26,27,19,38,13,13,10,17,21,9,23,25,20,11,15,21,10,19,32,20,27,34,20,19,27,31,21,30,30,32,59,22,22,14,29,8,25,18,35,25,20,21,29,22,13,13,16,19,19,18,6,22,19,12,37,17,21,24,25,37,61,21,30,16,10,29,24,28,15,23,30,19,38,17,14,17,7,22,8,15,24,38,14,25,14,10,24,10,10,12,20,,7,32,37,20,23,35,20,22,19,44,36,11,21,,22,26,26,15,4,14,20,4,7,10,17,19,28,42,17,22,12,11,26,10,20,12,,38,26,
20160913,11,O3,49,122,84,124,76,84,84,85,36,120,166,140,50,45,65,49,92,65,54,130,156,140,151,119,59,148,156,137,144,157,136,141,118,133,130,56,135,163,130,83,125,44,85,69,143,71,98,106,77,118,60,142,112,74,73,54,74,61,65,90,67,96,64,28,42,22,80,68,78,34,79,39,64,27,101,106,75,99,100,55,104,94,75,87,164,89,90,50,114,118,115,97,36,105,60,124,94,109,89,101,86,63,90,86,94,96,90,74,62,102,58,47,48,80,75,95,85,51,74,55,47,27,49,106,149,123,88,111,59,56,84,20,84,141,123,108,106,127,76,95,42,39,84,22,65,64,23,50,96,60,46,67,35,55,58,86,96,46,80,66,111,122,140,136,136,134,149,138,108,112,79,107,104,122,120,121,159,118,145,150,222,122,123,136,83,90,62,,58,103,71,,20,83,43,32,46,45,60,77,39,90,99,42,86,136,58,44,63,59,47,54,33,46,63,62,45,39,21,29,7,24,54,45,79,37,141,113,95,117,142,84,126,154,155,163,43,84,79,83,83,92,99,44,114,114,64,150,93,99,122,127,148,64,94,103,83,88,76,116,63,150,52,89,138,82,137,160,138,105,56,114,110,180,105,110,90,120,95,70,58,69,84,101,53,100,43,79,48,78,101,85,28,50,49,51,89,37,51,10,70,47,71,59,48,60,61,68,74,40,91,91,71,53,74,80,63,45,50,38,32,26,58,65,84,20,66,51,34,74,12,72,44,60,61,88,61,76,78,123,,53,94,13,100,38,90,84,14,88,84,68,84,78,72,53,31,75,49,59,46,40,26,,50,46,
20160913,11,O3_24h,149,142,220,124,94,183,189,100,115,172,176,172,148,82,95,97,134,75,65,136,243,162,151,156,124,175,169,184,183,162,186,175,199,209,152,119,200,219,181,131,129,145,128,112,171,92,112,106,203,227,193,227,157,134,164,180,197,253,266,157,111,137,67,144,131,218,167,131,125,76,162,126,124,119,151,118,103,104,145,109,114,115,83,212,188,214,115,216,180,150,194,186,208,136,163,191,107,113,107,123,107,100,104,173,114,107,118,88,98,205,71,120,128,103,77,95,130,73,96,86,47,44,64,153,234,137,195,181,171,159,193,181,175,244,195,161,148,132,104,95,45,114,210,139,191,148,158,140,146,145,90,104,71,60,144,113,142,92,124,94,208,192,210,225,206,165,190,160,145,145,117,110,141,198,132,130,163,145,209,178,252,194,155,141,105,148,121,,107,179,184,,78,121,65,92,82,45,121,78,75,117,113,74,88,139,69,91,85,81,76,121,106,92,88,63,56,40,37,37,36,48,63,63,85,71,186,156,136,129,164,95,211,164,187,165,105,84,97,103,83,92,110,97,127,114,89,151,94,124,124,127,159,148,190,205,147,165,174,184,170,157,171,220,163,154,209,161,191,291,107,133,120,198,121,110,137,154,129,75,62,71,104,101,73,102,69,97,77,78,250,192,179,172,165,130,105,58,179,76,87,155,115,144,143,135,272,108,150,130,150,121,86,94,118,121,83,46,118,133,94,59,102,134,105,48,80,96,74,100,124,165,88,150,127,141,76,116,79,141,,94,125,124,128,92,113,125,41,110,115,135,103,115,94,156,121,115,85,100,107,154,98,,100,125,
20160913,11,O3_8h,17,52,30,54,29,28,46,33,11,40,104,90,14,13,22,13,47,24,22,100,71,62,94,76,53,77,68,54,64,101,90,78,73,49,74,55,62,53,72,74,117,51,66,40,88,42,70,59,32,60,74,71,43,25,43,37,27,23,27,39,34,42,23,23,23,32,53,60,85,29,25,20,47,22,40,48,23,50,31,27,39,33,51,29,100,36,48,16,52,52,48,44,26,37,61,80,33,81,53,64,40,67,40,53,48,66,65,21,26,112,27,20,26,36,25,34,37,21,25,29,15,15,20,83,72,77,84,71,75,41,77,15,49,67,55,39,46,96,55,46,38,47,79,16,67,67,28,50,43,56,33,28,15,17,16,56,39,28,75,74,41,34,72,77,63,80,67,85,35,57,70,50,37,65,65,68,102,72,60,69,82,45,52,104,46,46,48,,47,47,59,,17,37,14,19,18,11,34,37,20,59,54,18,46,120,24,18,23,20,18,16,14,33,20,20,22,17,23,27,7,19,46,15,20,20,86,93,81,87,87,49,64,70,80,127,38,51,57,66,50,49,50,34,52,37,33,92,77,60,48,79,91,43,99,89,87,86,78,86,53,88,32,69,72,59,69,89,88,46,25,55,41,82,49,38,41,51,31,32,42,36,43,30,16,63,12,30,20,45,108,77,63,59,41,38,92,25,54,6,46,28,59,58,15,31,40,46,60,34,67,84,26,30,55,33,24,14,20,17,20,32,55,68,70,17,64,46,11,17,15,24,16,87,17,64,39,36,57,76,,32,46,7,48,21,56,49,10,92,45,41,51,45,60,55,28,66,40,31,57,20,20,,28,14,
20160913,11,O3_8h_24h,44,54,74,67,29,34,46,46,12,51,104,101,22,19,33,13,57,24,22,113,73,69,94,79,64,98,70,54,70,106,101,78,93,53,74,65,62,53,72,79,119,53,73,40,95,66,84,59,34,73,127,71,57,37,53,72,46,62,61,45,39,45,23,25,41,47,54,69,91,34,25,36,61,26,40,48,27,53,31,39,39,33,75,45,135,71,48,16,69,53,66,76,100,37,68,96,38,89,57,90,40,78,40,56,49,76,65,21,33,121,41,27,27,39,25,35,37,21,26,29,17,29,20,91,99,81,108,75,133,45,91,38,56,67,70,44,51,97,59,46,38,81,106,22,68,75,75,60,50,87,33,28,15,21,16,82,104,45,82,77,59,34,82,90,63,80,70,96,35,57,82,50,37,65,65,68,102,78,60,77,91,46,52,104,47,69,73,,54,77,73,,27,50,25,21,22,11,67,37,36,71,85,18,46,126,27,18,23,20,18,16,14,33,20,20,32,17,31,30,9,25,50,15,20,20,116,105,89,101,121,52,74,86,99,139,46,58,77,83,50,49,50,34,86,38,33,101,78,68,48,79,103,62,125,97,91,86,85,87,79,89,73,100,72,59,69,89,88,73,25,63,43,82,50,38,42,52,31,32,42,37,55,30,18,63,12,31,20,50,132,98,78,83,47,47,93,28,86,7,67,56,69,79,17,36,57,51,60,56,75,98,26,30,77,40,24,14,23,46,21,37,71,84,71,17,74,53,11,22,45,27,16,98,17,102,45,54,67,77,,47,49,7,63,38,56,49,10,101,58,48,51,67,63,118,28,74,44,31,76,49,20,,28,57,
20160913,11,CO,1.34,1.39,1.18,2.83,0.66,1.90,1.38,0.70,0.70,1.47,0.93,1.05,5.65,1.10,0.67,1.23,1.07,0.46,0.74,0.62,1.07,0.96,0.70,0.80,1.54,0.70,0.76,1.20,1.00,0.97,0.74,0.60,1.00,0.73,0.56,0.75,0.60,0.60,0.90,0.90,0.70,0.65,0.50,0.83,0.73,0.70,0.57,0.75,1.40,0.70,1.36,0.85,0.68,0.89,0.67,0.58,0.71,0.70,0.83,0.62,0.58,0.80,0.80,0.35,1.25,1.10,0.68,0.68,0.48,1.59,1.45,2.75,0.65,0.87,0.73,0.40,0.78,0.54,1.73,1.38,0.53,1.02,0.30,1.50,2.17,1.90,1.20,2.00,1.28,0.64,0.83,1.40,1.93,1.15,0.60,1.00,0.68,0.78,0.73,0.90,0.75,0.80,0.75,0.95,0.75,0.80,0.70,1.05,1.23,1.03,1.68,1.56,1.27,1.00,1.02,0.93,1.15,1.80,0.62,0.62,0.33,0.30,0.74,0.77,0.85,0.87,2.48,1.95,1.15,1.53,1.07,1.40,0.80,1.00,0.88,0.90,2.00,0.87,0.77,0.90,0.45,0.85,0.60,3.08,0.33,0.60,1.10,0.78,0.48,1.10,1.25,0.77,1.23,0.93,0.90,2.25,0.60,1.40,1.50,0.60,0.95,1.70,0.55,0.75,0.70,0.50,0.70,0.75,0.75,0.60,0.65,0.95,0.60,0.80,0.70,0.77,0.40,1.15,0.90,1.00,1.20,1.50,1.45,0.55,0.65,0.80,1.25,,0.50,0.70,1.42,,3.38,1.14,1.07,2.02,1.50,1.05,1.57,0.53,0.30,0.65,0.60,2.40,0.40,0.55,0.94,1.80,0.65,1.85,0.77,0.90,1.25,1.50,0.60,0.60,0.90,0.63,0.43,0.77,0.95,0.43,1.30,0.50,0.35,1.10,0.92,0.88,1.25,1.07,0.53,0.50,0.95,0.75,1.00,0.68,1.55,0.50,0.97,0.45,0.90,0.83,0.63,0.40,0.50,0.93,1.60,0.67,1.08,0.98,0.70,1.20,0.85,0.93,0.90,1.07,1.53,0.65,1.13,0.65,1.33,0.84,1.53,1.10,0.93,0.90,1.10,1.00,0.77,0.57,0.50,0.76,0.98,0.70,1.38,0.50,1.27,0.55,0.70,0.78,1.07,1.05,1.10,0.80,0.30,0.70,0.85,0.80,0.70,0.43,2.30,0.38,0.90,0.53,1.27,1.10,0.63,0.95,0.55,1.80,0.25,1.20,0.73,0.40,1.15,1.00,0.70,0.70,0.50,0.70,0.90,1.10,0.70,1.30,0.60,2.77,0.45,0.60,0.65,1.10,0.95,0.75,0.70,0.35,0.30,1.05,0.40,0.50,1.10,0.60,0.65,0.60,1.10,0.70,1.40,0.50,1.10,0.55,0.60,0.60,,1.10,0.90,2.80,0.70,0.30,0.60,0.60,3.10,0.30,0.75,0.55,0.45,0.75,1.65,1.35,1.50,0.25,1.00,0.63,1.35,1.13,1.30,,0.70,0.70,
20160913,11,CO_24h,0.86,1.59,1.07,2.20,0.70,1.57,1.20,0.47,0.45,1.03,1.07,1.40,1.45,0.99,0.62,1.09,1.12,0.76,1.07,0.73,1.01,0.97,0.75,0.90,1.18,0.80,0.77,0.93,1.00,0.80,0.72,0.67,0.85,0.75,0.61,0.65,0.70,0.60,0.80,0.93,0.70,0.70,0.57,0.83,0.87,0.78,0.60,0.83,1.16,0.76,1.32,0.86,0.77,0.81,0.75,0.60,0.74,0.80,0.80,0.64,0.60,0.80,0.86,0.38,0.96,1.02,0.62,0.66,0.38,1.52,0.97,1.10,0.50,0.78,1.15,0.78,1.08,0.50,1.35,1.50,0.63,1.35,0.33,1.38,1.93,1.70,1.10,2.80,0.70,0.72,0.93,1.25,1.43,1.10,0.57,1.00,0.86,0.73,0.63,0.87,0.80,0.73,0.80,1.00,1.00,0.75,0.70,1.20,1.63,1.27,1.75,1.36,1.13,1.35,1.23,1.60,1.00,1.57,0.90,0.68,0.50,0.26,0.78,0.80,1.05,0.93,2.17,2.00,1.30,1.67,0.97,1.30,0.84,1.30,1.10,0.80,1.87,0.70,0.67,1.06,0.40,0.70,0.72,1.64,0.67,0.73,0.93,0.90,0.55,0.90,1.20,0.70,1.27,0.80,1.17,1.90,0.60,0.47,1.46,0.50,0.85,2.20,0.60,0.90,0.85,0.65,0.65,0.90,0.85,0.85,0.70,1.05,0.60,0.83,0.90,0.70,0.40,0.75,0.75,0.97,0.95,1.55,1.05,0.65,0.65,0.70,1.25,,0.40,0.63,1.10,,2.08,1.00,0.87,1.57,1.40,1.15,0.97,1.00,0.40,0.25,0.65,0.60,0.70,0.55,0.78,1.52,0.45,1.50,0.93,1.10,0.80,1.45,0.90,0.65,0.93,0.63,0.43,0.53,0.50,0.50,1.30,0.65,0.35,1.20,0.76,0.95,1.00,1.13,0.57,0.47,0.85,0.85,0.90,0.68,1.25,0.60,0.73,0.43,0.97,0.93,0.77,0.30,0.65,1.38,1.60,0.60,1.13,0.92,0.82,1.10,0.90,1.30,0.95,0.87,1.37,0.55,1.02,0.60,0.90,0.96,1.47,0.90,1.00,0.97,1.50,1.00,0.80,0.80,0.45,0.94,1.10,0.85,1.43,0.57,1.32,1.15,0.45,0.65,0.93,1.05,1.03,0.80,0.40,0.70,0.85,1.00,0.75,0.67,1.13,0.48,0.80,0.43,1.07,1.18,0.63,0.90,0.60,1.50,0.25,1.07,0.60,0.47,0.70,1.05,0.70,0.70,0.50,0.45,0.80,1.00,0.40,1.10,0.60,1.23,0.80,0.75,0.55,1.00,1.10,0.60,0.55,0.35,0.30,1.40,0.30,0.35,1.00,0.80,0.55,0.60,1.10,0.75,1.10,0.45,0.95,0.65,0.50,0.55,,1.10,0.70,1.60,0.60,0.30,0.50,0.50,3.20,0.30,0.60,0.50,0.50,0.60,1.50,1.35,0.90,0.25,0.90,0.67,0.95,1.03,1.00,,0.85,0.60,
20160913,12,AQI,164,63,139,100,52,79,119,64,55,93,90,74,101,62,55,66,52,27,34,41,89,51,47,63,80,54,68,64,53,58,65,55,86,46,45,29,44,91,43,33,43,55,40,34,64,25,31,42,108,72,55,76,47,32,28,36,49,36,52,41,26,52,44,20,170,55,65,56,35,108,78,94,56,68,45,36,55,35,101,33,34,56,28,93,94,108,98,180,104,46,83,111,171,91,86,56,36,38,45,56,30,37,33,46,32,34,51,59,37,59,63,76,51,41,57,49,59,60,32,39,36,20,33,52,73,53,48,54,32,69,81,103,79,83,60,96,74,64,41,53,17,68,64,129,74,59,80,85,70,98,126,56,58,65,85,74,57,75,39,74,85,113,78,65,73,45,58,45,71,50,43,49,47,61,41,65,68,50,59,65,132,45,69,50,94,78,64,,70,86,99,,68,55,71,63,41,58,96,39,31,61,37,55,28,43,52,55,43,28,56,47,61,76,29,35,19,40,54,30,31,19,46,36,28,20,88,56,72,43,49,46,63,71,73,63,59,72,69,28,29,30,33,28,44,52,65,59,50,60,66,75,56,54,80,69,48,53,71,69,79,60,86,94,100,83,53,59,53,89,68,48,51,74,64,69,74,61,88,54,36,40,41,40,60,63,47,53,21,42,68,82,53,55,151,108,33,58,62,32,38,66,89,40,60,58,59,58,50,66,61,62,43,44,31,163,24,33,51,66,62,24,31,29,27,101,22,20,62,27,80,57,56,56,55,55,70,51,40,39,,54,48,99,,47,32,70,48,30,31,54,29,66,67,55,76,60,57,64,83,53,88,,32,55,
20160913,12,PM2.5,125,45,106,75,25,58,90,25,23,69,32,52,76,24,21,48,34,12,23,26,45,34,30,41,54,27,49,37,32,41,40,30,64,32,18,19,26,43,27,23,13,39,28,24,46,9,12,26,81,49,39,34,33,22,17,14,34,25,36,29,14,36,26,14,129,37,47,32,15,81,47,70,31,28,24,23,24,18,76,16,16,24,16,69,70,81,73,136,78,27,56,84,130,68,64,31,19,15,21,40,11,15,20,32,18,17,24,42,26,42,32,56,30,14,26,32,42,43,19,21,18,7,16,34,29,34,29,38,18,33,60,77,58,61,43,72,54,46,21,37,7,49,46,98,54,42,59,63,51,73,96,37,41,47,63,54,23,55,12,25,63,85,47,47,53,26,41,23,42,25,30,28,26,31,27,47,36,22,42,47,39,26,50,35,70,57,46,,51,64,74,,36,39,38,42,16,38,56,27,22,29,21,30,5,27,24,37,21,10,27,28,33,49,10,21,8,9,12,21,14,11,17,12,11,6,65,35,35,25,14,26,45,52,53,45,21,29,50,11,14,14,11,19,31,26,47,37,34,43,46,55,39,36,59,28,33,36,52,50,58,43,64,70,49,61,32,35,37,45,49,20,33,54,46,50,54,30,62,38,23,26,29,28,39,45,15,37,15,10,49,43,37,35,116,81,15,41,34,6,12,48,66,23,26,41,42,41,32,39,44,28,29,31,22,124,16,12,36,48,38,12,21,19,6,44,14,14,41,12,59,39,36,36,12,19,51,29,24,19,,23,10,74,,26,12,27,18,5,12,29,14,23,27,20,37,43,11,34,35,31,52,,13,20,
20160913,12,PM2.5_24h,61,57,98,64,29,51,88,21,17,49,42,31,48,29,19,54,32,33,31,36,48,41,42,48,39,42,54,54,45,46,44,35,54,43,22,21,33,35,39,31,15,47,39,32,49,11,16,27,69,50,60,39,42,23,17,17,30,26,35,27,14,28,23,14,71,55,43,34,11,72,36,29,21,28,43,35,27,14,82,23,22,31,15,65,57,68,63,96,67,39,68,79,82,66,47,35,23,16,22,30,13,14,23,33,26,11,20,33,36,70,24,40,23,21,24,74,31,33,30,24,22,7,17,35,51,36,25,51,44,62,64,52,47,73,58,58,41,36,11,30,4,44,57,51,113,72,40,90,55,53,70,34,27,36,93,11,20,21,13,27,65,85,56,54,65,37,40,24,38,41,30,34,33,42,45,46,40,40,45,55,38,57,48,46,57,46,40,,41,43,45,,23,27,32,32,18,40,34,42,32,23,26,23,7,27,28,55,23,10,27,27,24,27,15,34,7,11,16,13,9,11,20,14,10,5,54,37,34,28,16,17,47,40,54,38,18,15,49,15,11,12,14,10,24,55,40,35,31,37,48,35,38,44,52,54,37,45,50,55,40,39,65,62,34,55,56,40,35,59,49,47,54,44,43,44,48,46,43,29,21,25,17,20,44,32,18,29,18,22,76,62,34,56,83,98,23,56,48,11,19,37,51,34,19,43,33,42,29,17,35,21,27,30,37,93,36,17,38,48,35,15,17,10,10,39,23,11,47,20,49,44,22,29,18,19,50,35,16,27,,18,12,32,,18,12,19,6,8,18,30,22,25,21,17,28,42,15,36,38,28,32,,20,32,
20160913,12,PM10,109,71,186,104,53,78,148,77,60,128,53,98,106,74,59,75,53,27,34,32,92,51,42,75,109,38,71,77,53,61,79,60,93,46,33,29,38,58,43,32,22,42,35,33,71,18,20,42,134,94,47,102,47,32,26,36,46,32,53,41,26,53,44,17,170,59,70,61,35,126,106,131,61,85,45,34,60,25,117,33,27,62,24,108,100,,102,206,138,46,116,113,173,104,66,62,36,31,45,60,26,37,33,44,29,34,51,45,30,57,76,85,52,41,63,49,66,62,32,39,36,20,33,53,60,55,48,47,32,87,80,90,107,103,62,118,78,66,41,52,17,74,58,162,72,65,85,96,70,87,141,61,41,68,89,76,63,69,39,98,96,134,79,71,81,39,57,26,92,50,41,49,39,72,41,64,81,50,49,75,61,,69,42,101,76,71,,46,114,143,,85,60,92,76,41,65,141,37,26,72,32,60,9,40,53,60,43,14,61,47,72,102,29,35,19,40,57,29,31,19,46,36,28,,99,62,94,43,36,46,67,88,,57,68,94,57,28,29,19,19,28,34,54,76,67,50,63,82,68,62,58,,88,48,56,75,81,97,65,91,110,72,102,56,60,43,90,76,48,51,83,73,68,97,71,125,55,36,40,41,35,69,64,47,47,21,42,65,114,51,60,188,141,33,53,73,32,38,81,126,40,70,63,47,65,50,82,61,73,43,,29,178,24,33,25,61,73,24,31,29,12,151,,14,73,14,71,64,62,62,60,59,74,51,40,39,,57,48,84,,47,31,89,35,14,24,58,26,81,83,60,102,68,63,77,115,56,125,,32,60,
20160913,12,PM10_24h,80,82,158,97,54,75,145,55,39,88,67,75,78,75,44,93,52,58,51,44,92,66,64,79,74,58,74,87,73,68,79,73,79,59,37,32,49,55,58,58,25,58,55,49,98,31,29,61,140,100,91,98,67,36,28,33,47,42,62,40,26,49,41,27,107,88,69,56,36,112,83,63,38,76,75,61,73,24,127,46,35,55,23,132,97,128,85,172,126,68,118,117,118,107,53,69,41,28,32,48,31,29,34,49,40,27,32,65,53,116,51,66,39,54,52,102,57,56,48,44,59,18,33,53,88,60,55,80,81,123,103,76,93,141,78,97,69,48,26,48,13,64,80,102,96,98,73,129,105,78,105,57,33,54,110,47,52,29,45,69,91,157,78,75,113,58,64,39,75,81,59,50,50,83,60,62,78,66,82,90,58,72,65,55,84,61,65,,65,85,101,,56,48,87,52,34,60,97,78,77,56,39,43,22,36,53,86,43,18,59,40,51,54,42,61,16,40,47,25,21,17,36,44,24,15,86,55,64,48,31,29,70,78,57,54,46,26,61,26,24,23,28,27,43,75,61,56,44,53,83,50,59,69,79,84,72,101,102,96,102,64,96,111,56,104,91,62,57,102,82,79,84,79,74,68,96,80,85,49,31,38,30,29,73,54,39,42,28,56,95,84,49,79,133,151,45,69,88,23,29,57,89,49,60,66,41,61,46,50,66,40,43,37,47,151,56,35,44,56,49,31,14,21,17,120,27,18,75,48,68,66,66,54,31,50,67,62,25,53,,44,40,52,,32,29,53,18,19,25,48,33,71,64,55,72,69,47,109,176,79,55,,52,83,
20160913,12,SO2,4,26,41,44,14,21,26,30,12,8,21,23,99,43,16,25,13,7,9,12,24,12,13,19,42,9,15,26,23,13,14,17,18,11,10,6,7,14,7,8,34,9,6,4,13,5,5,3,32,20,10,20,15,10,6,9,11,8,15,12,6,18,12,4,20,10,8,15,4,18,16,71,22,15,25,9,23,9,33,12,16,56,6,36,50,26,49,37,64,21,29,37,23,26,9,25,10,13,11,13,6,9,8,10,9,7,13,22,11,15,60,27,48,23,12,17,42,39,24,9,6,3,12,13,13,28,13,18,13,12,12,28,19,28,24,40,10,15,10,19,3,13,15,118,14,7,15,11,8,17,19,20,7,13,20,213,7,74,5,9,28,44,20,18,20,12,13,8,25,12,13,11,9,11,10,16,7,15,22,17,16,13,16,10,8,12,16,,5,20,19,,34,38,48,125,32,48,74,5,8,35,25,26,4,9,20,36,8,22,17,97,10,15,1,8,6,5,3,12,9,6,4,23,12,12,18,16,26,12,18,25,19,10,30,15,26,8,22,6,12,14,6,5,5,30,28,54,23,26,37,20,12,18,10,14,27,17,7,13,18,17,13,11,48,23,9,14,14,106,16,15,20,25,14,17,21,12,11,5,8,12,13,13,6,16,34,12,8,14,28,14,27,12,19,8,28,8,7,12,24,120,23,19,13,32,2,10,12,17,15,8,11,13,14,109,16,4,10,31,7,10,9,5,10,26,,4,14,7,28,4,24,91,15,11,13,10,6,6,,15,9,43,,11,12,11,5,11,7,5,3,4,6,7,34,4,3,6,7,67,9,,13,35,
20160913,12,SO2_24h,2,12,23,50,10,22,30,16,8,6,27,14,31,32,12,18,8,8,9,12,19,13,22,24,34,6,15,26,24,15,15,17,23,15,12,6,8,14,15,8,11,14,13,4,15,6,9,8,22,18,14,17,16,9,7,12,11,11,15,13,6,14,14,4,13,20,8,17,5,17,8,30,13,13,22,11,23,6,17,14,21,39,8,22,32,34,42,32,33,16,29,44,23,16,11,20,11,10,12,16,6,9,8,11,14,6,7,46,23,26,28,15,28,30,17,11,19,15,22,9,4,4,14,14,16,26,13,29,18,15,19,25,13,28,35,24,6,15,9,23,3,10,16,44,19,12,11,12,10,20,15,9,7,9,14,99,11,26,5,7,26,30,15,14,20,21,8,10,25,13,12,10,7,12,17,18,8,19,24,22,15,17,11,15,4,15,17,,3,19,18,,23,36,43,63,29,33,85,8,8,13,18,7,9,10,42,20,9,22,8,22,9,10,2,7,5,5,3,12,5,7,6,20,9,12,18,17,15,18,28,25,19,11,29,16,30,13,29,7,12,11,9,6,8,35,31,56,28,30,31,20,17,22,15,17,18,26,11,9,28,18,17,12,28,29,12,11,13,18,8,19,27,31,23,18,21,18,6,11,6,16,12,13,16,15,13,9,8,17,30,22,17,7,13,9,26,7,7,12,29,37,21,17,18,18,3,15,14,5,19,8,11,15,16,56,20,5,9,13,11,9,7,5,8,26,,4,9,9,23,6,24,14,12,10,11,9,5,8,,15,13,17,,8,12,12,6,12,8,7,3,3,4,9,26,4,2,8,9,15,8,,16,14,
20160913,12,NO2,51,24,46,36,27,35,47,32,27,27,27,20,66,38,30,39,30,23,28,20,31,33,10,25,43,8,22,26,16,7,5,10,36,20,16,33,14,16,14,19,11,34,9,19,26,13,14,13,55,38,55,29,21,17,19,25,27,25,29,18,7,20,15,7,58,72,23,23,14,54,40,42,29,51,16,10,19,13,36,8,14,21,14,42,17,22,24,66,27,13,29,34,79,39,13,17,8,12,7,7,13,14,5,17,12,7,14,18,9,28,27,39,30,21,10,18,25,50,15,20,12,10,19,22,14,19,18,22,25,25,37,44,42,17,15,16,19,10,10,8,4,45,22,54,18,27,36,26,14,24,47,31,36,27,23,25,17,34,7,24,29,69,15,31,30,14,11,11,16,9,9,13,4,16,12,22,25,11,23,26,14,11,16,5,21,27,41,,18,18,24,,23,24,41,33,19,24,31,11,9,17,16,28,9,7,16,35,15,10,28,44,24,17,10,10,12,13,9,19,16,9,37,10,14,14,19,23,28,14,17,18,23,10,18,22,30,18,16,14,9,6,6,44,4,16,14,13,8,10,14,8,10,25,37,25,33,22,19,23,31,15,33,26,18,29,13,11,7,13,3,11,7,19,11,11,12,9,20,4,12,9,12,11,15,3,11,10,5,26,18,25,49,45,38,63,21,37,17,12,26,30,29,14,30,36,23,23,16,19,8,7,16,7,13,17,21,9,26,13,8,23,15,12,9,18,,6,18,20,27,11,27,13,14,13,32,26,12,21,,30,25,62,,6,4,25,8,7,4,13,10,16,26,16,16,10,10,15,14,16,13,,8,26,
20160913,12,NO2_24h,48,57,55,53,43,43,56,29,22,48,46,53,50,47,41,49,31,44,43,30,45,55,31,29,40,19,42,40,32,13,13,23,41,37,35,27,32,34,28,18,13,33,25,22,52,20,26,26,62,38,32,48,37,35,25,27,35,33,33,27,13,32,25,10,58,54,31,25,14,57,57,36,24,47,44,31,42,24,42,19,29,40,20,48,26,51,28,58,34,40,44,52,47,65,18,25,21,11,9,11,18,7,16,22,26,8,13,25,24,30,31,35,25,43,21,33,28,31,31,29,19,17,29,32,30,22,18,35,23,22,38,38,40,62,33,30,25,16,10,20,4,29,22,46,27,25,22,21,42,22,48,30,35,34,56,18,32,18,15,21,38,61,26,43,45,27,34,22,26,23,9,17,12,36,34,31,33,30,33,47,22,21,35,13,28,30,45,,20,27,23,,20,29,48,32,32,32,36,34,25,22,40,24,22,10,28,39,18,19,31,32,30,22,31,14,12,17,7,17,10,11,32,20,17,16,27,32,29,24,24,16,50,21,23,26,28,18,38,13,13,10,17,22,9,23,25,20,11,15,21,10,19,32,21,27,34,21,19,28,31,21,30,30,32,58,22,22,14,29,8,25,17,35,25,20,21,27,22,13,13,16,19,19,18,10,22,19,12,35,17,21,24,26,38,62,21,29,16,9,29,24,28,15,23,30,20,38,17,15,17,7,22,9,15,24,38,15,25,14,10,24,10,10,11,20,,7,31,36,20,22,35,20,22,19,44,37,11,21,,22,26,28,,4,14,20,4,7,10,17,19,28,41,18,22,12,11,25,11,21,12,,38,27,
20160913,12,O3,69,126,131,142,91,104,134,93,79,141,192,169,74,64,91,77,110,70,54,132,191,151,150,127,111,163,173,157,162,162,155,149,133,145,143,58,140,193,139,103,138,59,100,71,167,79,99,114,89,138,68,160,142,96,90,65,105,107,99,119,79,126,85,27,68,32,88,86,88,48,89,67,90,41,117,114,91,112,125,82,109,114,88,123,195,117,126,104,127,123,141,112,55,112,116,142,102,123,86,112,96,69,99,105,103,98,106,93,68,103,68,66,65,95,89,109,115,66,88,70,57,39,58,127,178,144,96,141,82,61,75,39,114,169,147,148,147,141,98,102,43,36,82,47,66,68,27,53,110,82,83,81,52,65,97,91,110,64,106,70,123,103,182,166,178,144,152,144,122,118,94,122,151,142,127,142,174,132,167,161,264,145,144,133,88,96,70,,86,140,89,,26,106,60,47,66,68,90,78,56,116,118,62,90,137,74,85,82,90,54,69,60,84,80,76,59,42,21,31,11,26,62,53,31,64,143,124,135,129,158,96,154,177,172,165,53,110,79,86,91,95,104,29,117,119,83,167,97,119,141,133,155,70,93,113,77,83,81,122,88,161,82,111,200,103,152,167,145,191,77,126,120,151,122,122,104,117,141,76,77,83,108,117,71,102,61,94,63,101,101,82,35,37,58,57,97,40,50,20,64,72,82,65,104,74,66,93,87,59,108,98,79,66,77,103,65,66,48,79,48,30,74,64,85,25,70,62,66,86,15,114,61,125,95,116,73,87,95,77,,68,100,26,,56,102,103,14,95,100,95,93,95,90,45,80,80,62,69,85,66,45,,65,68,
20160913,12,O3_24h,149,142,220,142,95,183,189,101,117,172,192,174,148,82,97,99,134,78,66,137,243,162,151,156,136,175,175,184,185,164,186,175,199,209,153,119,200,219,181,132,141,145,128,112,173,92,112,114,193,224,193,227,158,136,164,180,197,253,266,157,111,137,85,144,131,218,167,130,125,74,162,126,124,119,151,118,104,112,145,109,116,119,88,211,195,214,127,216,180,153,194,186,208,136,170,191,107,123,108,123,107,100,104,173,114,108,118,93,98,205,72,120,128,103,89,109,130,74,96,86,57,44,65,153,234,144,195,181,171,159,193,181,175,244,195,161,157,143,105,102,43,114,210,139,191,148,158,140,146,145,90,94,71,67,144,113,142,92,126,94,187,192,210,225,206,165,163,160,145,145,117,122,151,198,132,142,174,145,209,178,264,194,155,141,105,148,121,,107,179,184,,78,125,66,92,82,68,121,79,75,117,118,74,90,139,75,102,88,90,76,121,106,95,88,76,59,42,37,37,36,48,63,63,85,71,186,156,140,131,164,98,211,177,187,166,105,110,97,103,91,95,111,97,128,122,89,167,97,133,141,133,159,148,190,205,147,165,174,184,170,164,171,220,200,154,209,167,191,328,107,133,123,198,124,122,137,154,141,77,77,83,108,117,76,102,69,98,77,101,250,192,179,172,165,130,105,58,177,76,87,155,114,144,143,135,133,108,150,130,150,121,86,94,118,121,83,66,118,133,94,59,102,134,105,48,80,96,74,100,124,165,88,133,127,141,76,116,95,141,,94,125,124,,92,113,125,41,110,115,135,103,115,99,156,121,115,85,100,107,154,98,,100,125,
20160913,12,O3_8h,24,65,44,65,39,37,55,43,20,55,115,103,22,21,32,23,57,33,28,106,90,77,105,81,59,89,87,70,78,112,99,88,83,66,87,53,77,77,86,77,123,52,70,46,99,47,73,68,42,71,71,86,57,36,50,40,37,33,36,51,40,53,32,24,28,29,58,61,85,31,35,26,53,25,53,58,35,59,43,32,51,46,55,42,113,46,88,29,62,62,61,57,26,51,69,88,44,85,56,75,50,67,49,60,57,71,70,32,31,110,32,25,31,45,34,47,49,29,36,36,21,17,26,88,86,87,84,84,72,43,76,16,57,84,67,54,59,102,60,54,39,43,78,19,68,66,28,51,53,57,42,35,21,23,27,60,43,31,77,72,51,47,86,89,82,90,82,94,49,70,71,61,52,77,77,81,115,82,78,82,112,61,66,112,52,53,50,,52,61,63,,17,48,21,23,25,19,41,44,23,66,59,24,52,122,32,28,32,30,24,24,20,39,30,29,28,21,22,27,7,19,50,20,23,26,94,95,86,92,98,55,78,85,93,132,39,57,60,68,55,57,58,36,63,50,42,105,80,69,63,88,100,48,94,95,85,88,77,92,60,100,39,76,92,66,81,104,97,64,32,68,54,94,60,51,51,63,46,38,48,43,52,44,24,56,19,41,27,53,107,77,56,53,43,40,93,27,54,7,49,33,61,57,27,38,44,51,66,37,72,85,34,34,55,45,31,20,24,25,24,30,55,66,73,17,65,49,19,28,13,36,22,91,27,66,44,44,62,79,,37,54,9,,25,63,57,11,91,53,47,57,49,63,50,34,67,43,37,59,23,23,,34,19,
20160913,12,O3_8h_24h,46,65,77,69,39,39,55,53,20,55,115,108,26,23,37,23,63,33,28,116,90,77,105,81,65,98,87,70,80,112,106,88,93,66,87,65,77,77,86,82,123,53,74,46,102,66,84,68,42,80,127,86,64,40,57,72,51,62,61,51,41,53,32,25,43,47,59,69,92,37,35,37,62,28,53,58,35,61,43,40,51,46,75,46,135,71,88,29,75,62,74,76,100,51,69,96,45,90,58,90,50,78,49,60,57,77,70,32,37,121,42,28,31,45,34,47,49,29,36,36,21,29,26,91,99,87,108,84,133,45,91,38,60,84,78,54,59,102,60,54,39,81,106,23,69,75,75,60,57,87,42,35,21,26,27,82,104,45,84,77,59,47,88,97,82,90,82,101,49,70,82,61,52,77,77,81,115,82,78,82,112,61,66,112,52,69,73,,57,77,73,,27,52,25,23,25,19,67,44,36,71,85,24,52,126,34,28,32,30,24,24,20,39,30,29,33,21,31,31,9,27,50,20,23,26,116,105,91,102,121,56,81,86,99,139,46,58,77,83,55,57,58,36,86,50,42,105,81,70,63,88,107,62,125,99,91,88,85,92,79,100,73,101,92,66,81,104,97,74,32,70,54,94,60,51,51,63,46,38,48,43,58,44,24,56,19,41,27,55,132,98,78,83,47,49,95,29,86,8,67,56,69,80,27,39,57,51,66,56,76,98,34,34,77,46,31,20,25,46,24,37,71,84,73,17,74,54,19,28,45,36,22,98,27,102,48,57,67,79,,47,54,9,,38,63,57,11,101,58,48,57,67,63,118,34,74,44,37,76,49,23,,34,57,
20160913,12,CO,1.33,1.45,1.20,2.95,0.62,1.77,1.23,0.63,0.80,1.33,0.87,1.05,3.95,1.00,0.62,0.85,1.05,0.42,0.81,0.61,1.09,0.90,0.65,0.80,1.54,0.70,0.72,1.03,1.00,0.80,0.66,0.60,1.00,0.65,0.57,0.77,0.60,0.60,0.80,1.00,0.70,0.65,0.50,0.83,0.70,0.65,0.57,0.65,1.44,0.72,1.36,1.81,0.63,0.71,0.69,0.55,0.66,0.70,0.83,0.60,0.56,0.77,0.73,0.33,1.16,1.13,0.79,0.68,0.37,1.54,1.20,1.40,0.55,0.88,1.27,0.35,0.77,0.50,1.67,1.35,0.50,0.82,0.30,1.23,1.97,1.60,1.20,1.80,0.82,1.58,0.87,1.35,1.87,1.25,0.60,0.95,0.70,0.82,0.70,0.87,0.70,0.87,0.80,0.90,0.75,0.70,0.73,1.05,1.03,1.00,1.35,1.32,1.17,0.98,0.95,1.05,0.92,2.33,0.48,0.50,0.33,0.28,0.70,0.83,0.97,0.77,2.45,1.45,0.95,1.53,1.13,1.35,0.86,0.85,0.86,0.90,1.97,0.87,0.83,0.84,0.45,0.87,0.68,2.24,0.40,0.67,1.00,0.80,0.63,0.90,1.10,0.90,1.27,0.94,0.83,1.90,0.60,1.80,1.42,0.63,0.95,2.40,0.55,0.80,0.80,0.55,0.65,0.70,0.80,0.70,0.65,1.00,0.50,0.73,0.70,0.80,0.40,0.55,0.60,0.90,1.10,1.30,1.25,0.50,0.70,0.70,1.25,,0.45,0.65,1.45,,3.28,1.04,0.97,1.85,1.45,1.20,1.10,0.50,0.20,0.65,0.55,2.37,0.35,0.55,0.74,1.42,0.47,1.43,0.70,0.90,0.85,1.35,0.60,0.60,0.93,0.53,0.43,0.67,0.90,0.45,1.40,0.55,0.35,1.10,0.90,0.85,1.20,1.08,0.83,0.50,0.85,0.65,1.10,0.60,1.55,0.50,0.83,0.48,0.93,1.00,0.67,0.40,0.35,1.02,1.43,0.75,1.08,0.95,0.55,1.03,0.85,0.90,1.02,0.90,1.50,0.65,1.13,0.70,0.93,0.84,1.43,1.08,1.23,0.83,1.10,0.90,0.70,1.47,0.35,0.72,0.93,0.75,1.23,0.43,1.25,0.38,0.40,0.75,1.03,1.05,0.93,0.70,0.30,0.95,0.75,0.75,0.70,0.40,0.70,0.33,0.87,0.60,1.33,1.07,0.60,0.90,0.57,1.90,0.10,1.35,0.63,0.47,0.90,0.95,0.60,0.70,0.50,0.45,0.80,1.10,0.50,1.05,0.55,1.57,0.60,0.50,0.70,0.80,0.80,0.80,0.60,0.35,0.30,1.70,0.40,0.55,0.83,0.60,0.70,0.60,1.15,0.60,0.80,0.80,1.00,0.50,0.55,0.65,,1.10,0.90,2.00,,0.30,0.50,0.50,4.80,0.30,0.65,0.50,0.45,0.60,1.15,1.25,1.00,0.20,0.90,0.53,0.95,0.90,1.30,,0.65,0.70,
20160913,12,CO_24h,0.90,1.57,1.08,2.20,0.70,1.63,1.22,0.47,0.45,1.13,1.03,1.40,1.60,0.97,0.60,1.09,1.12,0.72,1.06,0.73,1.01,0.97,0.75,0.90,1.18,0.80,0.77,0.97,1.00,0.83,0.72,0.67,0.85,0.75,0.59,0.65,0.70,0.60,0.80,0.93,0.70,0.70,0.57,0.83,0.87,0.78,0.60,0.82,1.13,0.74,1.32,0.91,0.76,0.81,0.75,0.58,0.74,0.77,0.80,0.64,0.60,0.80,0.86,0.38,0.96,1.02,0.62,0.66,0.40,1.54,1.00,1.10,0.50,0.78,1.15,0.78,1.13,0.50,1.38,1.50,0.60,1.35,0.33,1.38,1.93,1.70,1.17,2.90,0.72,0.76,0.87,1.25,1.47,1.10,0.57,1.05,0.84,0.73,0.63,0.87,0.80,0.73,0.80,1.00,1.00,0.75,0.70,1.20,1.63,1.20,1.75,1.34,1.13,1.30,1.23,1.57,0.98,1.60,0.90,0.68,0.50,0.26,0.78,0.80,1.02,0.93,2.18,2.00,1.30,1.60,1.00,1.30,0.82,1.30,1.06,0.80,1.87,0.73,0.67,1.06,0.40,0.70,0.72,1.62,0.63,0.70,0.90,0.88,0.55,0.90,1.20,0.70,1.27,0.80,1.13,1.90,0.60,0.50,1.46,0.50,0.85,2.15,0.65,0.90,0.85,0.65,0.65,0.90,0.85,0.85,0.70,1.05,0.60,0.83,0.90,0.70,0.40,0.75,0.75,0.97,1.00,1.55,1.05,0.65,0.65,0.70,1.25,,0.40,0.57,1.10,,2.10,1.02,0.87,1.60,1.40,1.15,1.00,1.00,0.40,0.25,0.65,0.70,0.70,0.55,0.78,1.50,0.45,1.50,0.93,1.10,0.85,1.45,0.90,0.70,0.93,0.63,0.43,0.53,0.55,0.50,1.30,0.65,0.35,1.20,0.76,0.98,1.00,1.15,0.57,0.47,0.85,0.85,0.90,0.68,1.30,0.60,0.73,0.43,0.97,0.93,0.77,0.40,0.65,1.40,1.60,0.60,1.13,0.92,0.82,1.10,0.90,1.23,0.90,0.87,1.37,0.55,1.05,0.60,0.90,0.92,1.47,0.90,1.00,0.97,1.50,1.00,0.80,0.80,0.45,0.94,1.10,0.85,1.45,0.57,1.32,1.10,0.45,0.65,0.93,1.05,1.03,0.80,0.40,0.70,0.85,0.95,0.75,0.63,1.13,0.45,0.77,0.47,1.10,1.18,0.63,0.90,0.60,1.55,0.25,1.07,0.60,0.50,0.70,1.05,0.70,0.70,0.50,0.45,0.80,1.00,0.40,1.10,0.60,1.23,0.80,0.75,0.60,1.00,1.10,0.60,0.55,0.35,0.30,1.40,0.30,0.35,1.00,0.80,0.50,0.60,1.15,0.75,1.10,0.45,0.95,0.60,0.55,0.55,,1.05,0.70,1.70,,0.30,0.50,0.50,3.30,0.30,0.60,0.50,0.50,0.60,1.45,1.30,0.90,0.25,0.90,0.67,0.95,1.03,1.10,,0.85,0.60,
20160913,13,AQI,169,69,144,86,49,71,113,65,51,69,96,100,79,54,51,58,46,24,31,42,110,49,46,71,79,66,76,68,65,55,64,59,76,47,44,27,43,111,49,36,38,60,46,36,67,25,35,46,98,74,55,75,53,36,30,33,48,41,58,55,34,46,39,30,166,60,63,58,49,115,60,61,53,77,40,37,47,38,81,35,41,53,32,80,99,66,89,181,104,43,89,99,114,89,84,53,37,42,34,59,34,29,30,50,33,31,47,58,33,58,59,78,51,34,52,58,56,81,32,31,30,17,26,52,101,44,57,53,33,66,91,109,88,76,54,113,79,64,44,50,18,68,58,91,84,73,75,89,68,85,120,66,54,69,74,73,66,55,39,64,89,120,108,73,154,48,52,44,70,56,43,51,79,60,41,59,63,41,79,66,151,47,74,46,86,66,66,,59,83,109,,59,50,70,78,36,57,76,28,26,59,43,53,31,43,36,52,38,31,47,40,70,70,27,27,25,26,48,32,24,18,47,32,25,26,90,57,72,44,56,49,66,79,117,58,55,34,65,26,36,29,33,33,52,45,71,60,49,55,61,69,51,49,101,41,54,61,73,76,73,56,84,84,70,81,58,59,49,61,71,42,42,66,59,61,69,56,85,50,46,43,39,39,55,56,37,49,25,46,69,64,68,59,171,111,37,59,63,33,19,69,71,33,66,53,41,54,43,76,51,31,49,43,36,143,23,25,50,75,48,28,50,23,26,76,22,21,53,27,94,55,35,52,40,48,60,44,35,30,,40,36,50,,50,33,53,30,30,34,60,30,60,57,55,68,61,54,57,72,45,63,,25,55,
20160913,13,PM2.5,128,50,110,64,29,52,85,22,27,50,31,32,58,21,19,41,30,10,22,25,46,29,27,52,50,27,51,37,34,37,39,31,56,30,17,18,24,45,26,25,14,43,32,25,47,9,12,24,73,47,39,39,37,23,18,14,33,20,37,38,14,28,25,8,126,43,45,32,14,87,38,38,27,30,22,22,21,12,60,16,16,28,15,59,74,48,66,137,78,25,65,74,86,66,62,27,20,15,16,42,15,17,17,32,19,20,25,41,23,41,28,57,30,13,22,41,40,60,19,13,18,4,14,35,29,29,36,30,15,29,68,82,65,50,38,85,58,46,24,35,8,49,41,66,62,53,46,66,49,63,91,44,38,50,54,37,25,39,12,27,66,91,54,53,118,27,32,23,38,24,30,29,26,26,24,42,34,22,37,48,41,25,54,32,64,48,48,,42,61,73,,38,29,37,45,16,38,30,18,18,24,16,30,4,19,18,36,18,8,21,27,31,41,7,17,9,10,22,22,9,9,18,11,14,3,67,32,36,26,16,20,48,33,74,36,36,6,47,11,14,13,11,22,25,26,52,32,34,39,42,50,31,34,76,24,38,44,53,56,53,40,62,62,51,60,32,38,34,39,52,19,27,48,31,44,50,20,62,35,23,26,27,27,39,40,14,34,15,17,50,46,49,42,130,84,19,42,34,3,13,50,52,21,34,36,29,38,29,30,36,22,27,30,21,109,10,7,35,55,26,12,35,7,10,23,10,10,29,12,70,39,24,26,8,16,43,25,24,13,,18,7,9,,28,7,17,16,7,11,27,12,23,24,19,31,44,4,24,19,29,37,,10,16,
20160913,13,PM2.5_24h,65,58,100,65,30,46,89,21,17,50,42,31,48,29,19,54,32,32,31,36,48,41,42,49,40,41,54,54,45,46,44,35,55,42,21,21,32,36,39,31,15,47,40,32,50,11,15,27,70,51,59,38,42,23,17,17,31,26,35,27,14,28,23,14,74,52,44,34,11,73,37,29,21,28,42,35,27,14,81,23,22,31,15,66,58,68,63,100,68,38,67,79,83,68,48,35,23,16,22,32,13,15,23,34,26,10,20,34,35,69,24,40,23,20,24,71,32,35,30,24,22,7,17,35,51,36,25,50,42,62,64,53,48,72,57,59,42,37,12,30,4,43,57,52,112,70,39,89,55,53,71,35,27,37,92,11,21,23,13,27,65,86,56,54,68,37,41,24,38,40,31,34,32,42,45,46,40,41,45,56,39,57,49,46,58,46,40,,42,44,46,,23,27,32,32,18,41,35,42,32,23,25,23,7,27,28,54,23,10,27,27,25,28,15,34,7,11,16,14,9,11,20,14,10,5,56,37,35,28,16,17,47,41,55,38,19,15,50,15,12,12,14,11,24,54,40,35,31,37,48,36,38,44,54,54,36,45,50,56,41,38,64,61,35,56,55,40,35,58,50,46,53,45,43,45,48,45,43,29,21,25,18,21,44,33,18,30,18,22,75,63,34,55,87,99,23,54,47,11,18,38,52,34,19,43,32,42,29,18,36,21,27,30,36,92,34,17,38,48,34,15,18,10,11,39,23,11,46,19,50,44,23,28,18,19,50,35,16,27,,18,11,32,,18,12,19,7,8,18,31,21,25,21,17,29,42,15,35,37,29,33,,20,32,
20160913,13,PM10,134,58,167,91,49,84,141,80,52,70,50,83,92,58,51,63,46,23,29,31,95,45,43,90,108,36,71,73,63,60,77,68,78,43,32,27,36,64,43,35,22,42,46,36,83,13,27,46,136,97,45,83,54,32,29,33,45,34,66,60,34,45,39,30,170,67,64,66,49,120,69,72,55,103,38,33,47,20,95,35,27,56,32,94,111,,92,163,136,43,127,82,138,109,58,55,37,35,34,61,20,29,30,50,30,27,47,40,25,52,68,83,52,34,53,59,57,80,28,31,30,17,26,53,63,37,64,35,30,81,88,104,103,89,52,121,76,66,44,46,18,80,56,131,84,65,99,98,68,86,140,81,49,70,76,95,81,50,39,78,93,176,85,77,181,37,53,34,90,61,40,52,26,69,34,56,76,41,77,73,63,30,72,40,107,66,69,,,109,167,,67,50,90,105,36,63,101,28,22,68,19,56,5,33,36,53,38,12,47,40,89,89,22,27,21,26,48,32,24,18,47,32,25,7,99,64,93,44,32,49,60,74,,44,60,9,60,22,36,22,18,33,53,45,68,49,47,60,71,63,52,45,75,41,55,67,77,79,86,62,90,107,75,93,63,56,,72,76,37,42,82,68,61,87,62,120,44,46,43,35,38,58,58,37,47,25,46,66,62,71,63,194,142,37,55,76,33,18,82,92,33,82,56,,58,43,101,38,26,49,21,36,170,19,25,42,68,48,28,29,13,20,101,10,14,55,20,86,56,35,54,40,48,53,44,35,29,,40,36,50,,50,17,56,30,28,27,70,24,70,63,59,85,71,57,64,93,45,76,,22,59,
20160913,13,PM10_24h,112,84,160,98,55,79,148,56,40,89,67,76,79,76,45,93,53,57,51,44,93,67,65,81,76,58,75,87,74,68,80,73,80,58,36,32,48,56,57,56,25,58,55,49,100,29,26,62,141,101,90,97,66,36,28,33,47,42,63,42,26,49,41,28,111,82,69,57,36,112,84,63,38,76,74,59,73,24,126,45,35,55,24,133,98,131,81,177,128,67,119,117,120,109,55,69,42,28,32,49,31,29,34,49,41,27,33,66,53,113,52,65,39,53,53,98,57,57,48,44,58,18,33,54,88,60,55,78,78,122,101,77,93,138,76,99,69,50,27,49,13,65,78,103,95,94,71,128,104,78,105,58,33,56,109,49,52,31,44,68,91,159,79,76,117,58,65,38,76,80,59,51,50,83,60,62,79,67,82,90,59,73,67,55,86,62,66,,66,86,104,,56,47,88,53,33,60,99,77,77,54,39,44,22,37,54,85,42,19,60,40,52,55,41,60,16,38,47,26,21,17,38,44,24,14,87,56,66,49,31,30,70,79,57,54,47,25,62,26,25,23,28,26,44,75,62,56,45,53,83,51,59,69,79,83,71,99,101,96,101,63,95,110,57,106,91,61,57,100,84,79,83,78,74,68,96,79,83,49,32,38,31,30,73,55,40,43,29,54,94,84,49,78,138,153,45,68,86,23,27,58,90,49,60,67,40,61,45,51,66,40,43,37,46,151,55,35,44,58,49,31,15,21,17,121,25,18,72,47,67,66,67,54,31,50,67,62,25,53,,44,40,51,,33,29,54,19,19,26,50,33,70,64,54,72,70,48,108,167,79,56,,50,82,
20160913,13,SO2,5,11,38,32,13,16,23,20,21,10,21,18,53,33,17,17,13,6,9,10,18,10,12,30,40,14,14,21,19,13,12,18,15,10,10,4,7,15,7,7,9,9,7,9,11,5,7,3,31,17,10,21,16,9,6,8,9,6,15,11,5,14,11,4,20,11,6,15,4,18,8,40,52,15,29,9,20,7,28,12,15,57,8,21,59,23,38,43,53,15,28,31,20,28,9,22,9,13,11,14,6,9,5,10,8,9,11,19,11,13,48,20,36,22,10,29,36,45,15,8,7,3,11,15,15,21,15,14,12,14,11,29,19,23,15,37,9,14,9,13,3,13,13,105,14,7,16,9,7,14,21,21,7,14,20,45,8,73,5,10,27,29,21,40,20,12,19,11,18,14,14,11,13,11,10,13,6,15,19,16,14,12,16,11,6,8,13,,3,18,21,,29,16,34,100,27,33,48,5,8,31,25,15,4,9,20,39,7,19,14,29,6,10,1,8,6,4,3,12,7,3,6,23,9,11,19,12,22,10,27,26,15,10,24,12,22,17,17,5,10,11,5,5,5,28,19,37,22,15,32,11,10,18,11,9,26,16,8,13,15,18,24,10,17,21,8,12,11,11,10,11,15,22,10,14,11,9,6,4,8,12,14,11,17,16,21,10,8,22,26,22,46,8,20,9,25,7,8,12,25,76,24,13,15,22,2,10,10,5,11,8,10,12,17,46,16,6,9,30,7,9,2,7,9,26,,4,14,7,29,28,10,10,16,8,11,9,6,6,,13,8,26,,13,10,10,5,11,7,5,3,4,15,8,29,4,3,7,4,20,9,,12,25,
20160913,13,SO2_24h,2,12,24,51,11,22,31,16,8,7,27,14,33,32,12,17,8,8,9,12,19,13,22,25,35,6,15,26,24,15,15,17,23,15,12,6,8,14,14,8,11,14,13,4,15,6,9,8,22,18,13,17,16,9,7,12,11,11,15,12,6,14,14,4,14,19,8,17,4,17,8,30,15,13,22,11,23,6,17,14,21,40,8,22,33,34,40,33,33,16,29,44,23,17,11,20,11,10,12,16,6,9,8,11,14,6,8,46,23,25,29,15,28,30,17,12,19,17,23,9,4,4,14,14,16,27,12,29,17,15,19,24,13,27,35,24,6,15,8,23,3,9,16,46,18,12,11,11,10,20,14,9,7,9,13,99,11,27,5,7,25,31,16,15,20,21,9,10,25,13,12,10,7,12,17,17,8,19,24,22,15,17,11,15,4,11,17,,3,19,19,,22,35,44,66,28,32,86,8,8,14,18,7,9,10,42,21,8,22,8,22,9,10,2,7,5,5,3,12,5,7,6,20,9,12,17,17,16,17,28,25,19,11,29,15,30,13,29,7,12,11,9,6,8,36,32,56,28,30,31,19,18,22,14,16,18,26,11,9,28,18,17,12,28,28,12,11,13,18,9,19,27,31,23,18,21,18,6,11,7,16,13,13,16,15,14,9,8,17,30,21,18,7,13,9,26,7,7,12,29,37,21,17,18,18,2,5,13,5,19,8,11,15,16,53,20,5,9,13,11,9,7,5,8,26,,4,9,9,21,6,24,14,12,10,11,9,5,8,,15,13,17,,8,12,12,6,11,8,7,3,3,4,9,26,4,2,8,9,16,8,,16,15,
20160913,13,NO2,50,24,41,32,23,27,27,29,26,16,24,18,33,23,25,41,20,19,26,18,26,31,9,29,36,7,21,21,15,7,4,10,27,20,17,28,14,15,12,21,9,26,13,21,24,12,12,10,38,26,56,31,17,16,18,23,19,16,23,16,7,14,10,7,48,74,23,24,10,50,30,28,20,55,12,9,14,10,27,6,14,17,16,29,23,19,17,47,25,14,28,31,57,34,8,15,7,12,7,8,10,7,4,13,11,6,12,17,10,23,23,27,23,16,9,39,23,50,14,14,12,9,17,13,14,14,16,19,18,24,33,45,39,16,11,20,11,10,9,7,3,44,22,36,15,22,34,21,12,18,33,26,42,27,15,14,13,21,9,14,27,54,13,28,26,15,11,11,11,9,7,9,4,17,13,17,22,11,23,20,13,7,14,4,21,23,46,,13,14,20,,21,12,27,21,12,18,21,9,10,15,14,19,9,7,12,29,12,7,20,22,14,21,8,9,12,9,7,17,13,7,50,9,13,12,19,19,23,14,14,15,15,10,10,21,21,20,14,14,6,5,5,47,4,14,10,10,7,6,12,6,10,26,35,25,40,21,16,20,26,13,29,23,8,27,10,9,5,11,3,8,5,16,9,11,10,7,12,3,13,14,9,9,11,3,10,9,4,24,18,24,57,40,39,55,22,35,45,13,22,25,24,15,10,24,17,24,14,14,7,5,15,3,16,9,21,3,24,11,7,22,26,3,8,12,,8,12,19,22,13,14,12,9,8,26,22,12,12,,24,21,59,,7,5,18,7,7,3,10,7,16,22,6,12,8,7,14,11,13,8,,5,20,
20160913,13,NO2_24h,50,57,55,53,43,41,57,30,22,48,46,52,50,47,41,49,31,43,43,31,45,55,31,30,41,19,42,40,31,13,13,23,42,37,34,27,32,34,28,18,13,33,25,23,52,20,26,27,62,38,33,48,37,35,25,27,35,33,33,27,13,33,25,9,59,53,31,25,14,57,57,36,24,48,43,31,41,24,42,18,29,40,20,48,27,50,27,59,34,39,44,52,48,66,18,25,21,11,9,11,18,7,15,22,25,8,13,26,24,30,31,35,25,42,21,33,27,32,31,29,19,17,29,32,30,22,18,34,23,22,38,39,40,61,33,31,25,16,10,20,4,29,22,46,26,25,22,22,42,22,48,30,36,34,56,18,33,18,15,21,39,63,26,43,45,27,34,21,26,23,9,17,12,36,34,31,33,30,33,47,23,20,36,13,29,30,45,,20,27,23,,20,29,48,32,32,30,36,34,25,22,40,24,22,10,28,39,18,19,32,31,30,22,30,14,12,17,7,17,10,11,32,20,17,16,28,32,29,23,24,16,49,21,23,26,28,18,38,13,13,10,16,24,9,23,25,20,11,14,21,10,19,32,21,28,34,21,19,28,32,20,30,29,32,58,21,22,14,29,8,25,17,35,25,20,21,27,22,13,13,16,19,19,18,10,22,19,12,34,18,21,25,27,39,64,21,29,17,9,29,24,28,15,23,31,19,38,17,15,17,7,22,9,15,24,37,14,26,14,10,23,11,10,11,17,,7,30,35,20,22,36,19,22,19,43,37,11,21,,22,26,29,,4,14,20,4,7,10,17,19,28,41,18,22,11,11,25,11,21,12,,38,27,
20160913,13,O3,88,125,178,153,106,134,164,106,109,166,197,200,120,92,107,85,117,77,56,135,220,157,146,128,142,173,181,174,172,124,158,155,151,151,141,63,138,221,158,82,121,82,99,72,172,79,113,114,120,159,79,180,162,115,97,70,154,130,160,148,87,146,93,31,98,35,89,103,98,70,102,92,125,49,128,118,107,121,152,84,132,134,99,147,199,139,142,147,143,127,158,123,83,123,114,157,104,133,76,117,109,87,87,129,106,100,110,108,72,101,78,89,84,110,100,100,132,85,101,81,59,50,67,137,201,140,112,162,104,67,88,52,136,181,152,183,167,148,114,106,45,42,84,77,75,69,34,66,122,90,113,97,74,82,139,95,125,89,100,81,145,118,215,161,209,153,161,141,140,121,100,137,183,154,131,142,170,108,183,168,302,150,165,137,95,95,64,,107,167,128,,31,125,76,61,86,79,110,80,69,138,136,77,100,137,82,99,89,98,61,96,81,89,85,81,81,51,26,33,12,37,52,56,40,83,163,141,156,131,165,91,160,183,234,166,81,109,72,82,95,94,106,24,125,123,91,168,95,127,143,131,157,90,100,124,74,104,90,129,110,155,100,130,165,121,166,167,146,162,95,134,121,159,129,127,113,133,146,74,83,88,122,120,87,104,79,97,68,111,105,85,32,47,68,70,99,57,59,22,56,102,83,62,145,91,79,99,82,91,122,92,82,63,76,112,72,58,48,95,69,27,86,72,84,32,71,67,94,86,40,128,73,128,118,133,92,100,96,95,,77,102,40,,66,104,113,22,95,108,118,97,101,91,61,87,83,73,82,103,83,73,,81,87,
20160913,13,O3_24h,149,141,220,153,107,184,189,106,120,176,197,200,148,93,107,102,134,80,67,140,245,163,151,156,150,175,181,186,187,164,186,175,199,209,153,119,200,221,181,132,141,145,128,112,180,92,120,115,193,224,193,224,164,137,164,180,201,253,266,157,112,146,93,144,131,218,167,130,125,81,162,126,127,119,151,120,107,121,157,109,135,134,99,211,200,214,142,216,181,161,194,186,208,137,128,198,109,136,108,123,111,100,104,173,114,109,121,108,97,205,78,120,128,112,100,112,141,87,101,87,59,50,69,155,234,144,195,181,171,159,153,181,175,244,195,183,167,148,114,107,45,111,210,139,191,147,158,138,146,145,113,97,76,82,139,113,142,93,126,94,187,192,215,225,211,165,163,160,145,145,117,137,183,198,132,142,174,145,209,178,302,194,165,140,105,148,121,,108,179,184,,78,131,76,92,91,79,121,80,75,138,136,77,100,139,82,108,91,98,76,121,101,99,88,81,81,51,36,37,31,53,63,62,85,83,186,156,156,133,165,98,211,183,234,168,105,110,97,103,95,95,111,95,131,124,93,169,97,139,148,133,159,148,190,205,147,167,174,184,170,164,171,220,200,154,209,167,191,289,107,135,124,199,129,127,135,154,146,77,83,89,122,120,87,104,79,101,77,112,250,192,179,172,165,130,105,58,173,76,87,155,114,144,145,135,133,108,148,130,150,121,84,91,118,121,83,66,118,133,94,52,99,134,105,48,80,96,94,98,124,165,88,133,127,141,92,116,96,141,,94,125,124,,92,113,125,41,110,115,135,103,115,99,156,121,115,85,100,107,154,98,,100,125,
20160913,13,O3_8h,34,77,64,78,51,84,68,54,33,74,129,117,36,32,44,33,67,42,34,112,112,94,115,87,68,104,106,90,97,119,109,100,94,83,99,53,91,104,102,77,123,55,74,52,111,53,78,78,55,86,69,104,74,49,58,45,54,47,53,67,48,69,42,25,37,27,63,66,86,35,48,34,63,28,66,69,48,69,61,39,65,61,61,58,124,61,98,46,74,74,77,72,32,65,76,99,56,93,58,85,63,69,57,68,66,76,78,45,38,106,39,34,40,57,45,57,62,38,47,44,27,21,33,93,104,96,86,97,72,46,78,21,68,100,82,75,76,110,68,63,40,46,79,27,69,65,28,53,63,60,51,45,29,33,43,66,57,38,80,72,67,60,105,102,106,102,96,102,66,83,74,74,72,90,88,94,127,91,97,100,148,78,84,119,58,60,51,,58,79,73,,19,61,30,29,34,29,50,51,28,75,67,33,60,125,41,39,42,41,31,35,28,46,40,38,36,26,23,28,8,21,51,27,26,34,104,101,94,98,110,61,92,102,114,137,44,64,64,71,61,64,67,35,76,63,52,116,83,77,78,98,112,55,92,98,84,90,78,101,69,112,47,85,108,76,97,115,107,80,42,80,66,107,73,64,63,77,62,45,55,50,63,57,34,65,28,52,34,63,107,78,48,49,46,45,95,30,55,9,50,41,63,57,45,48,51,56,70,43,79,85,42,37,57,56,38,27,27,35,30,30,57,66,75,19,64,52,30,38,16,51,30,95,40,72,52,52,66,81,,42,62,13,,30,69,66,13,91,61,56,63,57,65,49,40,68,47,42,62,30,31,,41,28,
20160913,13,O3_8h_24h,50,77,83,78,51,84,68,61,33,74,129,117,36,33,44,33,71,42,34,119,112,94,115,87,70,104,106,90,97,119,112,100,94,83,99,65,91,104,102,83,125,55,76,52,111,67,84,78,55,89,127,104,76,51,61,73,58,62,61,67,48,69,42,26,47,47,63,69,92,41,48,41,67,30,66,69,48,70,61,42,65,61,75,58,135,71,98,46,82,74,84,76,100,65,76,101,56,93,60,90,63,78,57,68,66,80,78,45,41,121,44,35,40,57,45,57,62,38,47,44,27,29,33,95,106,96,108,97,133,47,91,38,68,100,89,75,76,110,68,63,40,84,106,27,71,75,75,60,64,87,51,45,29,33,43,83,104,45,85,77,67,60,105,102,106,102,96,107,66,83,82,74,72,90,88,94,127,91,97,100,148,78,84,119,58,69,73,,60,81,74,,27,61,30,29,34,29,67,51,36,76,85,33,60,127,41,39,42,41,31,35,28,46,40,38,38,26,31,31,9,30,51,27,26,34,120,105,95,104,125,61,92,102,114,140,46,64,77,83,61,64,67,36,86,63,52,116,83,77,78,98,112,63,125,101,91,91,85,101,79,112,73,103,108,76,97,115,107,84,42,80,66,107,73,64,63,77,62,45,55,50,63,57,34,65,28,52,34,63,132,98,78,83,47,52,96,31,86,9,67,56,69,80,45,48,57,56,70,56,81,98,42,37,77,56,38,27,27,46,30,37,71,84,75,19,74,55,30,38,45,51,30,98,40,102,52,61,67,81,,50,62,13,,38,69,66,13,101,62,56,63,67,65,118,40,74,47,42,76,49,31,,41,57,
20160913,13,CO,1.32,1.40,1.28,2.13,0.58,2.63,1.08,0.53,0.98,1.13,0.80,0.95,2.05,0.86,0.63,0.73,1.01,0.41,0.80,0.63,0.99,0.83,0.63,0.90,1.48,0.70,0.69,0.90,0.97,0.73,0.62,0.67,0.85,0.64,0.54,0.72,0.60,0.70,0.90,0.93,0.73,0.65,0.50,0.83,0.77,0.60,0.60,0.65,1.10,0.65,1.39,1.06,0.58,0.70,0.67,0.55,0.65,0.67,0.80,0.64,0.54,0.73,0.71,0.30,1.16,1.23,0.58,0.66,0.28,1.48,0.93,0.95,0.50,0.85,0.68,0.33,0.75,0.42,1.42,1.35,0.53,0.88,0.30,1.02,2.13,1.50,1.10,1.40,0.84,1.42,0.90,1.15,1.40,1.30,0.57,0.95,0.68,0.78,0.63,0.80,0.80,0.83,0.70,0.85,0.85,0.65,0.70,1.05,1.03,0.97,1.30,1.06,1.13,0.97,0.88,1.68,1.00,2.83,0.46,0.42,0.33,0.28,0.66,0.97,1.05,0.61,2.38,1.10,0.70,1.53,1.07,1.40,0.90,0.80,0.80,1.00,1.93,0.80,0.80,0.84,0.45,0.90,0.64,2.28,0.43,0.60,0.95,0.74,0.48,0.80,1.05,0.87,1.20,0.91,0.73,1.50,0.80,1.13,1.44,0.57,1.00,2.20,0.60,0.60,0.80,0.65,0.65,0.70,0.80,0.75,0.60,0.95,0.45,0.83,0.70,0.77,0.30,0.50,0.60,0.93,1.00,1.30,1.30,0.50,0.80,0.75,1.25,,0.40,0.57,1.35,,2.96,0.92,0.57,1.70,1.40,1.10,0.77,0.47,0.20,0.50,0.60,1.07,0.50,0.55,0.68,1.38,0.40,1.38,0.60,0.80,0.50,1.30,0.60,0.55,0.93,0.50,0.37,0.57,0.80,0.40,1.40,0.45,0.25,1.10,0.86,0.80,1.25,1.07,1.07,0.47,0.75,0.60,1.00,0.55,1.45,0.50,0.80,0.48,0.90,0.90,0.63,0.50,0.30,0.95,1.23,0.45,1.05,0.88,0.42,0.93,0.80,0.93,1.10,0.93,1.87,0.60,1.07,0.70,0.90,0.78,1.43,1.08,0.83,0.83,1.10,0.90,0.63,0.70,0.45,0.66,0.82,0.68,1.15,0.40,1.18,0.40,0.50,0.77,1.03,1.00,0.93,0.70,0.25,0.90,0.70,0.70,0.70,0.53,0.70,0.33,0.93,0.50,1.40,1.02,0.60,0.85,0.63,1.85,,1.35,0.53,0.50,0.80,0.85,0.50,0.60,0.50,0.45,0.70,1.00,0.50,1.00,0.60,0.77,0.30,0.40,0.65,0.80,0.80,0.60,0.55,0.35,0.30,1.60,0.40,0.45,0.67,0.60,0.65,0.60,0.90,0.35,0.70,0.30,1.00,0.50,0.55,0.50,,0.90,0.80,1.70,,0.50,0.50,0.40,,0.30,0.60,0.50,0.45,0.50,1.00,1.30,0.90,0.15,0.80,0.40,0.85,0.83,1.10,,0.55,0.60,
20160913,13,CO_24h,0.94,1.59,1.07,2.22,0.70,1.65,1.22,0.50,0.47,1.13,1.03,1.35,1.65,0.96,0.60,1.09,1.11,0.72,1.05,0.74,1.01,0.99,0.77,0.90,1.22,0.80,0.77,0.97,1.00,0.83,0.72,0.67,0.85,0.75,0.59,0.65,0.70,0.60,0.80,0.93,0.70,0.70,0.60,0.87,0.84,0.78,0.57,0.82,1.16,0.75,1.32,0.91,0.74,0.82,0.75,0.58,0.74,0.77,0.80,0.64,0.58,0.80,0.84,0.38,0.98,1.00,0.63,0.66,0.40,1.53,1.00,1.10,0.45,0.80,1.12,0.78,1.10,0.50,1.35,1.50,0.60,1.35,0.33,1.38,1.97,1.70,1.13,2.90,0.72,0.80,0.90,1.25,1.47,1.10,0.57,1.05,0.84,0.73,0.65,0.90,0.80,0.73,0.85,1.00,1.00,0.80,0.70,1.20,1.63,1.20,1.75,1.32,1.13,1.28,1.23,1.53,0.97,1.65,0.90,0.68,0.50,0.26,0.78,0.83,1.05,0.91,2.20,1.95,1.20,1.57,1.00,1.30,0.82,1.25,1.06,0.80,1.87,0.73,0.67,1.06,0.40,0.67,0.72,1.62,0.63,0.67,0.90,0.90,0.55,0.90,1.20,0.70,1.27,0.81,1.10,1.85,0.60,0.53,1.46,0.50,0.85,2.20,0.60,0.90,0.85,0.65,0.65,0.85,0.85,0.85,0.70,1.05,0.60,0.87,0.90,0.73,0.40,0.75,0.75,0.93,1.00,1.55,1.05,0.65,0.70,0.70,1.25,,0.40,0.57,1.13,,2.16,1.02,0.87,1.63,1.40,1.10,1.00,1.00,0.40,0.25,0.65,0.70,0.70,0.55,0.78,1.48,0.45,1.50,0.93,1.10,0.85,1.45,0.90,0.70,0.93,0.63,0.40,0.53,0.55,0.50,1.30,0.65,0.35,1.20,0.78,0.98,1.00,1.15,0.60,0.50,0.80,0.85,0.90,0.68,1.30,0.60,0.73,0.43,0.97,0.93,0.77,0.40,0.65,1.43,1.57,0.60,1.13,0.92,0.82,1.10,0.95,1.23,0.90,0.87,1.40,0.57,1.05,0.60,0.90,0.92,1.47,0.90,1.00,0.93,1.50,1.00,0.80,0.80,0.45,0.94,1.10,0.85,1.43,0.57,1.30,1.08,0.45,0.68,0.93,1.05,1.03,0.80,0.40,0.70,0.85,0.95,0.75,0.60,1.13,0.42,0.80,0.47,1.13,1.18,0.63,0.90,0.60,1.60,0.25,1.07,0.60,0.50,0.75,1.05,0.70,0.70,0.50,0.45,0.80,1.00,0.40,1.10,0.60,1.23,0.75,0.75,0.60,1.00,1.05,0.60,0.55,0.35,0.30,1.35,0.40,0.35,0.97,0.80,0.50,0.60,1.15,0.75,1.10,0.45,0.95,0.60,0.55,0.55,,1.05,0.80,1.70,,0.30,0.50,0.50,3.30,0.30,0.60,0.50,0.50,0.55,1.45,1.40,1.00,0.25,0.90,0.67,0.95,1.03,1.10,,0.85,0.70,
20160913,14,AQI,153,65,144,91,47,69,115,54,59,90,102,90,96,47,44,70,44,25,30,42,118,48,44,74,78,76,71,71,64,70,63,63,68,44,41,26,42,115,49,43,39,59,50,39,66,25,39,40,82,65,56,69,59,41,31,31,90,49,78,53,34,51,36,20,150,68,63,56,34,101,57,54,50,75,40,38,41,40,91,35,44,51,26,91,110,76,88,151,100,36,90,86,58,93,74,52,33,42,30,61,33,32,29,45,36,31,39,56,33,56,57,68,51,36,40,63,56,60,37,29,32,19,24,66,106,51,56,58,32,66,99,109,79,96,51,118,69,64,49,49,15,71,60,79,83,71,59,88,69,75,99,64,55,70,75,55,51,33,34,56,100,104,109,103,112,49,69,42,77,55,39,51,48,58,42,51,60,53,93,73,157,49,78,43,106,61,63,,56,75,90,,54,44,55,75,33,54,70,25,25,58,43,49,31,43,32,58,37,31,39,34,64,58,28,38,28,24,40,29,22,15,46,27,19,26,89,57,71,44,65,33,56,78,118,54,58,31,70,26,30,29,33,43,38,69,73,64,44,52,57,63,51,44,111,46,56,68,71,81,67,59,81,84,64,79,55,55,62,62,66,41,41,63,45,58,63,41,76,46,37,46,39,35,58,59,37,49,23,56,75,55,76,65,176,111,32,47,69,29,23,64,58,30,65,43,31,53,47,76,44,33,34,40,33,96,25,25,51,78,47,30,47,24,26,80,22,25,43,33,84,63,29,46,39,44,63,35,36,33,,36,33,49,43,55,33,37,47,31,35,61,33,62,52,50,59,77,51,69,74,40,52,,28,63,
20160913,14,PM2.5,117,47,110,68,24,50,87,22,25,50,30,29,72,17,19,51,28,9,21,24,39,26,24,54,53,41,52,40,34,46,37,30,49,29,18,17,21,40,26,30,14,42,35,23,48,10,19,24,58,44,40,38,41,25,17,14,33,22,38,35,15,28,25,14,115,49,45,32,10,76,32,31,25,34,21,21,17,12,68,17,15,26,15,68,80,56,65,116,75,22,67,64,41,69,54,30,20,16,14,44,17,19,16,31,20,22,22,40,23,40,31,49,32,13,16,45,37,39,19,13,15,5,8,38,28,26,30,32,17,23,74,82,58,42,36,89,50,46,25,34,9,52,43,58,61,52,35,65,50,55,74,46,39,51,55,10,23,23,10,22,75,78,67,42,68,29,50,20,42,32,27,31,25,26,22,36,32,21,33,53,42,27,52,28,65,44,45,,40,54,67,,31,20,30,46,15,37,26,11,14,31,13,26,4,19,14,38,17,8,21,24,28,30,6,21,11,10,17,20,10,7,30,12,11,4,66,26,33,29,16,13,40,24,67,38,28,14,51,11,13,12,11,24,16,50,53,30,31,35,40,45,30,31,84,25,40,49,52,60,44,37,60,59,44,58,32,38,27,42,48,15,27,40,25,41,44,14,56,32,24,28,26,24,34,42,14,34,13,23,55,39,56,47,133,84,17,33,38,20,11,46,38,19,37,28,22,35,29,25,31,20,21,28,19,72,8,6,36,57,23,17,33,4,16,19,14,13,23,10,62,45,20,22,5,21,45,21,22,8,,15,19,8,8,18,5,10,33,10,9,20,11,24,24,17,32,43,18,24,17,22,36,,4,14,
20160913,14,PM2.5_24h,68,59,101,66,30,47,91,22,18,51,41,31,49,29,20,54,32,31,31,36,48,41,42,50,42,42,54,55,45,46,45,34,56,41,21,22,32,37,39,31,16,47,40,32,50,11,15,28,70,51,59,38,42,23,17,16,31,26,35,28,14,29,24,14,77,51,44,34,11,74,36,29,21,28,41,34,27,14,81,23,22,31,15,67,58,69,62,102,70,38,67,79,82,69,49,35,23,16,22,33,14,15,23,34,26,10,20,35,35,68,24,39,23,19,24,69,32,35,30,24,23,7,17,35,51,36,25,50,41,61,64,59,47,71,56,61,42,38,13,29,5,43,56,53,112,68,39,89,55,53,71,36,28,37,92,12,21,23,13,26,66,86,58,55,69,37,42,24,39,40,31,35,31,42,44,46,40,41,45,56,40,56,51,46,60,47,41,,43,45,48,,24,27,32,32,18,41,35,41,32,23,25,24,7,27,28,53,23,10,27,27,25,28,14,34,7,11,16,14,10,11,20,15,11,5,57,38,36,29,16,17,47,41,57,39,19,15,50,15,12,11,14,11,24,55,42,36,32,37,47,36,39,43,55,54,37,46,50,57,42,38,64,61,35,57,55,40,34,57,51,45,53,45,42,45,48,45,44,30,22,26,18,21,44,34,17,30,18,21,74,62,35,55,91,100,22,53,46,10,18,39,51,33,20,44,31,42,29,19,36,21,27,29,35,92,33,16,38,49,34,15,20,9,11,38,24,12,45,19,51,44,23,28,18,19,50,35,17,27,,19,11,31,10,18,12,20,8,8,18,31,21,25,21,17,30,43,16,36,36,29,34,,19,32,
20160913,14,PM10,,53,167,93,47,71,125,57,68,63,45,58,104,47,44,76,44,20,30,32,77,40,39,93,105,43,72,82,53,58,75,76,68,43,34,26,32,62,44,41,23,47,48,39,77,16,36,40,114,80,47,71,64,29,28,31,50,30,56,56,34,49,34,17,156,76,65,62,22,113,63,58,50,99,39,31,41,22,101,35,28,51,22,104,134,65,90,154,135,33,124,82,58,99,50,54,27,40,30,61,23,32,19,45,29,31,39,51,28,52,64,70,52,32,40,63,62,70,29,29,32,15,24,53,58,51,61,41,31,81,90,116,108,80,52,153,67,64,49,40,15,82,58,103,85,72,67,97,67,75,107,73,45,67,79,59,51,32,34,61,104,141,92,52,96,38,65,27,103,59,39,51,28,66,39,46,70,55,71,71,70,44,70,35,162,61,61,,47,88,128,,57,41,59,100,33,57,90,19,17,66,17,49,10,32,32,66,37,16,39,33,78,66,16,38,24,24,40,25,22,15,46,27,19,8,103,64,73,44,31,33,54,50,86,46,65,,64,14,27,23,25,43,33,38,54,47,44,54,63,54,51,43,104,36,60,65,77,95,83,57,87,117,71,89,59,56,73,67,73,39,41,76,45,62,75,27,101,37,37,46,36,27,66,53,37,41,18,61,69,56,85,71,197,132,32,43,88,25,11,74,66,30,79,43,,55,47,101,42,33,34,21,33,98,25,25,,59,47,30,31,13,14,109,,16,43,19,82,74,24,46,29,44,57,35,36,28,,36,23,49,43,59,17,35,37,31,21,71,21,74,53,50,67,103,52,87,97,40,54,,18,76,
20160913,14,PM10_24h,,85,162,99,55,77,150,57,41,90,67,75,80,76,46,94,53,55,51,44,94,67,65,83,79,58,76,88,74,68,81,73,80,57,37,33,47,57,56,55,26,58,56,50,100,29,26,63,142,101,89,95,66,37,28,33,47,41,63,42,26,50,42,27,115,79,69,58,35,111,84,63,39,76,72,58,72,24,126,44,36,56,24,135,100,131,82,181,130,66,119,118,120,111,55,69,42,28,33,50,31,29,34,50,41,26,33,67,53,111,52,63,40,52,53,95,58,59,48,44,57,18,32,54,88,60,55,77,74,122,99,98,93,136,75,102,68,52,28,47,13,64,77,105,95,91,70,126,105,79,104,58,33,56,108,50,53,32,44,67,93,160,81,77,95,58,66,37,78,80,58,52,50,82,60,62,79,67,84,91,61,73,69,54,91,62,66,,68,88,107,,56,47,88,55,32,60,100,75,73,54,39,44,21,37,54,85,42,19,60,39,53,57,40,61,16,37,47,26,21,17,37,44,24,14,89,57,67,49,32,31,70,79,59,54,48,24,62,26,25,23,28,28,44,75,63,57,45,54,82,51,60,68,81,82,70,98,100,98,101,63,94,110,58,107,90,61,57,99,84,78,81,78,73,68,96,78,82,49,32,39,31,30,73,56,40,43,29,52,93,84,50,77,143,155,43,66,84,23,26,59,89,48,61,67,39,61,45,52,66,40,42,37,45,150,53,35,45,58,50,31,16,20,17,122,25,18,69,46,67,65,67,54,32,50,66,61,26,52,,45,40,51,32,34,28,54,20,20,26,52,33,71,64,54,72,72,49,107,159,78,57,,49,84,
20160913,14,SO2,5,9,36,24,13,16,23,16,23,9,19,16,46,26,16,16,14,6,9,10,14,10,13,20,37,12,10,19,17,60,10,14,13,9,10,6,6,14,6,7,9,8,7,7,11,5,12,3,28,22,10,19,18,8,6,8,8,7,22,10,6,15,10,4,16,11,6,15,4,18,7,26,38,20,13,7,20,7,25,11,17,37,9,18,54,26,40,40,52,14,31,31,14,23,8,21,25,12,10,12,6,9,5,9,9,8,8,18,14,14,38,13,34,32,10,32,36,32,15,8,6,3,11,15,15,15,14,13,12,13,10,23,18,20,12,30,6,12,9,14,5,13,14,96,11,8,18,7,7,17,19,17,7,12,12,76,6,74,5,8,27,27,17,14,21,15,15,8,14,15,12,10,10,8,10,10,6,14,19,17,14,12,16,11,7,5,13,,3,15,19,,26,11,29,68,24,29,29,5,7,21,22,7,4,8,16,31,7,18,12,21,5,8,2,8,6,4,2,16,4,3,11,20,9,10,21,12,21,9,19,25,18,12,17,12,18,8,23,4,9,14,5,5,5,23,13,31,33,14,31,11,6,22,17,12,21,16,8,13,20,9,21,9,14,22,6,8,7,236,5,9,13,23,8,11,6,8,4,4,8,11,11,11,17,15,11,9,8,28,24,18,57,3,20,9,28,7,6,12,23,54,23,9,19,20,7,7,6,2,13,7,10,11,17,25,16,5,10,19,7,9,5,5,7,26,,4,13,8,60,26,6,12,11,7,11,9,6,5,,12,7,18,15,12,8,10,47,12,6,4,3,3,2,10,24,3,3,5,2,16,8,,10,19,
20160913,14,SO2_24h,2,12,25,51,11,21,32,14,9,7,26,14,34,32,12,18,9,8,9,12,19,13,22,25,36,7,15,27,24,16,15,17,23,14,12,6,8,14,14,8,11,14,13,5,15,6,9,8,23,18,13,17,16,9,7,11,11,11,16,11,6,14,14,4,14,18,8,18,4,17,8,30,16,13,22,11,22,6,17,14,20,40,7,22,35,30,41,35,34,16,28,44,22,17,10,20,12,11,12,16,6,9,8,11,14,6,8,46,23,24,29,15,29,31,17,13,19,18,23,9,4,4,14,14,16,26,12,28,17,15,18,22,14,27,35,24,6,15,8,22,3,9,16,48,18,12,11,11,10,21,13,10,7,9,13,101,11,26,5,7,25,31,16,15,20,22,9,10,25,13,12,10,7,12,17,17,8,18,24,21,15,17,12,15,4,11,17,,3,19,19,,22,35,45,67,27,31,86,8,8,14,18,8,8,10,42,21,8,22,9,21,9,10,2,7,5,5,3,12,5,7,6,20,9,12,17,18,16,17,28,25,19,11,29,15,31,13,28,7,12,11,9,6,8,36,32,56,29,31,32,20,18,21,14,16,18,26,11,9,28,17,17,11,28,28,11,11,12,27,9,19,27,31,23,18,20,18,6,11,7,16,13,13,15,15,14,9,8,17,29,20,19,6,14,9,26,7,7,12,29,37,21,17,19,18,2,5,13,5,19,8,11,15,16,49,20,5,9,13,11,9,7,5,8,26,,4,8,9,22,6,24,13,12,10,11,9,5,8,,15,13,17,13,8,12,12,7,11,8,7,3,3,4,9,26,4,2,8,9,16,8,,16,15,
20160913,14,NO2,39,19,37,27,19,25,19,25,24,15,27,17,42,15,19,51,18,20,27,19,21,32,9,24,33,6,19,21,15,6,3,10,23,21,20,32,13,17,11,33,9,22,17,18,24,13,12,11,24,21,52,25,12,14,21,20,14,15,20,14,9,18,12,8,36,76,23,26,8,44,23,24,14,45,11,10,13,7,27,7,14,16,16,27,22,19,15,45,20,13,24,24,27,23,6,13,6,13,7,6,10,5,4,12,12,7,9,11,11,19,17,20,14,16,8,40,25,40,14,15,12,9,20,22,16,11,14,19,20,23,34,39,31,16,10,15,7,8,9,6,3,39,22,27,12,24,30,14,11,20,32,20,29,24,12,13,7,15,8,14,20,56,14,17,27,16,13,12,14,9,6,10,4,19,13,19,22,11,23,30,13,7,14,5,21,25,50,,14,12,16,,16,9,22,9,9,12,15,8,7,12,10,16,7,7,11,25,10,8,16,17,14,18,11,8,13,15,5,17,12,7,44,9,9,12,20,20,19,14,14,15,14,10,12,21,15,18,14,13,5,6,6,57,3,13,8,9,7,5,12,6,9,24,30,15,40,17,14,19,24,9,22,20,6,28,9,5,5,9,3,8,5,14,8,10,7,6,10,4,12,13,9,7,8,2,12,8,3,19,15,23,66,28,32,43,24,23,29,10,17,20,21,14,3,19,20,20,11,7,8,5,12,2,16,6,22,3,13,7,6,23,14,4,7,12,,5,10,12,15,13,10,13,8,7,24,19,9,9,,20,19,51,7,5,3,15,8,6,4,9,10,15,21,3,8,7,10,13,8,10,7,,4,15,
20160913,14,NO2_24h,50,56,55,52,43,39,56,30,23,48,46,51,51,47,41,50,31,42,43,30,45,55,31,30,41,19,42,40,32,13,13,23,42,37,34,28,32,34,28,19,13,34,26,23,52,19,26,27,62,38,34,48,37,35,25,27,35,33,33,27,13,33,25,9,59,54,31,26,14,56,56,36,24,48,43,31,40,24,42,18,30,40,20,48,27,50,27,61,34,38,44,52,48,65,17,25,21,11,9,11,18,7,15,22,25,8,13,26,24,30,31,35,25,42,21,33,27,32,31,29,19,17,29,32,30,22,18,34,23,22,39,36,40,61,32,31,25,16,10,18,4,30,22,46,26,25,23,22,42,22,47,30,35,33,56,18,33,18,14,21,39,64,26,43,46,27,34,21,27,23,9,18,12,36,34,31,33,30,33,46,23,20,36,13,29,30,47,,20,27,23,,20,29,48,32,32,29,37,34,25,22,40,25,23,10,28,38,18,19,32,31,30,23,30,14,12,17,7,17,10,11,33,20,16,16,28,32,29,24,24,16,49,22,23,26,28,18,38,13,13,10,16,26,9,23,25,20,11,14,21,10,19,31,22,29,35,21,19,29,32,20,30,29,32,58,21,22,14,29,8,25,17,35,25,20,21,27,22,13,13,16,19,19,18,10,22,19,12,32,18,21,28,27,39,65,21,28,17,10,29,24,28,15,23,31,20,38,17,15,17,7,22,8,15,23,37,14,26,14,10,23,11,10,11,15,,7,29,35,19,22,36,19,22,19,43,37,11,21,,22,26,30,16,4,14,21,4,6,10,17,19,28,40,18,22,11,11,25,11,21,12,,37,27,
20160913,14,O3,137,132,199,169,115,131,175,116,126,192,203,192,125,110,113,113,113,79,64,134,235,154,142,150,156,181,170,177,171,176,155,158,155,142,132,58,133,230,158,65,124,94,95,75,166,80,125,129,147,162,95,175,167,131,100,82,192,156,182,148,96,161,94,32,119,46,83,92,110,98,116,105,138,83,128,123,119,127,169,93,140,150,84,188,220,147,144,160,154,115,164,135,108,135,122,156,105,134,70,120,106,99,93,139,115,95,95,121,72,119,89,92,100,116,103,104,146,107,118,83,60,60,64,173,212,135,128,166,102,78,89,72,164,197,151,202,155,151,124,102,39,53,81,102,78,67,56,71,125,94,132,117,111,99,146,101,139,95,109,89,170,117,217,205,224,158,171,134,143,126,96,140,153,158,134,134,152,134,194,158,313,157,182,136,106,92,61,,109,180,161,,39,140,83,73,97,91,119,81,81,139,138,75,100,138,83,105,94,99,75,104,90,119,89,83,89,59,36,34,16,44,66,57,49,83,167,148,177,129,172,89,164,182,236,163,99,98,82,82,97,92,104,13,121,120,101,171,93,123,141,128,153,101,109,148,76,88,102,133,127,167,120,140,171,134,163,164,154,168,106,131,120,160,128,128,124,132,149,74,84,94,126,112,95,107,96,95,72,129,103,97,24,57,76,89,103,75,94,35,74,122,75,72,138,99,65,102,76,89,125,97,79,57,70,106,71,51,61,99,76,29,87,76,82,41,70,79,110,104,80,140,76,132,124,140,100,113,100,105,,81,106,44,128,74,105,119,24,98,111,128,104,96,87,87,96,95,74,91,112,97,82,,90,113,
20160913,14,O3_24h,155,145,222,169,116,184,190,116,127,182,203,201,148,110,113,112,134,81,69,140,250,163,151,153,156,181,181,188,187,184,185,159,178,209,144,118,200,230,180,132,141,144,128,111,180,89,127,129,193,224,193,217,168,137,162,177,202,253,266,158,108,161,96,144,134,218,166,130,125,100,162,126,140,119,151,123,119,128,169,109,140,150,99,216,220,214,148,216,185,161,194,186,208,138,132,200,107,137,108,123,111,100,100,173,115,109,116,121,95,205,89,120,118,117,104,114,150,107,118,87,60,60,69,173,234,144,195,181,171,159,153,181,175,243,193,202,167,151,124,105,45,111,210,137,191,147,158,130,146,145,132,117,111,99,146,113,142,97,126,94,187,182,217,223,224,165,171,156,146,145,117,141,183,199,134,142,174,145,209,177,313,194,182,140,107,148,119,,109,180,184,,78,140,83,87,97,91,119,82,81,139,138,79,101,139,84,110,94,99,75,121,94,119,89,83,89,59,37,37,28,58,66,61,89,83,189,158,177,133,178,98,211,183,236,168,109,110,102,103,97,95,108,95,131,124,101,171,97,139,151,133,159,148,190,205,146,167,168,184,170,170,171,209,200,150,208,167,191,235,110,135,124,200,130,128,133,153,149,78,86,94,126,120,95,107,96,101,77,129,250,192,167,172,147,129,109,75,170,76,87,155,108,144,145,135,126,108,137,128,150,121,84,87,115,121,83,66,118,133,94,43,99,134,100,45,80,96,110,104,124,142,87,134,127,141,100,116,100,141,,92,125,124,128,92,109,120,41,110,115,135,104,114,99,156,121,115,85,100,112,154,98,,100,125,
20160913,14,O3_8h,54,91,87,97,64,90,83,67,48,89,145,131,51,45,58,45,76,52,41,118,137,111,126,97,81,120,125,110,115,132,119,113,105,99,110,54,103,132,117,77,123,59,80,59,123,58,87,90,72,101,70,121,92,64,67,50,76,66,74,82,58,87,52,26,49,27,68,69,89,43,62,46,76,35,79,80,61,80,81,46,81,78,67,81,139,79,109,66,90,83,95,86,43,78,84,110,68,101,61,92,75,72,65,81,77,80,83,59,44,105,49,44,50,68,57,68,78,50,61,51,34,28,39,106,125,105,90,110,73,51,79,43,83,120,98,98,91,116,77,70,40,45,80,37,70,64,32,56,74,64,64,57,42,44,61,71,72,46,84,73,87,74,126,119,129,116,112,113,83,97,77,88,88,106,101,106,137,103,118,117,187,96,104,124,66,67,53,,65,99,87,,22,76,40,36,45,40,62,58,37,85,80,42,69,127,50,51,52,52,39,48,39,56,51,48,47,32,24,29,9,24,52,33,31,42,116,108,105,104,124,68,108,120,136,143,52,70,68,74,68,71,76,30,88,76,63,130,86,87,92,107,124,64,93,103,84,90,80,107,81,126,58,94,125,86,114,127,118,99,52,92,78,119,85,78,76,91,78,52,59,57,75,70,45,76,39,62,41,75,106,82,41,47,50,51,96,37,58,13,54,52,65,58,63,57,55,61,72,50,85,86,50,41,59,70,46,32,33,46,37,29,60,66,78,22,65,57,44,52,24,67,39,99,55,80,61,62,71,84,,49,72,18,66,37,76,76,14,91,70,67,71,64,67,54,48,70,52,51,68,40,41,,47,42,
20160913,14,O3_8h_24h,57,91,93,97,64,95,83,70,48,89,145,131,51,45,58,45,79,52,41,122,137,111,126,97,81,120,125,110,115,132,119,113,105,99,110,65,103,132,117,83,126,59,80,59,123,69,88,90,72,102,127,121,92,64,68,74,76,66,74,82,58,87,52,26,55,47,68,71,94,48,62,46,76,37,79,80,61,80,81,47,81,78,75,81,141,79,109,66,93,83,96,86,100,78,84,110,68,101,62,93,75,78,65,81,77,83,83,59,45,121,49,44,50,68,57,68,78,50,61,51,34,31,40,108,125,105,108,110,133,51,91,50,83,120,99,98,91,116,77,70,40,84,106,37,72,75,75,62,74,87,64,57,42,44,61,86,104,47,87,78,87,74,126,119,129,116,112,113,83,97,82,88,88,106,101,106,137,103,118,117,187,96,104,124,66,69,73,,65,99,87,,27,76,40,36,45,40,67,58,37,85,86,42,69,128,50,51,52,52,39,48,39,56,51,48,47,32,31,32,9,33,52,33,31,42,131,111,105,106,132,68,108,120,136,143,52,70,77,83,68,71,76,36,90,76,63,130,86,87,92,107,124,66,125,104,91,91,85,107,84,126,74,105,125,86,114,127,118,99,52,92,78,119,85,78,76,91,78,52,59,57,75,70,45,76,39,62,41,75,132,98,78,83,50,58,97,37,86,13,67,58,70,80,63,57,57,61,72,56,85,98,50,41,77,70,46,32,33,46,37,37,71,84,78,22,74,58,44,52,45,67,39,100,55,102,61,66,71,84,,55,72,18,66,38,76,76,14,101,70,67,71,67,67,118,48,74,52,51,76,49,41,,47,57,
20160913,14,CO,1.20,1.25,1.12,1.52,0.60,1.40,0.95,0.40,0.90,1.10,0.73,0.95,1.70,0.76,0.63,0.78,0.96,0.42,0.76,0.64,0.82,0.81,0.60,1.00,1.48,0.70,0.58,0.83,0.90,0.80,0.62,0.67,0.80,0.63,0.53,0.77,0.55,0.70,0.70,0.93,0.73,0.60,0.50,0.80,0.73,0.60,0.63,0.62,0.81,1.05,1.36,0.87,0.56,0.68,0.67,0.55,0.62,0.67,0.70,0.60,0.56,0.63,0.70,0.30,1.00,1.22,0.57,0.66,0.23,1.42,0.85,0.90,0.45,0.83,0.53,0.28,0.75,0.40,1.52,1.35,0.47,0.78,0.27,1.10,1.97,1.50,1.03,1.30,0.82,0.58,0.83,1.05,0.83,1.10,0.53,0.95,0.66,0.77,0.58,0.80,0.75,0.73,0.70,0.70,0.70,0.60,0.70,1.00,1.03,0.93,1.23,1.00,1.05,0.90,0.83,1.82,0.92,2.40,0.56,0.40,0.33,0.28,0.64,1.13,0.95,0.50,2.32,1.15,0.80,1.43,1.00,1.23,0.88,0.80,0.78,1.00,1.80,0.77,0.80,0.90,0.45,0.83,0.66,1.84,0.40,0.60,0.85,0.68,0.50,0.85,0.95,0.80,1.13,0.89,0.67,1.35,0.70,0.77,1.42,0.50,0.95,1.85,0.65,0.75,0.85,0.75,0.70,0.70,0.90,0.70,0.60,1.00,0.40,0.83,0.70,0.67,0.30,0.55,0.60,0.97,0.95,1.25,1.30,0.50,0.70,0.70,1.35,,0.40,0.53,1.25,,2.30,0.86,0.47,1.50,1.40,0.75,0.60,0.43,0.20,0.40,0.50,0.53,0.45,0.45,0.64,1.27,0.38,1.35,0.53,0.80,0.55,1.35,0.60,0.50,1.00,0.53,0.37,0.53,0.70,0.40,1.40,0.50,0.25,1.10,0.90,0.75,1.20,1.08,0.97,0.47,0.70,0.65,0.90,0.53,1.45,0.50,0.80,0.48,0.80,0.93,0.63,0.70,0.33,0.85,1.00,0.42,1.02,0.88,0.60,0.90,0.80,0.87,1.27,0.73,1.70,0.60,1.02,0.65,0.90,0.72,1.40,1.08,0.80,0.83,1.00,0.80,0.60,0.73,0.30,0.64,0.80,0.60,1.07,0.38,1.13,0.42,0.40,0.77,1.03,1.00,0.90,0.65,0.20,0.90,0.60,0.70,0.60,0.63,0.73,0.30,1.07,0.43,1.30,0.90,0.60,0.70,0.50,1.80,,1.33,0.52,0.50,0.75,0.80,0.70,0.60,0.50,0.30,0.60,1.00,0.40,0.95,0.60,0.47,0.60,0.35,0.55,0.70,0.80,0.55,0.60,0.35,0.30,1.85,0.30,0.40,0.60,0.55,0.55,0.60,0.85,3.20,0.60,0.40,1.00,0.50,0.55,0.45,,0.90,0.70,1.40,0.60,0.40,0.50,0.40,0.90,0.20,0.60,0.40,0.40,0.45,1.05,1.50,0.80,0.15,0.80,0.43,0.70,0.83,1.00,,0.55,0.50,
20160913,14,CO_24h,0.95,1.60,1.07,2.20,0.70,1.65,1.22,0.47,0.50,1.13,0.97,1.35,1.70,0.94,0.62,1.09,1.11,0.71,1.04,0.74,1.02,0.99,0.75,0.90,1.26,0.80,0.80,0.97,1.00,0.83,0.72,0.67,0.85,0.75,0.59,0.65,0.70,0.60,0.80,0.97,0.70,0.70,0.60,0.87,0.86,0.75,0.57,0.82,1.16,0.76,1.31,0.93,0.76,0.82,0.75,0.58,0.72,0.77,0.80,0.64,0.58,0.80,0.84,0.38,1.00,1.00,0.64,0.66,0.38,1.52,0.97,1.10,0.45,0.80,1.10,0.77,1.05,0.50,1.38,1.50,0.60,1.35,0.33,1.40,2.00,1.70,1.13,2.90,0.74,0.80,0.87,1.30,1.50,1.15,0.60,1.05,0.84,0.73,0.65,0.90,0.80,0.73,0.80,1.00,1.00,0.75,0.70,1.20,1.63,1.20,1.72,1.28,1.13,1.27,1.20,1.52,0.97,1.70,0.90,0.68,0.47,0.26,0.76,0.83,1.02,0.89,2.22,1.95,1.20,1.57,1.00,1.23,0.82,1.25,1.04,0.80,1.87,0.73,0.70,1.02,0.40,0.67,0.72,1.64,0.63,0.67,0.90,0.90,0.55,0.90,1.15,0.70,1.27,0.81,1.10,1.85,0.70,0.53,1.46,0.50,0.90,2.25,0.60,0.85,0.85,0.65,0.65,0.85,0.85,0.85,0.70,1.05,0.60,0.87,0.90,0.73,0.40,0.75,0.75,0.93,1.00,1.55,1.10,0.65,0.70,0.70,1.25,,0.40,0.57,1.13,,2.18,1.02,0.83,1.65,1.40,1.05,1.00,1.00,0.40,0.25,0.70,0.73,0.70,0.55,0.78,1.48,0.45,1.50,0.93,1.10,0.85,1.50,0.90,0.70,0.93,0.63,0.40,0.57,0.60,0.47,1.30,0.65,0.35,1.20,0.78,0.98,1.05,1.13,0.60,0.50,0.80,0.85,0.90,0.68,1.30,0.60,0.73,0.43,0.97,0.93,0.77,0.40,0.60,1.40,1.57,0.60,1.10,0.92,0.82,1.10,0.95,1.23,0.90,0.87,1.40,0.57,1.05,0.60,0.90,0.90,1.47,0.92,1.00,0.97,1.50,1.00,0.77,0.80,0.45,0.94,1.07,0.85,1.43,0.57,1.27,1.05,0.45,0.68,0.93,1.05,1.03,0.80,0.40,0.75,0.85,0.95,0.75,0.60,1.10,0.42,0.80,0.47,1.17,1.18,0.63,0.90,0.60,1.65,0.25,1.07,0.60,0.50,0.75,1.05,0.70,0.70,0.50,0.40,0.80,1.00,0.40,1.10,0.60,1.20,0.75,0.70,0.60,1.00,1.05,0.60,0.55,0.35,0.30,1.40,0.40,0.35,0.93,0.80,0.50,0.60,1.15,0.80,1.10,0.35,0.95,0.60,0.55,0.55,,0.95,0.80,1.80,0.60,0.30,0.50,0.50,3.20,0.30,0.60,0.50,0.50,0.55,1.45,1.40,1.00,0.25,0.90,0.63,0.95,1.03,1.10,,0.85,0.70,
20160913,15,AQI,144,59,156,84,45,60,103,49,57,81,103,85,100,46,44,79,42,24,26,41,118,45,44,78,75,75,66,68,53,54,61,59,66,46,38,25,39,119,49,41,39,58,54,29,65,24,39,40,69,61,61,61,59,43,31,35,94,71,106,41,35,55,38,26,128,79,56,54,36,89,51,52,42,73,48,40,45,40,94,35,45,49,23,103,113,84,95,153,90,40,89,73,53,74,71,51,35,42,25,56,31,49,29,59,36,28,30,53,27,58,53,56,46,38,33,65,53,54,41,28,35,24,26,86,106,43,55,56,34,60,104,100,79,98,49,95,56,61,47,46,14,71,59,76,85,84,84,79,65,63,100,64,41,68,80,51,46,30,36,49,100,101,108,85,114,49,66,42,72,59,37,56,53,58,40,44,61,44,85,64,140,49,80,43,86,65,60,,54,71,91,,51,43,54,66,34,58,63,26,29,53,43,50,31,43,31,58,32,32,33,32,60,43,28,31,29,42,35,29,12,15,43,31,18,27,99,51,76,45,64,41,51,93,107,66,54,31,66,25,28,31,33,37,38,44,64,58,44,51,55,58,48,45,79,48,56,66,69,83,70,56,83,83,56,80,73,61,58,61,58,39,46,60,38,49,57,51,65,36,35,43,36,33,43,59,51,47,24,53,79,63,73,63,181,111,33,47,68,18,25,63,56,26,60,35,40,51,42,61,46,33,34,39,24,74,25,19,47,81,50,31,39,25,25,70,21,26,45,32,69,68,26,47,39,47,65,38,34,33,,36,34,40,41,47,32,37,49,31,34,59,37,66,55,45,36,71,51,58,85,37,46,,28,61,
20160913,15,PM2.5,110,42,119,62,28,43,77,17,24,45,35,26,75,16,16,58,26,10,18,24,34,25,23,57,48,43,48,42,32,38,37,27,48,31,20,16,24,36,25,29,14,41,38,18,45,17,21,22,50,42,44,26,42,25,18,15,33,25,46,28,15,32,25,18,97,58,40,30,13,66,27,29,19,43,23,22,18,9,70,17,15,23,14,77,85,62,71,117,67,28,66,53,37,54,52,30,20,17,12,40,21,23,16,31,21,16,21,37,19,41,23,40,32,17,12,47,30,35,20,12,16,4,14,36,26,25,36,34,21,19,78,75,57,37,34,71,36,44,33,32,4,52,42,55,63,62,31,58,47,45,75,46,25,49,59,8,9,13,13,21,75,76,67,50,67,32,48,21,44,31,25,34,22,23,25,31,30,23,32,46,36,30,56,29,43,47,43,,38,47,68,,29,22,24,48,16,28,15,8,20,28,11,21,4,17,14,35,15,8,20,20,24,24,3,20,12,11,11,20,8,9,24,9,9,6,74,31,32,27,30,29,33,32,58,37,32,9,48,11,13,13,11,26,23,31,46,28,29,33,39,41,25,26,58,27,40,48,50,61,45,34,61,54,33,59,33,39,21,42,40,13,30,33,21,34,38,14,47,25,24,28,22,23,30,42,14,33,12,35,58,44,53,45,137,84,17,33,38,11,8,45,40,16,32,22,28,32,26,14,32,23,16,27,15,54,8,8,33,60,22,14,27,6,10,16,14,10,20,10,50,49,18,19,5,16,46,21,24,5,,9,10,11,11,12,3,9,34,6,8,15,12,20,18,16,16,39,22,13,17,23,32,,8,17,
20160913,15,PM2.5_24h,71,59,103,66,30,48,92,22,18,52,42,31,51,29,20,54,32,30,30,36,49,41,42,51,43,43,55,56,46,46,45,35,57,40,21,22,32,37,39,31,16,47,41,32,51,11,15,28,70,51,58,37,42,24,17,16,31,26,36,28,14,29,24,14,79,50,44,34,11,74,36,29,21,29,41,34,26,14,82,23,22,31,15,69,60,70,64,107,71,37,66,79,82,70,50,35,23,16,23,34,14,16,23,35,27,9,19,36,35,66,24,39,23,20,24,66,32,36,30,24,23,7,17,35,51,35,26,49,39,60,65,61,48,70,55,62,42,39,14,30,5,43,56,54,112,67,38,89,56,54,72,36,27,38,90,11,21,23,13,26,68,87,59,55,69,37,42,23,39,40,31,35,30,42,44,46,40,41,45,55,40,56,52,46,61,47,41,,43,45,52,,24,28,33,33,17,40,35,41,32,24,24,24,7,27,29,52,23,10,27,26,25,28,14,34,8,11,16,15,10,11,21,15,10,5,58,38,37,29,17,18,47,42,57,39,20,15,51,15,12,12,14,12,24,54,42,36,32,37,47,37,39,43,56,54,37,46,50,59,42,37,63,61,35,58,54,39,33,56,51,45,52,45,42,45,48,44,44,31,22,26,19,22,43,35,17,31,18,21,75,62,36,55,95,101,22,51,44,11,17,40,51,32,21,44,31,42,29,18,37,22,27,29,34,90,32,16,39,49,33,15,20,9,10,38,24,12,43,19,51,44,24,28,18,20,50,35,17,27,,19,11,30,11,18,12,20,9,8,18,31,21,25,21,17,30,42,17,35,35,28,34,,19,32,
20160913,15,PM10,114,48,179,77,45,60,110,49,63,60,53,54,111,46,44,86,42,24,24,36,81,41,40,79,99,43,70,82,56,55,71,68,70,46,36,25,35,57,36,39,24,44,52,29,80,22,37,39,76,72,56,54,63,32,31,35,54,37,89,41,27,53,38,24,130,82,56,58,36,102,51,53,42,96,30,26,45,21,104,35,29,39,22,133,119,86,86,167,113,40,113,69,49,88,56,52,29,39,25,59,31,49,26,67,36,21,27,52,22,51,55,61,44,28,33,65,55,57,28,28,35,13,26,53,60,32,60,52,34,70,105,103,107,85,47,117,61,56,46,36,14,81,56,102,70,76,118,79,68,67,99,67,37,66,83,52,39,26,36,49,98,139,94,65,108,41,68,35,93,67,37,61,55,66,36,44,71,44,53,66,61,44,73,35,121,63,55,,44,74,112,,52,40,57,78,30,66,76,15,,55,17,50,9,27,31,65,32,17,33,26,69,43,16,31,24,42,35,28,12,14,43,31,18,7,101,52,74,45,39,26,51,61,76,46,58,30,59,17,26,31,22,36,31,42,50,46,44,51,60,45,48,45,83,46,46,60,75,85,90,52,84,115,59,97,53,49,28,68,65,28,46,69,38,48,63,51,79,31,35,43,26,24,42,49,52,41,12,55,66,75,83,63,192,126,33,41,85,18,11,71,60,26,69,35,35,52,42,72,45,28,34,21,24,69,22,19,,,50,31,20,18,16,89,,17,45,15,70,80,21,47,20,35,80,38,34,20,,36,16,40,25,47,12,23,39,22,17,68,25,81,60,45,36,91,52,66,120,37,44,,25,72,
20160913,15,PM10_24h,83,86,164,99,55,76,151,56,43,90,68,74,83,76,47,94,53,54,51,45,95,66,64,84,81,58,76,89,75,68,82,72,81,56,37,33,47,58,56,53,26,57,58,49,102,29,28,63,143,101,87,93,67,37,28,33,47,41,64,42,26,51,42,26,117,77,69,58,35,110,84,64,40,78,71,58,68,24,127,44,36,56,24,138,102,133,85,185,132,64,119,118,120,112,56,69,41,29,34,52,32,30,34,51,41,26,32,68,53,107,52,62,40,51,53,91,58,60,48,44,57,18,33,54,87,60,55,77,70,121,99,100,94,135,74,103,67,53,29,47,13,64,76,107,94,90,71,126,105,79,104,60,34,57,107,50,53,32,44,67,95,163,82,77,94,57,67,37,80,80,56,53,50,83,61,62,79,68,84,90,61,72,71,54,94,62,67,,67,87,107,,56,47,88,56,31,60,100,75,73,55,39,45,21,37,55,84,42,19,61,38,55,57,39,60,17,37,46,26,21,17,38,44,24,14,91,58,68,50,32,31,70,80,60,55,49,25,62,25,25,23,27,29,44,75,64,57,45,54,82,52,61,67,82,81,69,98,98,100,102,61,93,111,58,109,89,61,56,98,84,77,81,78,72,69,96,78,82,50,32,40,32,31,72,57,41,44,29,50,93,84,52,76,149,158,42,63,83,22,24,60,89,47,62,67,38,61,46,53,67,40,43,37,44,146,52,34,46,58,50,31,15,20,17,123,24,19,67,46,66,64,68,53,32,51,68,61,27,52,,46,40,51,32,35,28,54,20,20,26,54,32,71,64,54,72,73,50,107,153,75,58,,49,85,
20160913,15,SO2,4,7,42,22,11,11,19,15,16,8,19,13,35,25,14,18,9,6,10,11,12,9,13,19,46,10,9,17,14,11,9,12,12,8,11,6,6,12,6,6,9,6,37,3,10,5,13,3,23,14,11,13,16,7,7,9,8,9,14,9,6,10,10,4,15,12,6,15,4,14,6,21,17,21,13,6,25,8,24,12,15,23,6,23,38,25,48,35,43,14,30,20,13,7,8,23,8,10,10,19,5,9,5,7,9,7,8,16,9,22,26,10,26,28,9,24,37,23,15,8,5,3,12,14,13,14,12,14,12,13,11,23,15,18,14,23,6,11,9,19,4,13,11,80,11,7,21,7,12,14,19,16,7,10,10,109,6,32,5,7,28,28,17,13,20,14,12,10,13,12,13,15,38,6,10,12,10,15,17,18,11,11,13,11,4,5,12,,2,14,20,,22,10,27,35,23,28,29,6,7,14,18,7,5,8,15,21,6,18,12,20,5,6,2,8,6,6,3,12,5,3,13,22,8,11,19,13,15,8,18,23,14,12,16,12,17,9,22,4,12,13,5,6,5,20,10,30,14,12,24,10,6,19,23,16,14,14,8,14,19,7,11,8,13,26,6,4,6,8,5,7,12,52,6,11,7,6,5,3,7,11,9,9,11,14,10,8,8,32,23,19,54,2,25,8,27,7,4,11,29,41,20,8,19,19,5,3,5,3,12,7,10,11,20,14,20,8,18,15,8,11,7,5,9,26,,4,12,8,105,7,5,10,10,6,11,8,6,5,,12,7,14,14,11,7,9,5,13,6,4,3,3,2,13,21,4,3,5,2,14,8,,8,34,
20160913,15,SO2_24h,3,12,26,50,10,20,32,15,9,7,26,14,35,32,12,18,9,8,9,12,19,13,22,25,36,7,15,26,23,16,15,17,23,14,12,5,8,14,14,8,11,14,15,5,15,5,10,8,22,18,13,17,16,9,7,11,11,11,16,11,6,14,14,4,14,18,8,18,4,17,8,29,16,13,22,11,21,6,18,13,20,40,7,23,36,30,42,36,34,16,28,43,22,17,10,21,12,11,12,17,6,9,8,11,14,6,8,46,23,24,29,14,29,31,17,13,19,18,23,9,4,4,14,14,16,26,11,28,16,12,17,22,14,27,34,24,6,16,9,22,3,9,15,49,18,11,11,11,10,20,12,10,7,9,12,105,11,26,5,7,25,31,16,15,20,22,9,10,26,13,12,10,8,12,17,17,8,18,24,21,15,17,12,15,5,11,17,,3,19,19,,22,34,45,66,27,31,86,8,8,14,19,8,8,10,42,21,8,22,9,20,9,10,2,7,5,5,3,12,5,7,6,21,9,12,16,17,16,16,28,25,19,12,28,15,31,12,29,7,12,11,9,6,7,37,32,57,29,31,32,20,18,21,14,17,19,26,10,10,28,17,17,11,28,29,11,10,12,27,9,19,26,33,23,18,19,17,6,11,7,16,12,13,15,15,14,9,8,17,28,19,21,6,14,8,26,7,7,12,29,36,21,17,19,18,2,5,13,5,19,8,11,15,16,46,20,5,9,13,11,9,7,5,8,26,,4,8,9,24,5,24,14,12,10,11,9,5,8,,15,12,18,13,8,12,12,7,11,8,7,3,3,4,9,26,4,2,7,9,16,8,,15,16,
20160913,15,NO2,34,18,33,27,18,21,17,21,21,11,29,17,41,20,19,50,16,23,24,22,23,32,10,23,35,8,19,20,14,7,3,10,27,30,24,36,20,16,14,27,11,30,25,19,28,15,12,11,23,20,47,20,12,14,26,21,14,16,21,12,11,17,12,8,43,80,21,24,7,35,23,23,11,34,13,14,12,9,26,8,14,15,15,35,20,19,13,61,18,16,31,25,23,26,7,16,8,12,7,6,19,10,4,11,15,7,8,13,9,30,15,16,13,16,10,32,23,36,14,14,14,9,20,21,17,12,14,19,26,17,33,41,24,15,11,11,8,8,10,8,8,41,18,25,14,26,25,15,14,16,31,19,24,19,13,10,6,10,8,8,21,45,16,17,28,16,13,12,16,12,7,19,6,16,13,18,24,11,22,25,10,7,14,5,25,27,51,,13,11,19,,15,8,18,6,8,13,15,10,12,11,12,16,10,6,13,19,10,9,19,16,18,17,11,8,12,23,6,17,11,8,45,10,16,11,20,24,21,15,12,16,18,11,9,22,13,21,15,14,8,7,9,64,3,15,11,9,10,6,9,6,25,20,18,13,28,19,15,23,25,9,23,19,9,34,8,7,5,9,3,12,6,13,10,11,9,9,12,4,13,11,8,7,8,2,17,9,4,19,15,22,58,19,45,36,24,21,22,9,15,17,22,9,13,21,14,20,14,8,8,3,10,2,12,5,22,2,13,6,6,23,11,6,8,12,,5,10,11,13,13,11,9,8,6,26,17,11,12,,18,21,48,6,7,4,14,8,6,3,9,10,11,24,4,7,5,7,11,5,8,11,,2,15,
20160913,15,NO2_24h,51,57,55,51,42,36,56,30,24,48,46,50,52,46,41,50,32,42,42,31,46,55,31,30,42,19,42,40,32,13,13,23,42,37,34,29,32,34,28,20,13,34,26,24,51,19,26,27,62,38,35,48,37,35,25,27,35,32,33,27,13,33,25,9,60,56,32,26,14,56,56,36,24,49,43,31,41,23,43,18,30,40,19,49,28,49,27,63,34,38,45,52,48,65,17,25,21,11,9,12,18,7,15,22,26,8,13,26,24,30,30,35,25,41,20,31,27,33,31,29,19,17,29,32,30,21,18,34,24,22,38,38,40,60,32,31,25,15,10,18,4,30,22,46,26,26,23,22,42,22,47,29,34,33,54,18,33,18,15,21,39,66,26,43,46,27,34,21,27,23,9,18,12,36,34,31,33,30,33,45,23,20,36,13,29,31,48,,20,27,25,,20,29,48,31,31,27,37,34,25,22,40,25,23,10,29,37,18,19,33,30,29,23,30,14,12,18,7,17,10,11,33,19,17,16,28,32,29,23,24,16,49,22,22,26,28,18,38,13,13,10,16,28,9,23,25,20,11,14,21,10,20,31,23,29,35,21,19,29,32,20,30,29,32,58,21,21,14,29,8,25,17,35,24,20,21,27,22,13,13,16,19,19,18,10,22,19,12,31,18,22,29,28,41,65,21,27,17,10,28,24,28,15,24,31,20,37,17,15,17,7,21,8,15,23,37,14,26,14,10,23,11,10,11,15,,7,28,34,18,22,36,18,22,19,42,37,11,21,,22,26,32,16,4,13,21,5,6,10,17,19,28,40,18,22,11,12,25,11,21,12,,37,28,
20160913,15,O3,154,137,227,173,114,144,178,115,140,185,206,188,140,105,122,140,116,72,70,130,235,143,140,156,118,180,161,174,155,160,162,152,148,116,120,54,124,237,156,76,126,88,85,74,167,74,124,128,153,151,113,169,158,136,99,90,195,177,212,132,111,164,95,35,139,55,89,85,116,122,126,115,129,109,155,128,125,128,182,99,145,156,73,184,222,155,178,150,164,114,148,136,121,111,122,157,113,133,68,122,86,113,93,136,111,90,87,120,68,125,93,95,116,121,101,102,151,111,131,85,59,78,58,189,212,139,138,165,100,83,94,77,175,198,150,165,146,146,133,100,40,60,91,111,77,58,88,70,126,102,140,134,131,121,158,104,147,96,115,94,178,132,216,188,228,157,169,133,139,125,98,119,141,152,129,133,104,134,188,147,280,156,184,137,103,89,69,,118,177,164,,46,137,90,83,108,91,120,83,80,129,138,76,99,137,83,116,95,103,77,103,96,128,91,86,93,59,40,35,23,48,51,56,49,85,159,158,181,140,171,94,157,194,214,173,117,98,89,80,89,90,105,8,121,122,116,166,95,133,138,127,135,107,143,155,93,78,110,131,130,165,127,151,165,152,178,169,166,169,102,125,112,153,122,130,127,134,147,77,83,96,114,107,98,107,91,97,77,128,104,97,55,75,68,105,92,84,108,46,79,132,73,81,130,95,64,103,58,97,124,97,73,54,71,85,81,48,64,99,84,31,94,79,79,38,68,84,117,102,102,150,78,140,125,150,103,122,105,107,,82,108,48,131,72,102,119,25,99,108,133,119,102,86,102,98,98,73,92,110,103,76,,91,125,
20160913,15,O3_24h,162,145,228,173,119,185,189,117,140,186,206,201,150,116,122,133,132,81,72,140,250,158,151,156,157,181,181,188,185,181,174,158,161,204,144,114,199,237,179,132,141,143,128,111,182,84,127,132,183,216,193,208,168,143,157,172,204,253,266,154,111,168,99,144,146,206,163,130,121,122,155,126,140,121,160,128,125,129,182,109,148,156,99,212,224,155,178,216,184,156,191,186,208,138,132,201,114,140,108,123,111,113,100,173,119,106,112,122,93,205,95,115,118,122,106,118,154,118,131,86,61,80,70,189,234,145,195,179,171,158,153,181,178,228,193,202,167,151,133,107,45,111,210,137,191,145,158,129,141,139,140,134,131,121,158,113,147,99,126,95,187,173,217,214,228,165,171,154,146,145,103,141,183,158,134,142,174,140,209,170,313,194,184,140,108,148,117,,118,181,194,,78,141,90,83,108,92,121,83,81,139,138,79,102,139,84,123,97,103,77,104,96,128,91,86,94,65,40,39,29,62,66,60,89,85,187,159,185,140,183,99,199,194,236,176,123,110,109,97,97,96,108,80,131,125,116,171,97,145,151,133,159,148,189,205,144,167,150,184,163,172,171,199,200,156,208,169,191,233,106,135,123,200,130,130,133,153,149,79,86,96,126,120,98,107,96,101,79,133,246,190,146,155,146,128,109,84,161,76,91,155,108,134,145,134,124,103,134,125,143,115,84,83,115,121,86,66,118,126,94,43,98,134,100,44,80,95,117,105,124,150,81,140,127,150,103,122,105,140,,92,125,124,131,92,109,120,35,110,114,136,119,111,99,156,121,115,85,100,112,154,98,,100,125,
20160913,15,O3_8h,72,106,114,117,77,102,102,79,65,111,161,145,68,58,73,60,86,60,48,124,162,126,136,110,89,138,143,129,132,143,131,128,115,112,120,55,114,162,131,78,125,63,83,65,136,65,97,102,90,117,75,137,110,80,75,58,100,87,99,95,70,104,63,28,65,30,74,72,92,55,73,58,87,45,96,93,72,92,102,55,97,97,73,102,158,97,124,83,108,95,112,97,55,90,93,123,81,108,64,99,82,77,73,94,88,83,87,73,51,106,59,55,62,81,68,80,94,62,77,59,41,36,46,123,148,115,96,122,76,56,82,49,100,141,114,115,105,123,87,79,40,45,81,49,70,63,40,58,86,72,76,73,56,58,81,77,89,57,88,75,108,90,150,136,154,129,130,126,99,108,81,100,105,121,113,118,142,115,138,133,222,113,124,128,75,75,57,,73,118,105,,26,88,50,44,58,51,75,66,46,95,94,50,79,130,59,64,62,64,47,60,51,68,62,58,57,38,27,30,11,29,53,39,37,51,129,117,120,113,138,76,123,141,158,150,61,76,74,78,75,79,86,26,100,90,74,143,89,98,107,115,135,71,98,109,83,88,84,112,92,140,69,105,138,98,133,142,130,118,63,102,90,131,96,93,89,105,94,59,64,66,85,83,56,89,50,74,49,86,104,85,40,49,54,60,96,45,64,18,60,65,67,62,80,67,58,70,70,59,93,88,56,45,62,76,55,38,40,57,45,29,65,68,79,25,64,62,58,64,34,84,48,106,70,93,69,74,78,88,,56,81,24,82,43,84,86,16,92,80,80,80,72,71,60,56,76,56,59,73,51,48,,54,57,
20160913,15,O3_8h_24h,68,106,114,117,77,107,102,80,65,111,161,145,68,58,73,60,87,60,48,126,162,126,136,110,89,138,143,129,132,143,131,128,115,112,120,65,114,162,131,84,128,63,83,65,136,71,97,102,90,117,127,137,110,80,76,76,100,87,99,95,70,104,63,28,69,47,74,73,96,57,73,58,87,46,96,93,72,92,102,55,97,97,75,102,158,97,124,83,109,95,112,97,100,90,93,123,81,108,64,99,82,79,73,94,88,85,87,73,51,121,59,55,62,81,68,80,94,62,77,59,41,38,46,124,148,115,108,122,133,56,91,54,100,141,114,115,105,123,87,79,40,84,106,49,72,75,75,63,86,87,76,73,56,58,81,88,104,57,90,78,108,90,150,136,154,129,130,126,99,108,84,100,105,121,113,118,142,115,138,133,222,113,124,128,75,75,73,,73,118,105,,28,88,50,44,58,51,75,66,46,95,94,50,79,130,59,64,62,64,47,60,51,68,62,58,57,38,31,33,11,37,53,39,37,51,142,118,120,113,142,76,123,141,158,150,61,76,79,83,75,79,86,36,100,90,74,143,89,98,107,115,135,71,125,109,91,91,86,112,92,140,79,111,138,98,133,142,130,118,63,102,90,131,96,93,89,105,94,59,64,66,85,83,56,89,50,74,49,86,132,98,78,83,54,65,97,45,86,18,70,66,71,80,80,67,58,70,72,59,93,98,56,45,77,76,55,38,40,57,45,37,71,84,79,25,74,62,58,64,45,84,48,106,70,102,69,74,78,88,,59,81,24,82,43,84,86,16,101,80,80,80,72,71,120,56,77,56,59,76,54,48,,54,57,
20160913,15,CO,1.01,1.16,1.05,1.40,0.54,1.23,0.85,0.30,0.75,1.10,0.73,0.95,1.32,0.87,0.60,0.77,0.91,0.42,0.76,0.68,0.78,0.80,0.60,1.10,1.46,0.70,0.54,0.80,0.83,0.80,0.68,0.70,0.80,0.68,0.51,0.90,0.50,0.60,0.65,0.93,0.73,0.65,0.57,0.80,0.74,0.63,0.60,0.63,0.84,0.64,1.34,0.68,0.57,0.70,0.71,0.57,0.61,0.67,0.77,0.58,0.62,0.67,0.67,0.30,1.10,1.17,0.59,0.62,0.22,1.23,0.90,0.80,0.30,0.83,0.48,0.33,1.08,0.44,1.55,2.42,0.53,0.65,0.27,1.28,1.83,1.50,1.13,1.50,0.74,0.60,0.90,0.95,0.80,0.85,0.53,0.90,0.94,0.83,0.55,0.83,0.80,0.87,0.70,0.90,0.70,0.65,0.65,1.00,1.03,0.97,1.20,0.90,1.18,0.90,0.80,1.60,0.98,1.88,0.60,0.42,0.33,0.30,0.80,1.23,0.82,0.46,2.18,1.20,0.90,1.33,1.00,1.37,0.82,0.75,0.78,0.90,1.73,0.77,0.80,0.90,0.45,0.90,0.64,1.64,0.43,0.60,0.83,0.68,0.42,0.80,0.90,0.83,1.13,0.80,0.67,1.30,0.70,0.43,1.40,0.47,0.95,1.70,0.70,0.75,0.85,0.70,0.70,0.75,0.80,0.80,0.65,0.95,0.55,0.70,0.70,0.67,0.40,0.50,0.55,1.03,0.85,1.30,1.10,0.45,0.55,0.70,1.30,,0.40,0.47,1.33,,1.88,0.74,0.40,1.38,1.45,0.75,0.67,0.47,0.30,0.30,0.50,0.50,0.60,0.45,0.62,1.05,0.35,1.38,0.63,0.80,0.55,1.40,0.70,0.45,0.93,0.50,0.37,0.50,0.55,0.38,1.40,0.50,0.25,1.10,0.90,0.93,1.10,1.12,0.90,0.47,0.65,0.75,0.90,0.57,1.45,0.50,0.80,0.48,0.90,0.97,0.67,1.00,0.28,0.88,1.00,0.48,1.23,0.82,0.68,0.87,0.70,0.87,1.05,0.67,1.37,0.47,1.02,0.70,0.90,0.64,1.40,0.97,0.80,0.90,1.10,0.80,0.63,0.60,0.30,0.62,0.78,0.65,1.05,0.40,1.13,0.40,0.30,0.75,1.03,1.00,0.87,0.60,0.30,0.85,0.60,0.70,0.60,0.70,0.73,0.33,1.47,0.40,1.33,1.00,0.70,0.65,0.52,1.80,,1.23,0.50,0.45,0.80,0.80,0.50,0.60,0.50,0.35,0.50,0.90,0.40,0.90,0.50,0.30,0.60,0.30,0.50,0.70,0.80,0.55,0.65,0.35,0.30,1.20,0.30,0.35,0.60,0.55,0.50,0.60,0.90,0.35,0.60,0.45,1.05,0.45,0.55,0.50,,0.90,0.70,1.70,0.60,0.40,0.50,0.50,0.90,0.30,0.70,0.40,0.40,0.40,1.05,1.55,0.80,0.10,0.80,0.47,0.80,0.80,1.00,,0.55,0.60,
20160913,15,CO_24h,0.95,1.61,1.10,2.15,0.70,1.67,1.22,0.47,0.50,1.20,0.97,1.35,1.75,0.94,0.62,1.09,1.09,0.70,1.03,0.74,1.02,0.99,0.75,0.90,1.26,0.90,0.79,0.97,0.97,0.83,0.74,0.67,0.85,0.75,0.59,0.68,0.70,0.60,0.80,1.00,0.70,0.70,0.60,0.87,0.86,0.75,0.57,0.82,1.17,0.76,1.32,0.89,0.76,0.82,0.75,0.58,0.72,0.77,0.80,0.64,0.60,0.80,0.84,0.38,1.03,1.00,0.64,0.66,0.37,1.51,0.97,1.10,0.40,0.80,1.07,0.77,1.04,0.50,1.35,1.55,0.60,1.32,0.30,1.40,2.00,1.70,1.13,3.00,0.76,0.78,0.87,1.25,1.47,1.15,0.60,1.05,0.84,0.75,0.65,0.90,0.85,0.77,0.80,1.00,1.00,0.75,0.70,1.25,1.63,1.20,1.70,1.26,1.13,1.25,1.20,1.48,0.95,1.73,0.88,0.64,0.47,0.28,0.78,0.83,1.00,0.87,2.23,1.95,1.20,1.57,1.00,1.27,0.84,1.25,1.04,0.80,1.87,0.73,0.70,1.02,0.40,0.67,0.72,1.62,0.63,0.67,0.90,0.90,0.55,0.90,1.15,0.73,1.27,0.80,1.07,1.90,0.70,0.53,1.46,0.50,0.90,2.25,0.65,0.85,0.85,0.65,0.65,0.85,0.85,0.85,0.65,1.05,0.60,0.87,0.90,0.73,0.40,0.75,0.75,0.93,1.00,1.55,1.15,0.65,0.70,0.70,1.25,,0.40,0.57,1.17,,2.18,1.02,0.87,1.65,1.40,1.05,1.00,1.00,0.40,0.30,0.70,0.73,0.65,0.55,0.80,1.48,0.45,1.50,0.93,1.00,0.85,1.50,0.80,0.70,0.93,0.63,0.40,0.57,0.60,0.47,1.30,0.65,0.35,1.20,0.80,0.98,1.05,1.15,0.63,0.50,0.80,0.85,0.90,0.68,1.30,0.60,0.73,0.45,0.97,0.93,0.77,0.40,0.60,1.40,1.57,0.60,1.10,0.92,0.82,1.10,0.95,1.23,0.93,0.87,1.43,0.57,1.05,0.65,0.90,0.90,1.47,0.95,1.00,0.97,1.45,1.00,0.73,0.80,0.45,0.92,1.07,0.85,1.43,0.57,1.30,1.03,0.45,0.68,0.93,1.05,1.03,0.80,0.40,0.75,0.85,0.95,0.75,0.60,1.10,0.40,0.87,0.47,1.20,1.20,0.63,0.85,0.60,1.70,0.25,1.07,0.63,0.50,0.75,1.05,0.60,0.70,0.50,0.40,0.80,1.00,0.40,1.10,0.60,1.13,0.70,0.65,0.60,1.00,1.05,0.60,0.55,0.35,0.30,1.40,0.40,0.40,0.87,0.80,0.50,0.60,1.15,0.80,1.10,0.35,0.95,0.65,0.55,0.55,,1.00,0.80,1.90,0.60,0.30,0.50,0.50,3.10,0.30,0.60,0.50,0.50,0.55,1.45,1.40,1.00,0.25,0.90,0.67,0.95,1.03,1.10,,0.85,0.70,
20160913,16,AQI,130,55,133,91,47,56,99,42,60,83,107,89,109,45,40,70,40,26,29,38,115,42,44,80,68,50,60,63,54,54,64,56,63,47,36,26,37,117,44,37,37,50,47,31,85,23,43,41,61,61,61,50,57,42,33,35,78,101,114,37,39,63,37,26,141,84,53,45,35,88,55,45,36,74,76,40,39,40,99,36,44,63,24,111,108,83,113,164,89,47,86,79,43,55,58,53,34,45,28,53,34,44,30,48,47,40,32,49,29,66,52,51,48,39,28,55,54,54,40,28,51,24,28,95,104,45,55,59,43,57,95,103,73,71,44,81,53,58,52,52,15,68,58,70,100,88,72,76,64,58,91,61,42,63,80,44,49,27,37,37,110,84,108,80,109,47,58,44,65,53,51,56,55,54,38,50,57,50,80,60,135,54,74,43,72,56,53,,66,69,84,,45,42,50,64,37,62,62,26,29,41,44,46,31,43,35,46,30,32,33,32,39,38,28,36,33,26,40,27,14,16,40,34,25,27,95,55,95,53,61,31,46,95,109,90,50,36,68,25,26,26,33,47,35,47,60,50,43,46,53,55,48,47,65,50,56,69,78,90,83,51,84,76,49,83,84,51,70,96,52,39,47,59,35,47,58,44,61,36,36,44,35,36,55,64,41,43,23,47,75,59,58,56,189,111,30,49,61,19,26,54,54,25,56,37,30,53,90,45,46,27,30,37,23,56,57,19,41,61,43,27,29,28,25,79,31,26,45,32,65,69,24,45,40,49,99,39,41,34,,48,35,33,42,41,32,39,15,31,35,61,38,60,70,46,31,63,25,55,84,40,48,,30,66,
20160913,16,PM2.5,99,32,101,68,28,40,74,10,25,40,34,23,82,16,15,51,25,8,17,25,36,24,24,59,46,26,43,39,32,38,41,24,45,32,19,15,26,30,25,26,17,35,33,16,47,9,19,22,43,39,44,24,38,25,18,16,32,32,49,25,16,30,24,18,108,62,37,28,20,65,26,23,18,39,34,24,14,10,57,18,14,23,13,84,75,61,85,125,66,30,64,58,30,36,41,36,20,18,15,37,24,24,21,24,21,28,20,34,20,48,27,32,30,15,10,39,31,34,20,12,20,6,12,38,26,25,39,34,28,24,71,77,46,39,28,60,37,41,31,32,4,49,41,45,75,65,35,56,46,41,68,44,14,45,59,15,9,7,17,21,83,62,67,51,82,30,41,23,37,33,35,31,22,23,23,35,28,23,32,35,35,35,50,23,39,40,37,,40,39,62,,20,19,18,46,24,20,15,9,20,6,17,20,4,17,13,25,12,9,18,17,23,24,3,21,9,12,13,19,10,9,28,9,13,2,71,39,33,28,16,7,31,41,57,40,30,15,49,12,13,14,12,26,16,33,43,26,30,31,37,39,23,33,47,35,40,50,57,67,52,27,62,53,24,61,35,36,20,42,34,15,28,33,24,28,41,12,44,25,25,29,23,25,33,46,14,30,13,25,55,42,41,40,142,84,20,34,34,7,12,37,29,15,36,22,21,34,34,11,30,19,9,26,14,40,7,9,29,44,20,12,20,8,11,18,22,10,18,10,47,50,16,17,5,9,74,22,28,4,,8,7,8,6,15,7,6,5,4,7,19,12,22,12,17,12,44,11,15,22,24,29,,6,16,
20160913,16,PM2.5_24h,74,60,102,67,31,48,92,22,19,52,42,31,53,29,20,54,32,29,30,36,49,41,42,52,43,43,55,55,46,45,46,34,58,40,21,22,31,38,39,31,16,47,42,32,51,11,15,28,70,50,58,36,41,24,17,16,31,26,37,28,14,30,24,14,82,50,44,34,11,74,36,29,21,29,40,34,25,14,82,22,23,31,15,71,61,70,66,111,71,37,66,79,81,69,50,35,23,15,23,35,14,16,23,34,27,17,19,39,34,65,24,38,24,19,23,65,33,37,30,24,23,7,17,35,50,35,26,49,38,59,65,64,48,69,54,63,42,40,14,30,5,43,56,54,113,67,37,89,56,54,73,37,26,39,94,12,21,23,13,26,69,88,59,56,70,37,42,24,40,40,31,36,29,42,44,46,40,41,46,55,40,57,53,45,61,47,41,,44,46,54,,24,28,33,33,17,38,35,41,31,18,25,24,7,27,29,51,23,10,27,26,25,28,14,33,8,11,16,15,10,11,21,15,10,5,59,39,38,29,17,19,47,43,58,40,21,14,51,15,12,12,14,13,24,53,42,36,32,37,46,38,39,43,56,55,37,47,52,62,43,37,62,61,35,59,53,39,33,56,51,44,51,45,41,45,48,43,44,31,23,26,19,22,43,38,17,31,19,20,75,62,36,54,100,102,21,50,44,11,17,40,51,32,22,44,30,42,29,19,37,22,27,29,33,88,31,16,39,49,33,14,19,9,10,38,24,12,42,18,50,44,24,28,19,20,51,35,18,27,,19,11,30,11,18,12,20,9,8,18,31,20,25,21,17,30,43,17,35,33,28,35,,19,33,
20160913,16,PM10,121,59,163,87,47,54,99,42,70,63,56,57,105,45,40,86,40,26,29,35,81,40,44,81,85,45,65,76,57,54,72,61,72,47,36,26,36,58,38,36,28,45,46,31,119,23,43,41,72,71,57,50,63,37,29,29,57,47,86,34,39,55,37,22,153,94,54,45,31,95,60,45,32,98,51,31,32,18,84,36,30,40,24,143,111,83,137,179,112,47,115,72,35,60,54,55,29,45,28,55,31,44,29,48,47,37,32,42,23,63,54,52,48,33,26,57,57,58,29,28,51,24,28,52,64,32,57,67,43,63,92,140,95,77,42,85,52,54,53,53,15,80,55,90,80,85,93,79,64,61,101,68,42,66,68,44,40,14,32,37,107,115,99,65,117,41,59,32,80,56,51,61,59,57,37,41,63,50,77,70,60,58,63,31,94,53,47,,82,72,112,,45,39,50,61,27,74,74,24,,41,24,46,11,33,35,46,27,21,33,23,39,38,16,36,33,26,40,26,9,11,35,34,25,11,94,52,61,50,44,31,46,64,71,57,50,35,64,20,26,26,28,47,33,46,53,50,41,46,56,39,48,46,62,50,52,64,83,105,116,45,82,102,44,97,51,52,28,66,53,36,47,68,27,47,61,29,68,35,35,44,30,27,60,57,41,43,23,47,67,66,66,62,204,121,30,42,72,19,26,57,57,25,61,37,25,56,46,45,46,27,30,21,17,43,21,19,33,50,43,27,19,17,23,108,,16,45,16,68,80,22,44,27,27,94,36,41,26,,48,23,33,25,41,11,16,15,23,21,72,28,70,89,46,31,76,25,59,118,40,48,,23,81,
20160913,16,PM10_24h,87,87,164,100,55,74,151,56,44,91,69,74,84,76,48,94,53,52,50,45,96,66,64,85,82,59,76,89,75,67,82,72,82,56,38,33,47,58,55,51,26,57,57,49,104,28,30,63,142,101,84,92,67,37,28,32,48,40,64,41,27,51,42,26,121,76,69,59,34,110,85,64,40,78,70,58,68,24,128,44,37,56,24,141,104,133,91,190,133,64,119,118,119,114,56,69,41,30,34,53,32,31,34,51,42,26,32,71,52,104,53,62,40,51,53,89,59,61,49,44,57,18,33,55,87,60,55,76,67,121,97,110,94,134,73,104,67,54,30,48,12,64,76,107,96,88,72,126,106,79,104,60,35,58,108,51,54,31,43,66,96,164,84,78,96,57,67,37,81,80,56,55,50,82,61,61,79,68,85,89,62,73,72,54,96,62,66,,68,87,108,,55,47,89,56,31,60,99,75,73,50,38,46,21,37,55,82,42,19,61,37,55,57,38,60,17,38,46,25,22,17,37,44,23,14,92,59,69,51,32,32,70,81,62,56,50,25,63,25,26,23,27,30,45,75,64,58,45,55,82,53,61,66,81,80,68,97,105,102,103,61,92,112,58,111,88,60,54,97,84,76,80,78,70,69,96,77,83,50,33,40,32,31,72,59,41,44,29,48,92,85,52,75,156,159,41,61,81,23,24,61,88,46,63,67,37,61,46,53,67,40,43,37,42,143,51,34,47,58,50,31,16,20,17,123,24,19,67,45,63,61,68,53,33,52,70,61,28,52,,47,40,52,33,36,27,55,21,20,26,56,32,72,67,54,71,74,50,108,143,72,58,,48,86,
20160913,16,SO2,5,7,34,27,11,9,16,14,12,6,19,13,22,22,13,18,9,7,10,11,13,8,13,18,21,3,8,16,13,10,15,12,12,8,11,6,7,11,133,6,9,6,9,3,10,5,12,4,21,13,11,22,14,7,8,10,7,12,14,31,6,10,11,4,14,12,5,16,4,12,5,14,6,19,14,6,23,7,22,12,13,19,5,19,30,24,47,36,39,13,24,22,11,6,8,44,9,9,11,17,6,10,5,6,9,8,8,21,10,33,21,9,31,32,11,17,32,19,14,8,4,3,11,17,12,14,18,14,14,12,15,18,14,16,12,18,6,11,9,21,3,12,10,57,12,6,12,7,3,17,17,17,7,8,10,78,5,16,5,7,28,26,15,10,19,15,10,8,13,16,11,11,110,6,10,11,7,14,16,15,10,10,12,11,4,5,12,,3,13,18,,20,8,23,24,25,27,21,6,7,12,20,5,20,7,13,16,5,18,21,20,3,6,1,7,6,6,2,12,5,3,5,19,10,11,17,17,16,10,22,27,10,9,23,11,16,12,21,5,8,15,9,6,5,19,12,30,11,10,26,8,53,19,20,13,12,15,10,13,20,6,20,9,12,27,8,4,8,7,3,8,12,17,6,7,7,5,5,6,6,11,10,9,16,7,9,7,7,31,26,19,27,119,31,9,23,8,4,12,31,20,21,7,18,11,4,4,427,4,12,8,9,12,16,10,198,8,10,12,8,10,5,4,8,26,,4,25,8,44,26,5,11,9,6,10,10,6,6,,11,6,12,16,9,10,9,5,11,6,5,4,3,2,11,21,4,3,5,2,9,9,,9,50,
20160913,16,SO2_24h,3,12,26,50,11,19,32,15,9,8,26,15,33,32,12,18,9,7,9,12,19,13,22,25,35,7,15,26,23,16,16,17,22,14,11,5,8,14,19,8,11,12,15,5,15,5,10,8,23,17,12,17,16,9,7,11,11,11,16,12,6,14,14,4,15,17,7,18,4,16,8,29,16,13,22,11,21,6,18,13,20,39,7,23,37,30,43,36,35,15,27,43,22,17,11,19,12,11,12,17,6,9,8,11,14,7,8,56,23,24,29,14,31,32,16,13,20,18,23,9,4,4,14,15,16,26,11,26,15,11,17,20,14,27,34,24,6,16,9,23,3,9,15,50,17,11,11,10,10,21,12,11,7,9,12,107,11,25,5,7,26,31,17,15,20,22,9,10,25,13,12,10,13,12,17,16,8,18,24,21,15,17,12,15,5,11,17,,3,19,17,,21,34,46,63,27,31,86,7,8,15,19,7,7,9,42,21,8,22,10,19,9,10,2,7,5,5,3,12,5,6,6,21,9,12,16,18,16,16,27,25,18,12,28,15,31,12,29,6,12,11,9,6,7,37,32,57,29,31,32,20,20,19,14,17,19,25,11,10,28,17,17,11,27,29,11,10,12,27,8,19,26,33,23,19,19,17,6,11,7,16,13,13,15,6,14,9,8,17,28,19,21,10,15,8,26,7,6,12,28,35,21,16,19,18,3,5,30,5,19,8,9,15,16,43,28,5,9,13,10,9,7,5,8,26,,4,9,8,25,6,24,14,12,10,11,10,6,8,,15,12,18,14,8,11,12,7,11,8,7,3,3,4,9,26,4,2,7,9,16,8,,14,17,
20160913,16,NO2,30,16,28,37,18,22,17,21,17,12,30,21,29,21,19,41,15,22,28,23,25,34,10,28,53,9,18,21,15,7,4,12,28,31,26,37,24,18,19,29,14,32,29,21,33,14,16,15,23,22,47,17,13,16,29,16,13,21,24,13,13,20,12,9,42,83,19,24,8,31,22,15,10,33,18,14,15,9,22,8,15,16,13,38,15,19,15,66,18,22,23,30,24,37,8,16,8,15,7,7,20,7,4,8,17,9,10,11,11,38,20,18,18,16,18,21,25,30,17,16,12,13,20,25,18,11,12,20,24,17,40,39,26,17,10,5,10,10,13,13,4,43,20,23,19,27,24,19,18,19,30,17,29,19,15,13,5,8,8,9,22,42,17,15,31,22,16,12,20,14,8,13,6,19,17,18,23,12,22,24,10,8,16,6,24,30,53,,20,11,20,,14,9,18,6,9,12,16,12,11,12,14,15,12,8,12,14,8,12,25,19,22,22,13,7,9,16,8,17,16,9,45,11,32,13,21,26,21,16,14,15,15,8,13,26,24,21,16,14,10,9,12,71,3,16,13,9,11,8,14,7,21,19,15,14,28,23,17,20,28,9,27,21,11,37,10,7,7,10,3,14,8,16,12,14,11,8,12,5,14,12,10,10,9,4,14,7,5,20,14,20,32,16,57,34,24,21,21,13,18,10,23,13,21,13,12,30,20,10,9,10,12,3,9,6,16,2,16,4,6,21,18,2,9,12,,5,9,10,14,16,10,9,9,8,24,10,12,13,,18,19,30,6,4,5,13,7,6,4,9,13,8,26,3,6,4,4,8,5,6,18,,2,17,
20160913,16,NO2_24h,49,57,55,50,42,35,56,30,24,48,47,50,53,46,41,50,32,41,41,31,46,55,31,31,42,20,42,40,32,13,13,23,42,38,35,30,32,34,28,21,13,34,27,24,52,19,26,27,62,38,37,42,37,34,25,28,35,32,32,27,13,33,24,9,61,58,32,26,14,54,55,36,24,49,43,31,41,23,43,17,30,39,19,50,28,48,27,66,35,38,45,53,48,65,17,25,21,12,9,12,19,7,15,22,26,9,13,27,24,31,30,35,25,41,21,31,27,33,31,28,19,17,29,33,30,21,17,34,24,22,38,40,39,60,32,31,25,15,11,18,4,31,22,46,26,26,23,22,42,23,46,29,34,32,58,18,32,18,15,21,39,67,26,43,47,27,34,21,27,23,9,18,12,36,34,30,33,31,33,45,23,20,36,13,29,31,48,,21,27,25,,20,29,47,30,31,26,37,34,25,23,40,25,24,10,29,36,18,19,33,30,30,23,30,14,12,12,7,17,10,10,33,19,17,16,28,32,29,23,23,16,49,22,22,27,28,19,38,14,13,9,16,30,9,23,25,20,11,14,20,10,20,31,23,28,36,22,19,32,33,20,30,30,32,58,21,21,14,29,8,25,17,36,24,20,21,26,22,13,13,16,19,19,18,6,22,19,12,29,19,21,30,27,43,65,21,27,17,10,28,23,28,15,24,31,19,37,18,15,17,7,21,8,15,22,36,14,26,13,10,23,12,10,11,13,,7,28,33,18,22,35,18,22,19,42,37,11,21,,22,26,33,16,4,13,21,5,6,10,17,19,28,40,18,22,11,12,25,11,21,12,,37,28,
20160913,16,O3,169,148,241,154,118,144,179,114,143,186,213,191,147,104,118,150,113,73,63,123,230,133,133,153,99,160,151,157,146,154,171,148,144,109,114,55,108,234,141,77,117,85,105,75,176,73,118,123,161,147,123,153,151,134,105,111,182,202,228,118,117,170,92,32,147,60,92,87,111,137,123,118,116,119,181,127,126,127,199,103,142,170,68,161,216,156,160,151,164,104,138,130,126,93,124,152,108,141,75,121,74,133,89,104,110,88,83,131,70,123,88,95,125,124,88,118,160,97,128,85,64,50,64,196,207,144,142,165,105,87,99,89,168,177,142,143,137,144,135,98,34,63,96,96,72,56,95,62,124,101,146,145,131,123,172,106,157,87,117,100,174,138,215,184,213,151,140,140,131,126,95,111,143,142,122,130,146,124,184,139,270,151,179,136,102,88,72,,116,175,154,,46,134,96,87,118,98,118,82,81,129,141,77,100,138,83,118,95,103,77,103,84,118,88,85,63,57,44,35,20,52,57,57,43,85,156,156,196,162,169,88,138,196,217,192,114,116,89,79,81,79,106,,111,124,121,154,97,142,139,125,132,117,149,143,97,75,134,143,126,161,122,162,158,162,187,161,176,197,101,126,113,154,112,127,129,140,146,77,80,96,113,105,99,111,78,94,72,120,111,98,52,100,69,109,89,87,105,58,83,118,69,78,115,91,73,90,68,105,118,85,57,53,75,70,62,44,61,82,87,25,93,88,79,48,63,84,113,102,122,151,78,145,127,157,90,124,109,109,,86,112,46,134,67,103,126,18,99,111,131,122,105,86,89,98,100,78,94,115,105,60,,97,124,
20160913,16,O3_24h,174,152,246,173,121,156,180,117,144,195,213,201,148,123,122,143,130,81,72,140,249,157,151,156,160,181,181,179,174,181,175,158,155,192,144,109,199,237,161,131,141,143,136,106,187,83,127,134,173,193,193,187,168,143,155,154,203,253,266,154,118,172,100,144,158,180,144,124,121,137,143,124,140,121,181,130,128,129,199,99,151,170,99,210,224,156,178,216,183,147,182,186,191,138,132,201,115,146,108,123,111,133,100,173,122,103,110,132,91,192,95,105,126,124,107,125,164,118,132,86,64,80,70,196,234,147,192,176,171,152,147,165,176,203,192,202,167,151,135,107,45,111,189,129,183,142,158,127,133,110,146,145,136,126,172,113,157,99,125,100,187,170,217,208,228,164,171,150,146,142,100,141,183,158,134,142,174,139,207,170,313,187,184,140,108,122,89,,119,181,170,,78,141,96,87,118,98,122,84,81,144,141,79,102,140,85,124,98,104,79,104,96,128,91,86,94,69,44,39,29,65,66,59,89,85,185,160,196,162,183,99,175,196,236,192,123,116,109,96,97,96,108,72,131,126,121,171,98,153,152,133,158,146,181,204,143,165,151,174,156,172,170,199,200,163,208,169,188,225,106,134,122,200,130,131,135,153,149,79,86,96,126,120,101,112,96,101,79,133,237,183,119,151,136,117,109,87,154,72,91,151,106,130,145,129,105,103,128,116,143,115,84,81,113,120,86,66,102,101,94,43,94,131,95,51,80,95,118,105,122,151,78,145,127,157,104,124,109,138,,92,119,48,134,92,109,126,31,109,113,136,122,109,99,158,121,115,85,100,115,154,98,,102,125,
20160913,16,O3_8h,92,122,142,133,91,114,122,92,83,134,176,161,86,70,86,76,96,67,54,127,184,137,142,125,96,152,155,145,146,149,142,140,126,122,126,55,120,190,138,79,125,67,89,69,149,70,104,111,107,130,83,145,127,95,83,68,122,111,125,108,82,122,73,29,82,36,81,78,95,69,85,72,97,58,115,106,88,104,126,65,112,114,76,121,177,114,134,101,125,104,125,107,69,98,101,133,92,117,70,106,86,86,81,102,97,87,89,94,58,108,68,65,75,93,78,92,111,72,91,67,49,41,51,139,168,125,106,135,82,64,86,57,116,157,129,130,119,132,98,89,40,47,83,60,70,63,47,59,98,79,89,89,71,73,104,87,108,66,94,78,127,105,173,152,172,140,143,136,114,117,87,109,120,133,121,126,148,121,156,145,245,127,144,134,84,82,61,,84,134,116,,30,102,61,53,71,63,86,73,56,110,109,58,88,134,66,77,72,75,56,72,60,80,72,68,63,48,29,31,12,33,54,46,41,60,141,127,135,125,150,82,133,160,180,161,73,86,78,81,81,85,94,24,110,103,84,153,92,111,121,122,141,81,107,117,84,87,100,118,99,151,82,117,149,111,149,153,143,141,74,113,101,142,106,108,101,120,111,66,69,76,95,94,68,100,59,82,57,98,105,88,40,55,59,70,96,53,70,25,65,78,70,66,89,76,62,79,71,68,102,90,62,49,67,79,62,43,46,66,53,28,72,71,80,30,64,66,71,77,49,102,57,114,85,108,77,87,85,94,,63,91,29,100,51,91,98,17,93,90,94,91,80,74,64,66,82,60,68,80,63,53,,64,73,
20160913,16,O3_8h_24h,84,122,142,133,91,118,122,92,83,134,176,161,86,70,86,76,96,67,54,129,184,137,142,125,96,152,155,145,146,149,142,140,126,122,126,65,120,190,138,84,128,67,89,69,149,74,104,111,107,130,127,145,127,95,83,79,122,111,125,108,82,122,73,29,84,47,81,78,97,69,85,72,97,59,115,106,88,104,126,65,112,114,76,121,177,114,134,101,125,104,125,107,100,98,101,133,92,117,70,106,86,86,81,102,97,88,89,94,58,121,68,65,75,93,78,92,111,72,91,67,49,41,52,140,168,125,110,135,133,64,92,58,116,157,129,130,119,132,98,89,40,84,106,60,73,75,75,64,98,87,89,89,71,73,104,93,108,66,94,80,127,105,173,152,172,140,143,136,114,117,88,109,120,133,121,126,148,121,156,145,245,127,144,134,84,82,73,,84,134,116,,30,102,61,53,71,63,86,73,56,110,109,58,88,134,66,77,72,75,56,72,60,80,72,68,63,48,31,34,12,41,54,46,41,60,152,127,135,125,152,82,133,160,180,161,73,86,82,84,81,85,94,36,110,103,84,153,92,111,121,122,141,81,125,117,91,91,100,118,99,151,84,117,149,111,149,153,143,141,74,113,101,142,106,108,101,120,111,66,69,76,95,94,68,100,59,82,57,98,132,98,78,83,59,74,97,53,86,25,72,78,73,80,89,76,62,79,72,68,102,98,62,49,77,80,62,43,46,66,53,37,74,85,80,30,74,66,71,77,49,102,57,114,85,108,77,87,85,94,,65,91,29,100,51,91,98,17,101,90,94,91,80,74,125,66,82,60,68,80,63,53,,64,73,
20160913,16,CO,0.90,1.20,0.83,1.40,0.60,1.07,0.77,0.30,1.43,0.97,0.77,0.95,0.67,0.81,0.60,0.74,0.92,0.46,0.71,0.66,0.84,0.80,0.57,1.10,1.40,0.60,0.50,0.73,0.77,0.70,0.68,0.73,0.80,0.70,0.54,0.77,0.60,0.60,1.00,0.93,0.73,0.65,0.73,0.80,0.72,0.63,0.57,0.68,0.86,0.61,1.31,0.67,0.53,0.69,0.74,0.57,0.55,0.73,0.77,0.56,0.62,0.67,0.67,0.33,1.10,1.18,0.58,0.64,0.23,1.18,0.85,0.55,0.70,0.80,0.60,0.37,1.03,0.44,1.27,1.15,0.50,0.77,0.23,1.48,1.80,1.50,1.27,1.60,0.66,0.58,0.73,1.05,0.70,0.90,0.53,0.90,0.64,0.78,0.57,0.77,0.80,0.90,0.70,0.80,0.65,0.70,0.60,1.40,1.03,1.30,1.20,0.86,1.38,0.88,0.88,1.35,0.95,1.67,0.56,0.42,0.23,0.30,0.66,1.20,0.88,0.47,2.15,1.50,1.25,1.23,1.03,1.33,0.78,0.70,0.70,1.10,1.70,0.73,0.77,0.98,0.45,0.90,0.64,1.40,0.50,0.60,0.82,0.66,0.37,0.80,0.85,0.83,1.20,0.76,0.65,1.35,0.50,0.20,1.38,0.43,1.10,1.55,0.70,0.75,0.80,0.65,0.65,0.75,0.85,0.85,0.65,0.90,0.55,0.70,0.70,0.63,0.30,0.55,0.55,0.93,0.85,1.30,1.00,0.45,0.55,0.70,1.25,,0.40,0.47,1.30,,1.58,0.70,0.37,1.38,1.45,0.70,0.63,0.73,0.30,0.30,0.50,0.43,0.60,0.50,0.62,0.80,0.33,1.35,0.67,0.80,0.60,1.45,0.80,0.45,0.93,0.55,0.40,0.43,0.65,0.38,1.40,0.50,0.45,1.10,0.92,0.97,1.20,1.18,0.80,0.47,0.55,0.80,0.80,0.65,1.45,0.60,0.77,0.48,0.83,1.00,0.70,1.00,0.25,0.88,1.00,0.40,1.00,0.82,0.75,0.83,1.30,0.77,1.00,0.70,1.37,0.53,0.97,0.80,0.93,0.62,1.37,0.97,0.83,0.93,1.05,0.80,0.60,2.30,0.30,0.62,1.22,0.70,1.05,0.40,1.18,0.58,0.45,0.72,1.00,0.95,0.87,0.70,0.20,0.70,0.65,0.65,0.60,0.67,0.73,0.30,0.87,0.40,1.43,0.82,0.60,0.65,0.47,1.80,,0.95,0.47,0.45,0.85,0.80,0.40,0.60,0.40,0.35,0.50,0.90,0.30,0.90,0.35,0.35,3.40,0.30,0.55,0.60,0.80,0.45,0.60,0.35,0.30,1.00,0.30,0.35,0.60,0.55,0.45,0.60,0.80,0.40,0.50,0.50,1.15,0.50,0.55,0.45,,0.90,0.60,1.50,0.70,0.30,0.50,0.40,0.90,0.30,0.70,0.40,0.40,0.35,1.15,1.55,0.90,0.10,0.80,0.47,0.65,0.80,1.20,,0.55,0.70,
20160913,16,CO_24h,0.95,1.61,1.12,2.10,0.70,1.67,1.22,0.47,0.55,1.23,0.97,1.35,1.77,0.94,0.62,1.09,1.10,0.70,1.02,0.74,1.02,0.99,0.75,0.90,1.30,0.90,0.79,0.97,0.97,0.83,0.74,0.67,0.90,0.75,0.59,0.70,0.65,0.60,0.80,1.00,0.70,0.70,0.63,0.87,0.86,0.75,0.57,0.82,1.17,0.76,1.32,0.96,0.76,0.82,0.75,0.58,0.72,0.77,0.80,0.62,0.60,0.80,0.84,0.38,1.04,1.03,0.64,0.66,0.37,1.51,0.97,1.10,0.40,0.80,1.05,0.77,1.00,0.50,1.40,1.53,0.60,1.32,0.30,1.42,2.00,1.70,1.17,3.00,0.76,0.78,0.90,1.30,1.47,1.15,0.60,1.05,0.86,0.75,0.65,0.90,0.85,0.77,0.80,1.00,1.00,0.80,0.70,1.70,1.63,1.17,1.70,1.26,1.15,1.23,1.18,1.45,0.95,1.73,0.88,0.64,0.47,0.28,0.78,0.87,1.00,0.86,2.23,1.95,1.20,1.53,1.00,1.27,0.84,1.25,1.04,0.90,1.87,0.77,0.70,1.02,0.40,0.67,0.72,1.60,0.63,0.67,0.90,0.90,0.55,0.90,1.15,0.73,1.27,0.80,1.00,1.85,0.70,0.53,1.46,0.50,0.95,2.30,0.65,0.85,0.85,0.65,0.65,0.85,0.90,0.85,0.65,1.05,0.60,0.87,0.90,0.73,0.40,0.75,0.75,0.93,1.00,1.55,1.15,0.65,0.70,0.70,1.25,,0.40,0.57,1.17,,2.18,0.98,0.83,1.58,1.40,1.05,1.00,1.03,0.40,0.40,0.70,0.73,0.65,0.55,0.80,1.48,0.45,1.50,0.90,1.00,0.85,1.50,0.80,0.70,0.93,0.80,0.37,0.57,0.60,0.47,1.30,0.65,0.35,1.20,0.80,1.00,1.05,1.15,0.63,0.50,0.80,0.90,0.90,0.68,1.35,0.60,0.77,0.45,0.97,0.93,0.77,0.50,0.55,1.40,1.57,0.60,1.13,0.95,0.82,1.07,0.95,1.20,0.93,0.83,1.43,0.60,0.93,0.70,0.90,0.90,1.47,0.97,1.00,0.97,1.45,1.00,0.70,0.87,0.45,0.92,1.10,0.85,1.40,0.57,1.30,1.05,0.45,0.68,0.93,1.05,1.03,0.80,0.40,0.70,0.85,0.95,0.75,0.60,1.10,0.40,0.87,0.47,1.27,1.25,0.63,0.85,0.60,1.75,0.20,1.07,0.65,0.50,0.75,1.05,0.60,0.70,0.50,0.40,0.80,1.00,0.40,1.10,0.60,1.13,0.75,0.65,0.60,0.90,1.05,0.60,0.55,0.35,0.30,1.40,0.40,0.40,0.83,0.80,0.50,0.60,1.15,0.80,1.10,0.35,1.00,0.60,0.55,0.55,,0.95,0.80,1.90,0.60,0.30,0.50,0.50,3.00,0.30,0.60,0.50,0.50,0.55,1.45,1.40,1.00,0.20,0.90,0.67,0.90,1.03,1.10,,0.85,0.70,
20160913,17,AQI,125,59,108,84,52,53,108,41,58,70,96,81,79,45,44,60,41,29,26,38,107,43,44,81,60,48,54,60,53,51,75,54,66,46,36,27,33,108,37,36,34,37,51,26,102,26,37,39,61,53,65,56,53,36,33,36,55,99,119,38,42,58,39,26,159,95,51,44,31,84,53,37,33,67,68,39,39,39,86,37,43,69,20,114,100,81,129,189,91,46,79,96,43,63,61,59,32,53,33,53,36,44,28,30,38,51,43,51,30,75,48,49,53,39,26,52,57,57,37,30,32,26,27,98,100,48,56,60,78,42,108,90,70,76,45,69,62,61,57,58,13,68,65,59,110,91,67,78,66,63,95,59,41,58,80,56,47,26,37,38,116,81,93,70,115,46,54,54,66,59,47,43,53,56,42,42,59,45,70,62,131,55,56,42,64,50,46,,65,63,81,,48,41,52,60,39,66,63,23,24,39,34,41,30,44,31,34,29,31,37,30,37,44,27,36,31,62,45,29,13,14,25,34,25,27,91,53,58,60,59,39,45,88,100,63,56,41,65,28,27,36,31,51,41,44,56,49,46,50,52,51,48,54,50,59,60,74,76,108,87,49,83,75,45,98,86,58,108,56,43,45,45,58,36,48,68,45,58,37,44,51,35,40,54,61,28,49,25,37,71,61,60,59,189,76,29,51,53,20,23,47,54,24,63,45,39,54,49,39,48,28,36,37,25,46,22,21,46,63,53,25,29,28,23,78,30,25,49,49,63,73,24,43,40,50,109,38,41,35,,48,34,38,43,51,31,39,15,32,34,53,38,58,55,50,33,55,27,59,88,41,55,,31,61,
20160913,17,PM2.5,95,32,81,62,28,37,81,10,29,39,27,29,58,16,18,35,27,9,16,25,42,25,25,60,43,27,38,37,30,23,47,21,48,31,20,17,20,30,26,25,13,26,36,15,48,9,18,26,44,35,47,24,37,24,18,17,28,35,52,24,18,32,23,18,121,71,34,24,11,62,26,17,15,38,36,24,14,10,43,18,14,28,14,86,72,60,98,142,68,30,58,72,30,45,44,34,20,23,14,37,25,23,19,21,21,30,25,36,21,55,21,30,33,18,13,34,37,31,21,15,18,14,10,37,29,26,27,37,57,27,81,67,46,38,26,50,38,44,34,37,4,49,47,36,83,68,42,57,48,45,71,42,14,41,59,7,14,6,13,24,88,58,69,48,87,29,32,19,36,37,33,20,22,28,25,29,28,24,30,37,32,33,40,26,38,35,32,,45,41,60,,20,16,18,43,25,18,13,11,15,4,21,20,5,21,15,20,12,9,18,13,21,28,6,20,11,17,18,16,4,9,17,7,11,1,68,37,31,34,29,15,31,49,63,45,32,10,47,13,15,14,12,25,24,20,40,26,32,33,35,36,21,34,35,28,43,54,56,81,64,26,61,52,22,73,35,29,23,37,25,15,25,34,23,31,49,17,41,24,25,30,21,26,34,44,16,34,15,25,52,44,43,38,142,47,16,36,32,4,12,31,21,16,40,29,27,37,26,11,27,17,14,26,14,32,8,4,29,45,21,14,17,7,8,27,21,9,19,10,45,53,14,18,6,8,82,22,29,8,,9,4,10,5,11,7,3,6,4,7,18,13,20,11,19,12,38,6,14,24,20,24,,17,18,
20160913,17,PM2.5_24h,77,60,101,67,31,49,92,21,20,53,42,31,53,29,20,54,32,28,29,36,49,41,42,54,44,42,54,55,46,45,46,34,59,39,22,22,31,38,39,31,16,46,42,31,52,11,15,28,70,50,57,35,41,24,17,16,31,26,39,27,14,30,24,13,84,50,44,34,11,74,37,29,22,30,40,33,25,14,82,22,23,31,15,73,62,71,69,115,72,37,66,80,80,69,50,35,23,15,23,36,15,16,23,34,27,17,19,37,34,64,24,38,24,20,23,64,33,37,31,24,23,7,16,36,50,35,26,49,38,58,65,64,48,68,53,64,42,41,15,31,5,43,56,54,114,67,37,89,57,54,73,37,26,39,92,12,22,22,13,26,71,88,60,56,71,37,42,23,40,40,32,36,29,42,44,46,40,40,45,54,40,57,53,44,60,46,41,,45,46,55,,23,29,33,33,18,37,35,41,31,18,25,25,6,27,28,49,22,10,27,25,25,29,13,33,8,11,17,16,10,11,21,15,10,5,61,40,39,30,17,19,46,44,60,42,22,14,51,15,12,12,14,14,25,52,41,36,32,37,46,39,39,42,56,55,38,47,52,64,44,36,62,61,34,60,53,38,32,55,51,43,50,45,40,45,49,42,44,31,23,27,20,23,43,39,17,32,19,19,75,62,36,53,105,103,21,48,43,10,16,40,50,31,22,44,29,42,29,19,37,22,27,29,32,85,30,15,38,49,33,14,18,9,10,38,23,12,42,18,48,44,25,27,19,20,53,35,19,26,,19,11,30,11,18,12,20,9,8,18,31,20,25,21,17,29,43,17,35,32,27,35,,19,33,
20160913,17,PM10,111,68,114,106,54,55,122,41,66,61,49,60,76,45,44,69,41,29,26,35,94,43,44,67,70,43,57,70,55,51,80,57,74,46,36,27,31,49,35,36,26,31,46,19,99,26,37,39,68,56,66,62,49,36,32,30,59,53,94,38,42,65,39,17,168,105,52,44,27,93,56,37,28,83,85,35,34,19,61,37,28,41,18,145,107,75,127,191,115,46,107,105,33,45,55,68,32,56,33,52,36,43,24,27,38,51,43,42,27,89,48,49,56,33,26,53,63,63,33,30,32,26,27,56,70,48,62,70,67,42,112,115,90,60,40,74,73,62,63,66,11,80,60,68,101,79,83,87,76,65,117,68,38,60,79,61,33,12,37,38,114,112,100,63,111,46,58,42,81,67,45,43,56,61,42,42,68,45,79,73,54,60,52,35,78,46,41,,80,74,110,,48,41,53,56,30,82,75,21,19,35,30,41,8,26,31,34,29,15,37,20,37,44,19,36,31,74,45,29,13,12,25,34,25,10,104,42,65,55,61,39,45,65,74,69,61,41,68,28,27,36,24,52,32,44,58,49,41,50,54,47,48,58,49,68,59,68,88,125,124,44,81,99,45,125,62,55,80,61,43,45,45,66,36,48,71,25,64,37,44,52,28,40,58,63,27,44,25,36,63,62,68,68,214,102,26,45,56,20,17,47,57,24,76,45,,57,49,39,48,27,36,21,25,43,15,21,46,,55,25,19,17,23,105,,18,49,49,61,83,22,37,28,29,88,38,40,35,,48,23,38,23,51,16,10,15,17,20,55,31,66,60,50,30,60,20,68,126,41,60,,30,72,
20160913,17,PM10_24h,81,88,163,99,56,73,151,57,46,91,68,73,84,75,50,95,53,51,49,44,96,66,63,86,82,59,76,88,75,66,83,72,83,55,38,33,46,59,55,50,26,56,57,48,105,28,31,64,141,100,81,90,66,37,28,31,48,40,68,41,27,52,42,24,124,77,69,58,34,109,85,64,40,79,71,57,67,24,128,43,37,56,23,144,105,133,96,195,134,62,120,118,117,113,57,70,42,31,34,54,33,31,34,50,42,26,32,72,52,102,53,61,41,51,53,88,59,61,49,45,56,18,32,55,87,61,55,76,64,118,97,106,94,132,71,104,68,56,31,49,12,62,75,106,99,87,72,126,107,79,105,60,35,58,105,52,54,31,43,66,98,164,85,79,98,57,66,37,81,80,56,55,50,83,61,61,79,68,85,90,62,73,72,53,96,61,65,,70,87,109,,54,47,88,56,31,61,99,77,70,50,38,46,21,37,55,80,42,19,61,36,55,57,38,60,18,38,47,26,21,17,36,45,23,15,93,59,70,51,34,33,69,82,63,57,52,27,63,25,26,24,27,31,45,75,64,58,45,56,81,54,62,66,80,78,67,96,105,105,104,60,91,113,58,113,87,60,55,96,84,75,79,78,69,69,96,76,84,50,34,41,33,32,73,60,41,45,30,46,92,85,51,74,162,160,39,60,79,23,24,62,88,45,63,68,37,61,46,53,67,40,42,37,41,139,50,34,47,59,51,31,16,20,17,123,23,19,67,45,60,60,67,52,34,52,71,61,29,52,,48,40,53,33,38,27,54,21,20,27,56,32,74,68,55,71,74,50,109,132,68,59,,48,87,
20160913,17,SO2,4,7,27,24,10,9,15,14,13,5,18,11,17,22,10,16,8,6,10,11,14,8,13,17,23,2,9,13,12,10,13,10,11,8,9,6,7,12,7,6,9,5,8,3,11,5,7,4,23,11,11,9,14,7,7,11,7,13,13,7,6,10,10,4,16,12,5,86,4,11,5,12,4,17,16,6,20,7,17,12,11,18,5,16,26,20,63,30,33,12,21,27,11,6,8,38,28,9,9,13,6,10,5,5,9,8,10,22,12,39,23,8,41,21,12,13,32,20,15,9,4,4,14,15,11,14,11,15,15,11,24,15,14,17,8,14,5,11,9,21,4,13,10,24,12,9,15,8,3,16,16,19,7,7,9,61,6,8,5,7,27,28,15,9,19,13,9,17,12,17,12,9,7,8,9,9,6,14,15,15,10,10,10,11,3,5,12,,3,13,17,,19,7,31,23,25,26,26,6,8,12,19,7,6,8,15,14,5,17,15,36,3,5,1,9,6,5,2,12,4,3,5,22,12,11,18,16,17,10,22,24,13,10,20,12,18,15,19,5,8,8,8,5,21,19,66,24,13,13,26,6,4,19,17,12,11,16,12,13,19,6,12,8,11,26,8,4,14,7,4,9,13,16,6,8,8,6,5,7,7,11,8,8,11,6,9,9,7,37,24,12,22,5,27,6,27,8,4,12,32,12,20,5,18,13,5,3,29,4,12,7,9,17,17,39,8,8,8,12,8,11,2,4,11,26,,4,12,7,15,7,4,10,9,6,6,9,6,7,,11,5,16,17,8,8,10,5,11,6,7,4,2,2,13,21,4,3,6,2,10,9,,12,53,
20160913,17,SO2_24h,3,12,27,49,11,19,32,15,10,8,26,14,33,33,12,18,9,7,9,12,18,13,22,25,35,6,15,26,23,16,16,17,22,14,11,5,8,14,19,8,11,12,15,5,15,5,10,8,23,17,12,17,16,9,7,11,11,11,17,12,6,14,14,4,15,17,7,21,4,16,8,29,16,13,22,11,20,6,18,13,20,37,7,23,37,30,45,37,35,15,27,44,22,16,11,19,12,11,12,17,6,9,7,11,14,7,8,56,23,25,29,14,32,32,16,13,20,19,23,9,4,3,14,14,16,26,10,25,15,11,17,18,14,26,33,24,6,16,8,23,3,11,14,50,17,11,11,10,10,20,12,11,7,8,12,109,11,24,5,7,25,32,17,15,21,22,9,11,25,12,12,10,13,12,17,16,8,18,23,21,15,16,12,15,5,9,17,,3,19,17,,21,34,47,60,28,31,86,7,8,15,19,7,7,9,43,21,8,22,10,20,9,10,2,7,6,5,3,12,5,6,6,20,9,12,16,18,17,16,28,25,18,12,28,15,31,12,29,6,12,11,8,6,7,37,34,56,28,31,32,20,19,19,14,16,19,25,11,10,27,16,16,11,27,29,11,10,12,27,8,19,26,33,23,19,19,17,6,11,7,15,13,13,14,6,14,9,8,18,27,18,21,10,16,8,26,5,6,12,28,35,21,15,19,18,3,5,31,5,19,8,9,15,16,42,28,5,9,13,10,9,6,5,8,26,,4,9,8,24,6,24,14,12,10,11,10,6,8,,15,12,18,14,9,11,11,7,11,8,7,3,3,4,9,25,4,2,7,9,16,8,,14,18,
20160913,17,NO2,32,21,26,43,18,22,19,23,23,10,28,20,28,23,27,36,17,26,30,25,34,36,12,28,53,11,23,24,17,8,5,14,22,35,29,43,24,26,27,26,14,26,28,21,37,16,20,19,22,25,57,23,15,21,34,19,17,21,35,15,14,22,13,9,44,80,24,24,8,33,24,16,16,36,19,15,15,11,18,11,14,18,15,36,16,18,21,70,22,22,22,43,25,38,11,16,9,16,9,8,22,10,5,7,18,11,15,12,9,34,17,19,19,17,20,24,29,29,23,25,15,25,28,24,18,12,10,20,16,16,45,30,27,20,13,2,13,13,16,16,3,50,22,20,22,28,36,21,18,22,28,19,24,22,14,11,9,9,10,7,26,52,25,19,39,24,17,16,23,14,10,13,9,24,20,17,24,13,22,31,12,10,14,5,21,32,60,,32,13,24,,14,10,20,6,7,13,14,16,13,12,16,15,9,9,12,14,9,16,20,26,32,18,15,10,13,19,9,13,14,15,47,15,36,12,22,30,24,17,15,18,14,14,9,26,31,18,18,15,14,10,13,64,7,19,13,10,13,10,13,7,13,23,14,14,30,22,16,28,30,13,25,26,20,35,10,8,11,14,2,16,8,16,14,16,12,10,13,5,16,15,10,11,9,3,16,7,7,23,10,22,39,18,66,35,25,24,14,11,19,9,24,12,32,21,23,35,36,10,8,9,15,5,9,7,15,8,23,5,9,22,11,2,12,13,,8,13,10,11,19,10,12,9,7,23,16,13,15,,16,18,41,7,5,5,13,7,6,3,10,13,13,29,3,7,4,2,8,5,7,29,,3,16,
20160913,17,NO2_24h,49,57,55,50,42,35,56,30,24,47,47,49,53,45,41,50,32,40,41,31,46,55,31,31,43,19,42,40,32,13,13,23,42,38,35,31,32,35,28,21,13,34,27,24,52,18,26,27,62,38,37,47,37,34,26,28,35,32,36,26,13,33,24,9,62,59,32,27,13,53,56,36,24,49,43,31,41,23,43,17,30,39,19,51,28,48,27,68,35,37,45,54,48,65,17,25,20,12,9,12,19,7,15,22,26,9,13,27,24,31,30,35,25,41,21,30,27,33,31,28,19,16,29,33,30,21,17,34,24,22,39,39,40,59,32,31,25,16,11,18,4,31,22,46,26,27,24,21,42,23,46,28,33,31,55,18,33,18,15,21,40,68,26,44,48,27,34,21,28,23,9,18,12,36,34,30,33,31,33,45,23,20,36,13,29,30,49,,21,27,26,,19,29,46,29,31,25,37,34,25,23,40,25,24,10,29,35,18,19,33,29,30,23,30,14,12,13,7,17,10,11,34,19,17,16,28,32,30,23,23,16,49,22,22,26,29,19,37,13,13,9,16,32,9,24,25,20,11,14,21,10,21,31,23,29,36,23,18,29,33,21,30,30,33,58,21,21,14,29,8,25,17,36,24,20,21,26,22,12,13,16,19,19,17,6,23,19,12,29,19,21,30,27,45,65,21,26,17,9,28,23,28,15,25,31,20,38,19,16,17,7,20,9,14,22,35,14,26,13,10,23,12,10,11,13,,7,27,33,17,21,34,17,22,19,41,37,11,21,,23,26,34,16,4,13,21,5,6,10,17,19,28,40,18,22,11,12,25,11,21,13,,36,28,
20160913,17,O3,166,145,199,140,114,139,177,111,131,176,197,185,129,113,93,130,109,67,60,120,214,128,127,158,64,153,139,132,138,146,180,145,150,99,111,47,105,215,115,83,108,92,81,82,204,71,84,122,160,137,117,154,144,114,105,116,158,199,237,95,120,166,79,30,145,61,86,82,100,136,124,119,106,120,149,124,126,126,189,97,138,175,62,149,200,151,161,135,153,97,136,111,131,91,115,146,103,147,67,119,64,140,89,80,117,64,75,134,77,133,97,92,123,126,74,103,160,99,117,88,61,33,56,198,200,143,138,155,103,87,100,121,157,181,143,68,134,138,138,89,41,58,89,80,72,58,82,63,119,93,152,145,131,118,171,108,151,82,106,103,161,138,193,176,182,147,127,163,122,129,90,101,145,120,110,124,137,117,176,124,261,135,153,135,94,84,66,,100,170,143,,43,128,99,88,126,100,110,74,77,126,110,78,95,140,82,102,91,100,77,97,71,104,86,73,49,42,30,36,16,44,43,49,36,85,157,149,159,168,167,88,138,190,200,168,98,101,88,74,71,64,100,,130,122,115,143,95,150,139,122,150,113,146,139,95,75,132,144,129,156,130,164,145,175,189,166,216,165,101,127,108,151,113,119,128,145,137,70,72,91,111,89,99,98,90,92,69,118,122,88,52,109,59,112,93,83,103,60,73,104,65,67,105,81,64,79,54,106,119,90,58,59,78,59,70,53,47,83,77,22,92,88,74,30,64,81,121,92,125,141,78,138,129,159,73,121,110,106,,86,109,45,138,62,99,124,15,102,108,129,123,100,87,102,104,106,85,95,113,101,48,,100,149,
20160913,17,O3_24h,173,153,246,173,121,152,181,117,145,195,213,201,148,123,122,143,128,81,72,139,242,157,151,158,160,181,181,179,174,181,181,158,155,178,143,109,173,237,158,114,141,127,126,99,208,83,127,134,168,183,186,186,168,143,126,121,202,239,272,154,122,173,100,139,159,144,115,108,121,139,131,120,140,124,181,130,130,129,200,97,151,175,99,209,224,156,179,216,179,145,165,179,174,135,132,161,115,154,108,123,111,140,100,173,123,103,110,134,81,175,98,99,130,127,107,125,168,121,133,90,64,80,69,198,227,148,182,169,164,110,136,128,176,199,181,202,167,151,139,107,45,112,159,116,148,123,143,110,132,104,152,147,139,126,172,112,157,98,123,103,178,148,217,205,228,163,171,163,144,141,102,141,183,158,134,142,174,139,194,170,313,165,184,137,107,120,86,,119,181,165,,67,142,99,88,126,100,122,84,81,144,141,79,103,141,87,124,98,104,80,104,96,128,91,86,94,69,44,41,29,65,66,57,89,85,185,160,196,168,183,100,164,197,236,192,123,116,109,94,97,96,107,72,142,126,121,171,98,159,153,133,159,136,176,172,130,159,139,144,148,172,168,186,200,175,203,169,216,224,106,134,122,200,130,131,132,151,149,79,86,96,126,120,102,112,96,101,79,133,225,157,119,133,119,114,109,87,138,64,91,132,96,122,145,117,101,103,126,109,136,115,84,79,97,118,86,66,85,99,88,41,95,131,92,51,80,90,121,105,125,151,78,145,129,159,104,124,110,138,,92,115,48,138,75,105,126,25,108,112,136,124,109,94,169,118,111,85,100,115,154,98,,102,149,
20160913,17,O3_8h,101,130,164,144,100,124,141,103,98,150,187,174,101,83,94,89,104,70,58,128,201,141,142,136,100,160,158,152,152,153,153,147,139,126,126,55,124,205,139,81,123,73,90,72,164,74,106,116,122,139,90,157,139,106,91,78,138,134,158,114,91,138,80,30,104,41,84,83,98,84,99,85,104,71,128,115,102,114,146,73,123,131,77,137,190,128,143,116,138,110,136,115,84,104,107,142,100,127,74,112,87,95,87,105,104,88,90,109,66,113,77,75,87,104,84,100,127,81,101,73,55,44,56,155,183,134,114,145,89,71,89,70,132,169,139,135,131,139,109,95,41,46,85,69,71,63,54,61,110,85,106,104,86,87,124,95,125,74,98,83,141,118,187,165,185,146,149,141,123,121,91,114,135,137,123,130,149,122,169,147,260,137,154,135,91,88,65,,92,148,124,,33,114,72,62,85,74,96,77,64,120,118,65,94,137,76,86,81,86,63,82,67,90,79,74,65,50,30,32,14,37,54,50,44,68,149,136,146,134,159,87,142,174,195,167,80,95,81,81,84,86,101,20,118,115,93,157,94,122,132,126,145,91,115,126,85,85,107,126,106,157,95,129,157,125,162,161,158,155,84,121,111,151,113,118,111,129,125,71,73,84,104,102,79,104,69,89,63,107,107,89,40,64,62,80,95,61,77,32,68,89,72,68,101,80,65,86,70,78,110,91,67,55,73,82,66,49,51,74,61,27,79,75,80,32,65,70,85,87,63,117,65,120,100,124,80,99,94,100,,71,100,34,118,58,98,107,18,95,99,106,100,89,80,71,77,87,68,77,89,76,55,,75,91,
20160913,17,O3_8h_24h,104,130,164,144,100,128,141,103,98,150,187,174,101,83,94,89,104,70,58,130,201,141,142,136,100,160,158,152,152,153,153,147,139,126,127,65,124,205,139,84,128,73,90,72,164,76,106,116,122,139,127,157,139,106,91,84,138,134,158,114,91,138,80,30,104,49,84,83,99,84,99,85,104,71,128,115,102,114,146,73,123,131,77,137,190,128,143,116,138,110,136,115,100,104,107,142,100,127,74,112,87,95,87,105,104,89,90,88,66,121,77,75,87,104,84,100,127,81,101,73,55,44,56,155,183,134,114,145,133,71,92,70,132,169,139,135,131,139,109,95,41,81,106,69,73,75,75,65,110,87,106,104,86,87,124,97,125,74,99,84,141,118,187,165,185,146,149,141,123,121,91,114,135,137,123,130,149,122,169,147,260,137,154,135,91,88,73,,92,148,124,,33,114,72,62,85,74,96,77,64,120,118,65,94,137,76,86,81,86,63,82,67,90,79,74,65,50,32,35,14,45,54,50,44,68,159,136,146,134,160,87,142,174,195,167,80,95,85,84,84,86,101,36,118,115,93,157,94,122,132,126,145,91,125,126,91,91,107,126,106,157,95,129,157,125,162,161,158,155,84,121,111,151,113,118,111,129,125,71,73,84,104,102,79,104,69,89,63,107,132,98,78,83,62,82,97,61,86,32,72,89,74,80,101,80,65,86,72,78,110,98,67,55,77,84,66,49,51,74,61,37,79,87,81,32,74,70,85,87,63,117,65,120,100,124,80,99,94,100,,71,100,34,118,58,98,107,18,101,99,106,100,89,80,132,77,87,68,77,89,76,55,,75,91,
20160913,17,CO,1.08,1.19,0.83,1.48,0.60,0.97,0.75,0.33,1.50,0.97,0.70,0.95,0.50,0.83,0.57,0.64,1.00,0.46,0.71,0.65,0.97,0.81,0.57,1.10,1.38,0.70,0.55,0.60,0.73,0.70,0.82,0.67,0.85,0.72,0.56,0.82,0.60,0.60,0.70,0.97,0.73,0.60,0.57,0.77,0.96,0.65,0.53,0.72,0.69,0.61,1.32,0.57,0.58,0.70,0.75,0.60,0.56,0.73,0.85,0.56,0.64,0.70,0.67,0.33,1.12,1.13,0.56,0.60,0.23,1.22,0.93,0.50,1.30,0.85,0.58,0.38,1.08,0.40,0.93,1.23,0.50,0.90,0.23,1.42,1.70,1.50,1.43,1.60,0.66,0.58,0.70,1.15,0.67,1.00,0.53,0.90,0.62,0.83,0.58,0.77,0.85,0.90,0.75,0.85,0.65,0.80,0.75,1.40,1.03,1.47,1.18,0.84,1.65,0.85,0.90,1.22,1.07,1.62,0.62,0.46,0.27,0.46,0.74,1.17,0.88,0.54,2.20,1.25,1.45,1.23,1.03,1.23,0.80,0.75,0.68,0.80,1.63,0.77,0.77,0.88,0.45,0.95,0.66,1.20,0.60,0.70,1.00,0.68,0.48,0.85,0.85,0.83,1.20,0.79,0.65,1.40,0.40,0.20,1.38,0.43,1.20,1.85,0.70,0.75,0.80,0.65,0.60,0.75,0.90,0.85,0.65,0.90,0.60,0.80,0.70,0.63,0.30,0.60,0.55,0.80,0.85,1.30,0.95,0.50,0.55,0.70,1.25,,0.55,0.50,1.30,,1.48,0.54,0.50,1.40,1.50,0.70,0.57,0.77,0.30,0.30,0.50,0.40,0.35,0.60,0.52,0.75,0.30,1.38,0.60,0.90,0.60,1.50,0.70,0.40,0.93,0.80,0.53,0.47,0.50,0.42,1.40,0.50,0.40,1.10,0.86,0.90,1.20,1.27,0.87,0.50,0.60,0.85,0.90,0.67,1.50,0.60,0.77,0.52,0.93,0.90,0.73,1.10,0.50,0.93,1.40,0.35,1.00,0.82,0.92,0.83,0.65,0.80,0.88,0.77,1.40,0.50,0.90,0.75,0.93,0.64,1.40,1.02,0.87,1.00,1.10,0.90,0.77,0.70,0.30,0.64,0.72,0.68,1.07,0.38,1.18,0.80,0.75,0.78,1.03,0.95,0.90,0.70,0.30,0.70,0.65,0.60,0.60,0.60,0.77,0.38,0.90,0.35,1.47,0.78,0.63,0.70,0.47,1.80,,0.90,0.53,0.50,0.95,0.85,0.50,0.70,0.50,0.40,0.50,0.90,0.40,1.00,0.30,1.00,0.60,0.40,0.55,0.60,0.85,0.60,0.50,0.35,0.35,1.10,0.30,0.40,0.60,0.55,0.40,0.60,0.80,0.50,0.50,0.50,1.35,0.55,0.55,0.50,,0.90,0.70,1.50,0.70,0.30,0.50,0.40,0.80,0.30,0.75,0.40,0.40,0.35,1.25,1.75,1.00,0.15,0.80,0.47,0.70,0.73,1.20,,0.55,0.70,
20160913,17,CO_24h,0.96,1.63,1.12,2.08,0.70,1.67,1.22,0.43,0.57,1.23,0.97,1.35,1.68,0.94,0.62,1.06,1.09,0.69,1.00,0.74,1.01,0.99,0.75,1.00,1.30,0.90,0.79,0.97,0.97,0.83,0.74,0.67,0.90,0.74,0.57,0.70,0.65,0.60,0.80,1.00,0.70,0.70,0.60,0.87,0.88,0.75,0.57,0.82,1.17,0.76,1.32,0.88,0.76,0.82,0.75,0.58,0.72,0.77,0.80,0.62,0.60,0.80,0.84,0.38,1.09,1.02,0.64,0.66,0.37,1.47,1.00,1.10,0.45,0.82,1.03,0.75,0.96,0.50,1.40,1.50,0.60,1.32,0.30,1.48,2.00,1.70,1.17,3.00,0.76,0.78,0.90,1.30,1.47,1.15,0.60,1.05,0.84,0.75,0.65,0.90,0.85,0.77,0.85,1.00,1.00,0.80,0.70,1.70,1.63,1.17,1.70,1.22,1.20,1.22,1.20,1.43,0.98,1.73,0.88,0.64,0.47,0.28,0.78,0.90,0.97,0.84,2.20,1.95,1.20,1.53,1.03,1.23,0.86,1.25,1.04,0.90,1.87,0.80,0.70,1.02,0.40,0.73,0.72,1.60,0.67,0.67,0.90,0.90,0.55,0.90,1.15,0.73,1.27,0.80,1.00,1.85,0.70,0.53,1.48,0.47,0.95,2.35,0.65,0.85,0.85,0.65,0.70,0.85,0.90,0.85,0.65,1.05,0.60,0.87,0.90,0.70,0.40,0.75,0.75,0.93,1.00,1.55,1.15,0.65,0.70,0.70,1.25,,0.40,0.57,1.20,,2.20,0.98,0.80,1.55,1.40,1.05,1.00,1.03,0.40,0.40,0.70,0.73,0.65,0.55,0.70,1.38,0.42,1.52,0.93,1.00,0.85,1.50,0.90,0.65,0.93,0.80,0.40,0.57,0.60,0.47,1.30,0.65,0.35,1.20,0.84,0.97,1.10,1.15,0.67,0.50,0.80,0.90,0.90,0.70,1.40,0.60,0.77,0.43,0.97,0.93,0.77,0.50,0.55,1.40,1.57,0.60,1.13,0.95,0.82,1.07,0.95,1.13,0.95,0.83,1.43,0.60,0.93,0.70,0.90,0.90,1.47,0.97,1.00,1.00,1.45,1.00,0.70,0.87,0.45,0.88,1.07,0.85,1.40,0.55,1.30,1.05,0.45,0.68,0.93,1.05,1.03,0.80,0.40,0.70,0.85,0.95,0.75,0.57,1.13,0.40,0.87,0.47,1.30,1.23,0.60,0.85,0.60,1.75,0.20,1.07,0.63,0.50,0.75,1.05,0.60,0.70,0.50,0.40,0.80,1.00,0.40,1.10,0.60,1.10,0.75,0.65,0.60,0.90,1.05,0.65,0.55,0.35,0.30,1.35,0.40,0.40,0.83,0.75,0.50,0.60,1.15,0.80,1.10,0.40,1.05,0.65,0.55,0.55,,0.90,0.80,1.90,0.60,0.30,0.50,0.50,2.90,0.30,0.65,0.50,0.50,0.55,1.45,1.45,1.00,0.20,0.90,0.67,0.90,1.03,1.10,,0.80,0.70,
20160913,18,AQI,110,56,85,80,49,56,120,47,62,61,78,65,83,47,50,57,42,33,34,35,83,52,48,83,61,46,54,62,54,54,73,51,73,45,38,28,37,56,44,39,32,39,47,27,104,23,33,41,65,55,69,58,57,38,34,35,48,71,111,33,47,56,40,27,153,94,56,56,30,81,51,40,28,68,61,36,39,38,59,44,36,73,22,88,89,68,180,177,95,44,85,99,51,73,60,58,33,57,30,51,47,48,32,34,37,40,44,75,30,74,43,47,51,39,31,52,63,43,48,34,37,49,43,94,90,58,57,79,151,53,115,73,73,75,43,65,60,69,60,60,17,70,68,52,148,98,78,86,75,63,98,65,40,58,78,44,48,24,47,46,119,93,85,73,116,52,58,49,69,60,46,36,59,59,44,41,60,49,65,62,134,54,50,40,60,50,39,,68,68,85,,55,36,52,55,38,61,63,23,24,34,44,44,27,44,42,39,43,30,39,26,35,51,24,43,30,47,62,22,17,17,37,36,35,23,83,63,61,60,69,41,55,64,84,68,59,53,68,24,26,25,34,45,48,46,60,50,51,51,52,56,52,56,46,64,64,70,109,119,91,43,80,88,47,93,65,50,100,58,42,44,49,59,56,51,64,47,61,39,47,53,46,37,55,58,53,50,23,48,68,65,64,64,199,88,35,61,57,18,24,48,56,33,64,45,47,60,52,49,49,33,28,40,23,48,23,35,36,58,45,30,40,28,23,79,26,25,42,28,63,79,24,49,39,48,113,45,43,43,,46,31,46,43,37,35,64,15,31,33,58,37,52,32,51,34,55,45,65,92,43,60,,32,70,
20160913,18,PM2.5,83,39,61,59,32,38,91,17,34,40,29,33,61,16,18,30,27,12,17,21,44,26,28,61,44,29,36,36,30,28,52,21,53,31,23,16,26,30,27,26,14,27,33,16,57,9,16,19,47,33,50,30,38,24,20,19,28,35,48,23,20,33,24,19,117,70,40,23,14,60,25,18,13,38,37,25,14,11,34,21,18,35,14,65,66,49,136,134,71,28,63,74,33,53,43,38,20,24,15,34,27,23,20,24,22,19,31,55,21,54,25,29,33,15,16,35,42,30,29,19,17,15,19,40,31,29,30,42,116,37,87,53,48,33,23,47,29,50,35,38,5,51,49,34,113,73,53,64,50,45,73,45,14,41,57,6,9,6,15,23,90,69,63,53,88,27,34,24,38,43,32,25,25,29,25,29,31,25,34,42,33,31,35,28,43,35,27,,49,36,62,,26,13,19,39,20,21,14,13,15,3,31,19,6,25,16,21,14,11,22,14,20,30,7,25,14,17,23,10,6,10,26,9,13,2,61,45,32,34,39,11,31,43,51,49,29,16,49,13,15,13,12,22,33,26,43,27,36,36,34,40,31,40,31,32,46,51,56,90,68,26,59,65,23,69,39,25,29,38,27,17,28,33,40,36,44,26,44,25,29,32,22,26,35,41,20,33,15,17,49,47,46,46,149,65,14,44,21,5,16,32,30,22,40,29,33,43,30,16,34,23,14,28,13,22,9,9,25,41,29,12,28,5,11,37,18,7,18,10,45,58,14,19,8,7,85,29,30,18,,12,5,20,11,11,9,8,6,5,8,24,17,18,10,22,12,39,4,18,34,16,19,,13,18,
20160913,18,PM2.5_24h,78,60,100,66,31,48,94,21,20,54,42,31,52,29,21,53,32,28,29,36,49,41,41,54,44,42,54,56,46,44,47,34,60,39,22,22,30,38,38,30,16,45,42,30,53,11,15,29,70,50,56,35,41,24,17,16,31,25,37,26,14,30,24,13,87,52,44,33,11,73,37,29,22,30,40,32,25,14,82,22,23,32,15,75,64,71,75,118,73,37,66,80,79,70,50,36,23,16,23,36,16,16,23,33,26,18,20,39,33,63,24,37,25,19,24,62,33,37,31,23,23,7,16,36,49,36,26,49,40,57,66,62,49,67,52,64,41,42,16,32,5,43,55,54,117,67,37,89,57,54,73,38,25,40,91,12,21,22,13,26,73,88,61,57,73,37,42,23,41,40,32,36,28,42,44,45,40,40,45,54,40,56,53,44,60,46,40,,46,44,56,,23,29,33,33,18,37,35,42,30,17,25,25,6,27,28,47,22,10,28,24,26,30,13,33,8,11,17,15,10,11,21,15,11,5,61,41,40,31,18,19,46,45,60,43,23,14,52,15,13,12,14,14,26,51,42,37,33,38,45,38,39,43,56,55,38,48,52,67,46,36,61,62,35,62,53,38,32,54,51,42,50,46,40,45,49,41,45,32,24,27,20,23,42,37,17,32,19,18,75,62,35,52,110,103,20,47,41,10,16,41,50,30,23,43,29,43,29,18,37,22,27,29,32,83,29,15,38,50,33,14,18,9,10,39,23,12,37,18,47,38,25,26,19,20,55,35,19,27,,19,11,31,11,19,12,20,10,8,18,31,20,25,21,17,29,43,17,35,31,27,34,,19,34,
20160913,18,PM10,105,62,98,83,49,62,138,47,74,61,48,79,77,47,50,64,42,33,34,35,91,53,48,85,66,46,57,73,57,57,92,51,86,45,38,28,37,61,44,39,25,33,46,21,114,23,33,41,70,60,77,66,63,38,34,32,48,53,87,27,47,62,40,24,161,107,62,61,30,93,52,40,28,85,71,34,39,18,47,44,33,51,22,103,107,72,178,206,124,44,114,106,52,53,52,66,33,64,30,51,47,48,32,30,37,40,41,67,30,78,43,47,52,31,31,53,75,39,48,34,37,49,43,63,75,66,63,107,148,38,119,88,95,51,37,63,69,72,70,70,17,85,64,54,140,105,106,94,100,61,120,80,40,64,90,44,35,14,47,46,114,128,99,72,104,54,65,33,88,62,46,35,67,67,44,41,69,49,80,73,52,58,47,30,68,46,36,,81,85,120,,59,31,53,53,34,71,76,23,24,34,35,44,10,38,42,39,43,22,39,23,35,51,24,43,30,47,74,22,17,16,37,36,35,9,101,55,72,55,68,41,59,78,79,71,68,55,65,24,26,25,34,45,48,46,58,50,47,52,53,54,53,54,46,78,62,71,83,115,121,43,81,124,43,122,72,50,77,65,42,44,49,68,59,49,77,40,66,39,47,56,46,36,60,62,55,50,23,48,61,73,71,64,234,99,24,58,64,14,18,48,61,33,77,45,36,60,53,49,49,29,28,21,22,48,23,35,33,,45,30,19,16,4,107,,18,42,27,53,81,24,49,23,26,79,45,43,43,,46,22,46,28,37,35,77,15,22,15,66,33,53,32,52,34,58,45,80,134,43,69,,32,90,
20160913,18,PM10_24h,83,88,161,98,56,73,153,57,48,92,68,74,84,76,51,95,53,50,47,43,96,65,62,86,82,59,76,89,76,65,84,71,84,55,38,33,46,59,55,48,26,55,57,47,107,28,30,64,140,102,77,88,67,38,28,31,48,39,62,39,28,52,42,23,129,79,69,57,32,108,85,64,40,80,72,57,67,24,127,42,38,56,23,145,106,133,103,200,136,62,121,119,115,113,56,71,42,32,34,54,33,31,33,50,43,25,31,71,51,100,53,61,41,50,53,85,60,61,49,42,56,19,33,56,87,61,55,77,64,116,98,101,94,130,70,103,68,57,33,50,12,63,73,104,102,87,73,126,109,79,107,61,36,59,103,52,55,30,44,65,100,166,86,80,99,56,65,37,82,80,56,55,51,84,61,61,78,68,86,90,62,73,72,53,96,61,64,,69,87,110,,54,47,86,55,32,62,98,79,69,50,38,47,20,37,56,79,43,19,61,36,55,58,38,60,18,39,48,26,21,17,34,45,23,15,95,60,72,52,35,33,70,83,66,59,53,28,63,25,26,24,26,31,46,74,64,58,46,56,80,53,62,65,78,74,66,94,103,106,106,60,89,114,58,115,87,60,55,96,81,73,78,79,69,69,97,75,85,51,34,43,34,33,72,60,41,45,30,45,91,85,51,70,171,161,35,58,78,23,23,62,88,44,65,67,36,61,47,53,68,40,42,37,39,136,49,34,44,59,51,31,16,20,17,123,21,19,61,45,58,58,67,52,34,53,72,61,29,53,,49,40,53,33,38,28,57,21,20,26,57,32,74,68,55,71,75,51,110,123,65,60,,47,89,
20160913,18,SO2,3,6,25,22,9,9,16,16,10,5,17,10,14,23,10,15,8,6,9,11,13,9,15,17,23,1,9,15,12,11,13,10,9,8,8,6,8,13,8,6,9,6,5,3,14,5,7,8,19,10,10,20,15,7,7,13,7,15,9,7,6,9,10,4,15,12,6,18,4,11,5,12,4,16,16,8,18,6,13,20,11,18,5,11,23,19,65,25,31,12,24,30,11,8,6,37,9,11,10,10,6,10,4,5,11,12,7,18,14,47,23,12,43,16,13,11,24,13,18,9,4,4,14,14,12,22,22,13,23,11,39,13,16,20,9,25,7,15,11,23,3,14,15,18,13,8,15,8,3,15,15,21,8,6,8,25,6,9,6,6,26,35,16,10,15,11,9,10,11,12,11,10,6,8,9,8,7,14,16,12,9,10,9,12,3,5,11,,4,15,16,,19,6,40,24,24,23,20,6,7,12,15,7,4,11,14,16,5,18,14,15,4,5,7,12,6,5,3,13,3,5,6,19,11,11,21,15,13,11,24,22,51,11,14,12,18,11,24,5,9,8,9,4,7,21,15,20,25,11,25,5,4,25,14,10,12,16,13,13,17,6,12,9,13,24,8,5,15,9,4,9,14,17,29,7,7,12,6,6,7,10,9,9,9,14,9,8,7,26,17,12,25,3,31,7,28,8,4,12,30,12,18,7,17,11,6,2,16,5,12,7,10,16,11,10,8,7,11,13,7,9,4,5,7,26,,4,17,9,12,7,3,9,10,6,6,9,6,6,,11,7,27,12,8,10,11,6,12,6,10,4,3,2,13,22,5,3,6,2,13,9,,10,42,
20160913,18,SO2_24h,3,12,27,48,11,19,32,15,10,8,26,15,33,33,12,18,9,7,9,12,18,13,22,25,34,6,15,26,23,16,16,16,22,13,11,5,8,14,19,8,11,12,15,5,15,5,10,9,23,17,12,16,16,9,7,11,11,11,16,12,6,14,14,4,15,14,7,21,4,16,8,29,16,14,22,11,20,6,18,14,19,36,7,23,38,30,46,37,35,15,26,44,21,16,11,20,12,11,12,17,6,9,7,11,15,7,8,47,23,26,29,14,33,32,16,13,21,18,24,10,4,3,14,14,15,27,10,25,15,11,18,18,14,26,33,24,6,16,9,23,3,11,14,49,17,11,11,10,10,20,12,12,7,8,12,110,11,24,5,7,25,32,17,15,21,22,9,11,26,12,12,10,13,12,16,15,9,18,23,20,15,16,12,15,4,9,17,,3,20,17,,21,33,47,60,28,31,86,8,8,15,19,8,7,9,43,21,8,21,11,20,9,10,2,8,6,5,3,13,5,6,6,20,9,12,16,18,17,16,28,25,19,12,28,15,31,11,29,6,12,11,8,6,8,37,34,55,28,31,32,17,19,19,14,16,18,25,10,10,27,16,16,11,27,28,10,10,12,27,8,19,26,33,22,19,19,17,6,11,7,15,13,13,11,15,14,9,8,19,24,17,20,9,17,8,26,5,6,12,28,34,21,15,18,18,3,5,31,5,19,8,9,15,16,39,27,5,9,13,10,9,6,5,8,26,,4,9,8,24,6,24,13,12,10,11,10,6,8,,14,11,19,14,9,11,12,7,11,7,7,3,3,4,9,25,4,2,7,9,16,8,,13,19,
20160913,18,NO2,34,27,24,46,19,25,24,31,26,17,34,26,24,30,28,53,19,38,43,29,39,42,17,26,83,15,31,26,22,10,6,16,25,45,42,54,34,29,39,30,16,27,26,21,45,15,28,26,30,27,64,31,19,27,42,23,22,24,35,17,18,28,17,10,43,80,24,24,10,38,29,22,12,32,20,23,19,14,21,23,21,19,18,30,20,19,25,97,30,26,28,47,30,73,19,19,11,17,9,14,29,9,8,10,25,17,18,12,11,38,22,21,21,18,26,29,40,30,32,35,24,35,33,24,22,13,19,20,33,20,58,29,24,27,20,11,19,21,19,18,5,49,21,25,21,27,43,22,21,26,34,26,38,26,20,11,8,13,14,10,32,73,43,26,31,27,22,15,31,11,12,18,10,30,23,21,32,17,26,34,14,14,19,7,23,40,46,,29,18,29,,15,12,20,11,10,17,13,24,19,16,13,19,20,10,20,33,12,20,30,51,46,26,31,14,16,15,15,22,18,34,56,27,47,19,25,37,32,18,18,17,25,26,8,38,26,19,29,15,16,9,16,47,11,21,13,11,14,10,17,6,11,26,19,22,34,27,19,30,33,17,28,27,25,40,12,15,13,21,3,20,12,19,18,18,12,12,21,7,19,19,16,12,10,6,23,9,6,26,11,20,41,33,72,60,25,29,17,10,20,14,23,23,40,25,32,50,15,14,7,13,16,5,12,6,18,8,22,5,8,22,10,5,11,15,,6,12,12,14,31,13,13,9,9,25,18,16,19,,17,29,59,8,3,4,16,8,7,17,11,21,11,30,4,9,4,2,7,5,7,13,,2,15,
20160913,18,NO2_24h,51,57,55,49,41,35,56,30,25,47,47,49,52,44,41,51,32,39,40,31,46,55,31,31,45,20,42,40,32,13,13,23,42,39,36,32,32,35,29,21,13,35,28,24,52,18,26,28,62,37,39,44,37,34,26,27,35,31,32,25,14,33,24,9,62,61,32,26,13,52,56,36,24,50,43,31,40,23,43,16,30,39,19,50,28,47,28,71,36,37,45,54,48,66,17,25,20,12,9,11,20,7,15,21,26,9,13,27,24,32,30,34,26,40,21,29,28,32,31,29,19,17,29,32,29,21,17,34,24,22,40,38,40,59,32,31,25,16,11,18,4,33,22,45,26,27,25,21,42,23,45,28,33,31,49,18,33,18,15,21,40,70,27,44,49,28,34,21,28,23,9,18,12,37,34,29,33,31,33,45,23,20,36,12,29,31,49,,21,27,26,,19,28,43,29,30,24,37,35,24,23,40,24,24,10,29,35,18,19,34,30,30,23,30,14,12,12,7,17,11,11,34,19,18,16,27,32,30,23,23,16,49,23,22,27,29,19,37,13,13,9,16,33,9,24,25,20,11,14,21,11,21,31,23,29,36,23,18,30,34,21,30,30,34,58,21,21,14,28,7,25,17,36,24,20,22,26,22,12,14,17,19,19,17,10,23,19,12,29,18,21,30,27,47,63,21,26,17,9,27,23,28,15,27,31,20,38,19,15,17,7,20,9,14,21,34,14,26,13,10,23,12,10,11,13,,7,27,32,17,28,34,17,22,19,40,37,11,22,,23,27,36,16,4,13,21,5,6,10,17,19,28,40,18,22,11,12,25,11,20,13,,36,29,
20160913,18,O3,151,130,188,132,112,127,173,103,119,169,182,166,114,112,84,98,102,49,42,111,186,111,116,159,37,134,123,122,123,136,178,137,152,84,89,34,86,147,90,77,103,91,84,87,207,71,75,131,145,131,108,140,140,95,92,111,145,177,222,97,110,149,67,27,122,56,84,71,89,127,114,112,91,125,132,110,118,120,167,75,115,178,56,140,182,140,155,105,121,94,122,109,123,53,93,138,94,163,69,97,46,148,85,77,117,108,65,122,80,134,92,84,133,126,59,89,135,88,118,77,48,25,47,195,192,146,132,141,88,81,88,121,152,180,138,122,137,120,139,78,37,58,89,70,72,63,61,64,111,89,148,143,113,111,167,109,152,77,99,99,146,121,157,172,161,140,117,158,103,110,79,95,142,93,102,112,113,113,165,115,268,108,136,129,87,72,75,,90,162,116,,44,114,96,85,122,94,102,59,65,110,109,76,86,141,73,68,80,96,64,58,36,74,63,65,42,47,19,29,13,22,42,33,27,74,151,124,125,168,175,90,131,162,187,157,92,87,86,68,66,60,97,5,118,116,84,123,105,141,139,112,143,103,137,133,88,67,218,146,122,110,130,159,149,171,172,157,200,154,96,122,104,140,115,111,126,150,117,59,57,85,98,77,90,66,75,69,73,105,125,82,52,89,51,88,113,74,93,54,76,93,62,61,86,78,54,50,51,102,116,68,47,51,75,72,73,52,46,67,81,21,82,91,73,25,62,79,116,91,126,125,73,128,125,155,58,121,106,102,,86,98,42,139,62,98,112,31,100,104,127,117,106,89,97,105,105,87,99,108,94,78,,90,162,
20160913,18,O3_24h,175,153,246,173,121,148,181,117,145,195,213,201,148,123,122,150,125,81,72,139,237,157,151,159,160,181,181,179,174,181,184,158,155,162,143,109,140,237,158,114,141,104,115,96,212,83,127,141,164,171,162,180,168,143,114,118,202,216,234,150,122,173,100,126,157,132,104,104,119,139,131,120,140,133,181,130,130,129,200,97,151,179,99,194,224,156,179,216,175,145,164,143,150,135,132,161,114,163,113,123,111,148,100,145,125,112,110,125,80,153,98,99,136,128,107,125,168,121,134,88,64,80,69,198,214,150,158,167,143,88,120,122,176,199,165,202,167,151,139,107,45,110,129,116,116,101,114,85,132,104,152,147,139,127,161,111,157,98,121,103,178,139,217,205,228,158,171,163,143,135,102,141,183,158,134,142,174,139,194,170,313,157,184,137,107,110,79,,119,181,165,,49,142,101,88,126,100,122,84,81,144,141,79,103,141,87,124,98,104,80,104,96,128,91,86,94,69,44,41,27,65,66,57,89,85,184,160,196,170,192,101,164,197,236,192,123,116,109,94,97,96,107,58,146,126,121,171,105,150,153,126,159,120,161,156,114,145,221,147,137,172,152,164,200,175,192,169,216,216,106,134,122,200,130,131,133,151,149,79,86,96,126,120,102,107,96,98,78,133,218,148,119,119,80,114,117,87,128,60,93,132,96,109,145,100,86,103,126,106,126,115,84,73,83,115,86,66,76,99,87,41,95,131,91,50,80,88,119,105,127,137,78,145,129,159,104,124,110,138,,90,112,48,139,74,105,126,31,108,112,133,124,109,95,169,113,109,87,99,115,144,91,,102,162,
20160913,18,O3_8h,118,133,181,148,106,131,158,105,111,159,194,179,113,93,99,100,109,69,58,126,208,140,138,144,98,162,157,154,151,152,162,148,144,122,123,53,121,205,136,81,120,79,91,76,175,75,105,121,131,146,96,155,147,112,95,87,151,151,172,117,98,147,84,30,111,46,86,85,99,97,108,96,107,84,137,118,111,120,160,78,128,147,76,147,200,137,148,125,143,112,141,119,98,103,108,147,103,135,75,114,83,106,91,107,109,92,89,108,71,117,83,83,99,112,86,103,136,88,109,75,57,45,58,168,194,139,122,151,93,75,89,81,144,178,143,142,141,139,120,96,40,49,87,76,72,63,58,62,116,89,120,116,97,97,131,100,135,80,104,88,151,124,192,174,192,148,148,144,126,121,91,117,145,135,122,130,144,122,175,145,272,140,158,135,95,88,67,,98,160,129,,37,120,81,70,96,83,104,77,68,124,125,70,95,138,80,92,86,93,67,86,69,95,81,76,65,51,30,33,15,37,53,51,45,74,155,139,153,143,165,90,146,180,202,168,87,100,83,79,84,84,103,15,119,120,97,155,96,129,138,121,147,96,121,132,85,82,124,132,112,153,108,138,161,137,168,164,168,164,92,125,114,156,118,122,118,135,135,72,74,88,109,104,86,98,77,90,68,112,109,89,41,71,62,85,97,67,83,38,72,99,73,68,109,84,66,86,69,86,115,90,68,57,74,86,70,52,53,80,69,27,83,78,80,32,67,73,96,92,78,125,70,125,113,137,81,108,100,103,,77,104,38,128,62,100,112,20,97,104,116,107,98,86,79,87,93,73,85,99,86,61,,83,109,
20160913,18,O3_8h_24h,118,133,181,148,106,134,158,106,111,159,194,179,113,93,99,100,109,71,59,130,208,141,142,144,100,162,158,155,152,153,162,148,144,126,127,65,124,205,139,84,128,79,91,76,175,76,106,121,131,147,127,156,147,112,95,88,151,151,172,117,98,147,84,30,115,53,86,85,99,97,108,96,107,84,137,118,111,120,160,78,128,147,77,147,200,137,148,125,143,112,141,119,102,105,109,147,103,135,75,114,87,106,91,107,109,92,90,108,71,121,83,83,99,112,86,103,136,88,109,75,57,45,58,168,194,139,122,151,133,75,93,81,144,178,143,142,141,141,120,96,41,81,106,76,74,75,75,65,116,89,120,116,97,97,131,100,135,80,104,88,151,124,192,174,192,148,149,144,126,121,91,117,145,137,123,130,149,124,175,147,272,140,158,135,95,88,73,,98,160,129,,37,120,81,70,96,83,104,78,68,124,125,70,95,138,80,92,86,93,67,86,69,95,81,76,66,51,32,35,15,45,54,51,45,74,164,139,153,143,167,90,146,180,202,169,87,100,87,84,84,86,103,36,119,120,97,157,96,129,138,121,147,96,127,132,91,91,124,132,112,157,108,138,161,137,168,164,168,164,92,125,114,156,118,122,118,135,135,72,74,88,109,104,86,99,77,90,68,112,132,98,78,83,63,87,97,67,87,38,72,99,74,80,109,84,66,86,72,86,115,98,68,57,77,88,70,52,53,80,69,37,83,88,81,32,74,73,96,92,78,125,70,125,113,137,82,108,100,103,,77,104,38,128,62,100,112,20,101,104,116,107,98,86,139,87,93,73,85,99,86,61,,83,109,
20160913,18,CO,1.13,1.21,1.05,1.67,0.66,0.97,0.82,0.43,1.03,1.20,0.70,0.95,0.55,0.86,0.57,0.86,1.02,0.54,0.79,0.68,0.89,0.80,0.60,1.10,1.54,0.70,0.77,0.60,0.83,0.73,0.92,0.67,0.85,0.76,0.64,0.97,0.65,0.50,0.75,1.07,0.80,0.65,0.57,0.80,0.94,0.63,0.50,0.88,0.73,0.60,1.30,0.54,0.61,0.73,0.75,0.63,0.57,0.77,0.97,0.63,0.68,0.77,0.67,0.35,1.18,1.17,0.58,0.55,0.23,1.23,0.98,0.55,0.40,0.80,0.62,0.45,0.82,0.44,0.73,1.25,0.57,1.00,0.27,1.13,1.67,1.50,1.47,2.00,0.70,0.62,0.73,1.15,0.73,1.25,0.57,0.90,0.64,0.95,0.65,0.90,0.90,0.93,0.85,1.25,0.85,1.00,0.88,1.25,1.03,1.40,1.20,0.90,1.47,1.02,1.05,1.17,1.12,1.57,0.74,0.57,0.37,0.62,0.84,1.27,0.77,0.62,2.25,1.30,1.00,1.27,1.07,1.20,0.80,0.90,0.70,1.00,1.73,0.90,0.80,0.90,0.45,0.98,0.70,1.28,0.57,0.63,1.05,0.66,0.50,0.95,0.85,0.93,1.27,0.81,0.75,1.35,0.40,0.20,1.36,0.43,1.10,2.70,0.75,0.90,0.75,0.60,0.60,0.75,0.95,0.90,0.70,1.00,0.65,0.90,0.70,0.63,0.30,0.60,0.65,0.67,0.85,1.35,0.90,0.50,0.55,0.75,1.15,,0.65,0.50,1.40,,1.46,0.72,0.43,1.43,1.50,0.70,0.47,0.57,0.40,0.30,0.40,0.43,0.45,0.60,0.60,0.77,0.38,1.45,0.73,1.10,0.85,1.65,0.90,0.45,0.97,0.95,0.70,0.57,0.55,0.77,1.50,0.70,0.60,1.20,0.86,0.95,1.15,1.30,0.80,0.50,0.65,0.85,0.80,0.67,1.50,0.70,0.77,0.52,1.03,0.93,0.80,0.50,0.45,0.98,1.47,0.30,1.07,0.88,1.02,0.87,0.70,0.87,0.90,0.80,1.50,0.72,0.93,0.85,0.90,0.70,1.43,1.08,0.93,1.07,1.20,0.90,0.83,0.77,0.30,0.64,0.78,0.70,1.18,0.35,1.15,1.15,1.30,0.80,1.10,1.05,1.00,0.75,0.30,0.90,0.75,0.55,0.65,0.93,0.63,0.40,0.93,0.47,1.57,1.00,0.77,0.80,0.50,1.80,0.10,0.93,0.55,0.60,1.00,0.90,0.60,0.80,0.30,0.40,0.50,1.00,0.50,1.00,0.50,0.40,0.30,0.45,0.60,0.60,0.85,0.65,0.60,0.35,0.30,1.10,0.30,0.40,0.65,0.50,0.50,0.80,0.80,0.60,0.60,0.50,0.95,0.55,0.60,0.50,,0.90,0.80,1.30,0.70,0.30,0.50,0.40,0.70,0.30,0.75,0.40,0.50,0.40,1.25,1.85,0.80,0.25,0.80,0.40,0.85,0.73,1.10,,0.55,0.70,
20160913,18,CO_24h,1.01,1.63,1.12,2.08,0.70,1.63,1.22,0.43,0.65,1.23,0.97,1.30,1.68,0.94,0.62,1.06,1.09,0.67,0.99,0.74,1.01,0.99,0.73,1.00,1.30,0.90,0.79,0.97,0.97,0.83,0.78,0.67,0.90,0.75,0.59,0.73,0.70,0.60,0.80,1.00,0.70,0.70,0.63,0.87,0.88,0.75,0.57,0.82,1.17,0.76,1.32,0.86,0.76,0.82,0.75,0.58,0.72,0.77,0.80,0.60,0.60,0.77,0.84,0.35,1.10,1.03,0.64,0.66,0.37,1.47,1.00,1.10,0.45,0.82,1.03,0.75,0.92,0.50,1.40,1.47,0.60,1.27,0.30,1.48,2.00,1.70,1.20,3.00,0.78,0.78,0.90,1.30,1.43,1.15,0.57,1.00,0.84,0.75,0.65,0.90,0.85,0.77,0.80,1.00,0.95,0.80,0.70,1.25,1.63,1.23,1.70,1.24,1.23,1.22,1.20,1.42,0.98,1.73,0.90,0.65,0.47,0.30,0.78,0.93,0.97,0.84,2.20,2.00,1.15,1.53,1.03,1.23,0.86,1.25,1.02,0.90,1.87,0.80,0.73,1.02,0.40,0.75,0.72,1.62,0.67,0.67,0.90,0.90,0.55,0.90,1.15,0.73,1.27,0.80,1.03,1.85,0.70,0.53,1.48,0.47,0.95,2.45,0.65,0.85,0.85,0.65,0.70,0.90,0.90,0.85,0.65,1.05,0.60,0.87,0.90,0.70,0.40,0.75,0.75,0.93,1.00,1.50,1.15,0.65,0.70,0.70,1.25,,0.45,0.60,1.23,,2.20,0.98,0.80,1.58,1.40,0.95,1.00,1.03,0.40,0.40,0.65,0.73,0.60,0.55,0.70,1.38,0.42,1.52,0.93,1.00,0.85,1.50,0.90,0.65,0.93,0.75,0.40,0.57,0.60,0.47,1.30,0.65,0.35,1.20,0.86,0.97,1.10,1.18,0.67,0.50,0.80,0.90,0.90,0.70,1.40,0.60,0.77,0.43,0.97,0.93,0.77,0.50,0.55,1.40,1.57,0.57,1.10,0.95,0.85,1.13,0.95,1.13,0.95,0.87,1.43,0.60,0.93,0.70,0.97,0.88,1.47,0.97,1.03,1.00,1.45,1.00,0.70,0.90,0.45,0.88,1.05,0.85,1.40,0.55,1.30,1.05,0.50,0.68,1.00,1.05,1.03,0.80,0.40,0.80,0.85,0.95,0.75,0.57,1.10,0.40,0.87,0.43,1.30,1.18,0.60,0.85,0.57,1.80,0.15,1.07,0.63,0.50,0.75,1.05,0.60,0.70,0.50,0.40,0.90,1.00,0.40,1.10,0.60,1.07,0.75,0.65,0.60,0.90,1.05,0.65,0.55,0.35,0.30,1.35,0.40,0.40,0.80,0.75,0.50,0.80,1.15,0.80,1.10,0.40,1.05,0.65,0.55,0.55,,0.85,0.80,1.90,0.60,0.30,0.50,0.50,2.80,0.30,0.70,0.50,0.50,0.55,1.45,1.45,1.00,0.20,0.90,0.63,0.90,1.03,1.10,,0.80,0.70,
20160913,19,AQI,108,59,104,91,51,61,136,62,69,76,69,65,83,55,34,61,47,53,43,40,68,51,53,79,70,44,57,60,51,54,74,53,73,43,42,30,34,41,50,34,33,30,47,26,88,23,29,53,68,57,71,65,58,42,37,35,51,51,75,34,42,59,47,29,186,94,53,51,34,80,55,45,38,66,58,49,33,36,61,53,50,56,21,88,89,70,154,181,89,49,85,98,69,78,50,56,42,53,34,52,54,44,43,39,58,55,48,79,33,78,40,49,56,41,46,56,65,43,57,43,46,32,49,74,70,76,60,65,96,55,105,66,73,58,38,47,57,73,63,63,17,74,74,57,151,91,83,93,75,61,106,72,49,63,100,48,44,20,44,44,159,104,81,80,91,51,61,48,71,55,51,46,57,56,49,46,57,47,80,58,138,58,56,43,61,59,39,,66,66,84,,58,36,65,54,35,76,62,34,30,31,55,51,22,44,50,54,42,31,46,28,51,53,38,51,35,52,70,39,18,30,46,45,55,18,90,54,59,56,78,53,58,66,59,65,58,43,65,26,24,20,35,39,57,57,53,50,54,54,56,53,51,62,46,55,69,79,67,146,114,47,80,84,51,104,64,53,60,63,43,54,57,57,46,52,71,58,66,44,57,59,62,46,47,58,43,51,28,57,69,74,69,73,211,101,33,93,57,20,30,51,45,40,80,53,37,64,41,55,52,46,34,36,39,47,25,21,43,58,58,37,34,28,23,71,20,22,54,33,65,80,29,60,34,45,90,64,49,54,,51,39,52,43,30,27,68,18,30,27,54,48,51,31,52,31,58,53,73,103,46,61,,29,82,
20160913,19,PM2.5,81,42,78,68,32,44,104,26,41,46,49,30,61,21,15,38,31,18,24,22,39,27,32,58,51,26,38,36,35,31,54,26,53,30,26,17,24,29,34,24,14,18,33,16,62,9,16,20,49,37,52,28,41,29,21,19,30,34,50,23,22,38,28,20,140,70,36,26,23,59,32,20,17,36,37,34,15,13,44,27,30,40,15,65,66,43,118,137,66,30,63,73,50,57,34,37,24,24,16,30,32,24,28,27,37,23,32,58,20,57,20,31,35,18,18,40,47,29,39,28,16,14,24,46,38,36,30,43,72,39,79,48,48,31,26,33,32,53,43,44,6,54,54,35,116,68,49,69,55,44,80,51,16,45,75,4,13,7,14,17,121,77,58,59,68,33,44,23,37,30,36,32,24,32,27,32,34,29,38,38,40,36,40,30,44,42,27,,48,38,62,,23,15,21,38,21,16,16,18,21,6,24,22,7,29,22,27,22,13,25,17,22,31,9,32,16,15,36,19,6,16,32,13,20,3,67,38,35,36,49,16,40,48,41,47,40,18,47,13,15,11,13,17,34,33,36,31,38,38,37,29,34,40,25,34,50,58,35,112,86,28,59,57,28,78,41,27,34,45,29,23,40,31,31,35,49,41,48,27,32,34,30,32,33,41,23,35,15,26,50,54,50,53,161,76,21,69,22,7,21,34,23,28,44,36,26,46,29,15,30,13,17,25,14,15,13,10,30,41,41,12,24,10,10,24,13,8,22,10,47,59,14,33,10,8,67,36,34,26,,17,27,31,8,13,9,17,5,4,8,33,26,19,9,23,13,38,5,13,32,16,28,,11,25,
20160913,19,PM2.5_24h,80,61,100,66,31,48,95,22,21,55,42,32,52,29,21,53,33,27,28,35,49,41,41,55,45,42,54,55,45,43,48,34,61,38,22,21,31,38,39,29,16,44,42,30,54,11,15,29,70,50,55,35,41,24,17,16,32,25,38,26,15,31,25,12,91,53,45,33,11,73,37,29,22,31,40,32,25,15,82,22,24,33,15,76,65,71,77,121,73,37,66,81,78,70,51,35,23,16,24,36,17,17,23,33,26,10,20,41,33,62,24,37,26,19,24,61,34,37,31,23,22,7,17,37,49,36,26,50,41,55,67,61,49,66,51,63,41,43,17,33,5,43,54,54,119,67,37,89,58,54,75,38,25,40,87,12,21,22,13,26,76,89,61,58,74,36,41,24,40,40,33,36,28,42,43,45,40,40,46,54,40,56,53,44,59,45,40,,46,44,57,,23,29,33,33,18,36,35,42,30,16,25,25,6,27,28,46,23,11,28,23,26,30,13,32,11,11,17,16,10,11,21,15,11,5,63,41,42,31,19,19,47,47,60,43,23,14,51,14,13,12,13,15,27,51,42,37,34,38,44,38,40,43,55,54,39,49,51,71,48,36,60,62,35,63,53,38,32,54,50,41,49,46,40,46,50,41,46,32,24,28,21,24,42,38,17,32,19,18,75,61,34,52,115,102,18,47,40,10,15,41,49,29,25,43,29,42,30,18,38,22,27,29,31,79,28,14,37,50,34,14,18,9,10,38,23,12,42,18,47,39,25,27,19,20,55,35,20,27,,20,11,31,11,18,12,20,10,8,18,32,20,25,21,18,29,43,17,35,30,26,33,,19,35,
20160913,19,PM10,106,66,117,94,51,68,154,73,88,101,87,79,85,60,34,71,47,56,43,40,85,52,56,102,77,44,63,69,51,58,97,55,86,42,42,30,34,38,50,34,25,29,39,22,126,23,29,55,77,63,81,80,66,42,37,35,52,51,86,34,42,67,47,24,182,109,56,52,34,98,59,45,38,81,66,46,33,22,67,56,50,53,20,82,112,89,166,187,114,49,106,108,70,69,50,61,42,56,34,53,57,42,43,28,65,60,48,71,33,79,40,49,61,41,46,62,80,43,63,43,46,32,49,65,86,101,69,80,125,56,109,74,95,51,36,47,64,72,76,76,17,90,70,63,119,92,116,95,92,59,123,93,49,72,104,48,42,19,44,44,155,158,112,77,89,51,71,47,92,59,46,46,63,62,49,45,63,47,109,65,59,65,56,37,70,55,35,,68,82,117,,65,36,79,52,35,101,73,34,29,31,60,52,13,30,50,57,42,28,46,28,52,56,36,51,35,53,90,39,18,30,45,45,60,15,97,56,67,61,82,56,65,67,68,63,66,43,71,26,24,11,35,39,64,64,56,50,53,57,62,55,52,74,46,59,73,75,84,140,123,47,82,117,51,128,78,55,69,75,43,57,63,64,46,53,91,66,78,44,63,67,73,42,47,64,43,51,28,64,60,82,79,76,247,123,33,90,63,20,18,51,45,39,110,55,35,61,34,59,54,46,34,31,39,47,25,21,40,,57,37,30,28,23,92,,15,58,33,61,76,29,69,12,20,86,77,48,57,,52,34,53,37,30,27,86,18,26,22,58,48,51,31,53,30,65,56,95,155,46,72,,29,114,
20160913,19,PM10_24h,83,88,160,98,56,73,154,58,50,94,68,76,83,76,51,95,53,50,46,42,96,65,62,86,83,59,76,89,75,65,85,71,86,54,39,33,46,58,56,47,26,53,57,45,108,27,30,65,140,100,73,88,64,38,28,31,48,37,62,39,28,53,43,22,133,81,68,57,30,108,85,64,41,81,72,56,67,24,128,42,39,57,23,144,107,132,108,204,136,62,121,119,112,113,57,71,41,33,34,55,32,31,34,50,43,25,31,72,50,98,53,60,42,50,53,84,61,60,50,42,56,19,34,57,86,64,55,78,64,112,98,96,95,128,69,102,68,58,34,51,12,63,72,103,103,86,74,125,109,79,109,63,37,59,102,53,55,29,44,65,104,169,88,81,99,56,66,37,84,78,57,54,52,84,61,60,78,67,87,89,62,73,72,52,96,61,63,,68,88,110,,55,46,85,54,32,64,98,79,67,50,39,47,19,37,56,78,43,19,62,35,56,59,38,60,19,38,49,27,21,17,32,45,25,15,96,61,73,53,36,35,71,83,67,59,54,29,64,25,25,23,26,32,47,73,64,59,47,56,79,54,63,66,75,73,65,93,101,110,107,60,88,115,59,116,87,60,56,95,78,72,78,79,68,69,98,75,86,51,36,44,36,33,71,61,42,45,31,45,90,84,50,70,177,159,32,58,77,23,22,63,86,43,67,66,36,60,47,53,67,40,42,36,39,130,48,34,42,61,50,31,16,20,16,121,19,18,68,45,59,57,67,52,35,53,72,63,31,53,,49,40,52,34,38,28,60,21,20,27,57,32,75,68,56,70,75,52,111,116,63,60,,47,92,
20160913,19,SO2,2,5,29,23,8,10,14,19,80,7,19,9,19,22,9,16,7,7,8,10,11,9,16,15,25,3,10,20,13,12,13,10,10,8,8,6,27,12,8,6,9,5,5,3,14,5,6,13,21,10,10,8,18,8,7,15,7,11,9,8,7,9,10,4,15,12,5,15,4,10,5,16,7,16,14,16,16,6,13,13,13,17,5,12,19,21,31,22,24,13,23,31,14,8,6,23,10,13,10,10,5,10,5,5,12,11,9,15,11,34,25,12,36,22,13,10,16,11,24,9,4,4,14,16,12,15,13,13,19,11,24,12,14,16,19,15,8,18,9,29,3,14,11,15,13,8,13,7,4,19,12,20,8,6,8,8,6,9,5,6,27,44,14,10,14,14,8,8,15,10,12,10,5,8,10,9,7,14,19,17,10,12,8,13,3,6,12,,5,13,15,,18,12,38,18,25,23,18,6,8,9,14,6,4,15,28,15,6,24,16,11,5,3,4,11,6,6,4,13,3,6,6,20,11,13,22,15,12,12,29,25,48,15,13,15,19,19,22,5,9,8,11,3,11,24,11,23,26,14,31,6,5,18,11,10,11,14,15,14,17,4,10,9,15,23,9,5,12,8,7,19,24,17,11,8,6,14,15,10,6,10,14,10,5,13,8,7,7,25,15,12,29,3,22,7,26,9,6,12,32,18,21,7,17,13,9,2,10,4,10,7,10,15,10,5,8,7,6,13,7,10,7,4,7,26,,4,14,6,14,41,4,9,10,7,6,9,7,6,,12,10,26,12,8,12,13,6,11,7,6,3,2,3,8,22,5,3,6,3,11,10,,9,50,
20160913,19,SO2_24h,3,12,27,48,11,19,32,15,13,8,26,14,34,33,12,18,9,7,9,12,18,13,22,25,34,6,15,25,23,16,16,16,21,13,11,5,9,15,19,8,11,12,15,5,15,5,9,9,22,17,11,16,16,10,7,11,11,10,16,11,6,14,14,4,15,12,7,21,4,16,8,30,16,14,22,12,20,6,18,14,19,35,7,23,38,30,45,37,35,16,26,44,20,15,10,20,12,11,12,17,6,9,7,11,15,7,8,47,23,27,30,14,35,32,16,13,21,18,24,10,4,3,14,14,15,26,10,24,15,11,19,17,14,25,33,24,6,16,9,23,3,11,14,49,16,11,12,10,10,20,12,12,7,8,12,110,11,24,5,7,25,34,17,15,20,22,9,10,25,12,12,10,13,12,16,14,9,18,23,20,15,16,12,15,4,9,17,,3,20,17,,21,33,48,59,27,31,85,8,8,15,19,8,7,9,43,21,9,20,11,20,9,10,2,8,6,5,3,12,5,6,6,20,9,12,17,18,17,16,28,25,21,12,29,15,32,11,28,6,12,11,8,5,8,36,34,55,28,31,32,17,20,18,14,16,18,25,11,10,26,15,16,11,27,28,10,9,12,27,8,19,26,33,22,19,19,17,6,11,7,15,13,13,11,15,14,9,8,19,24,17,20,9,18,8,26,6,6,12,28,34,21,14,18,18,3,5,31,5,19,8,9,15,16,37,27,6,9,13,9,9,6,5,8,26,,4,10,8,24,9,24,13,12,10,11,10,6,8,,14,11,20,14,9,11,12,7,11,7,7,3,3,4,9,25,4,2,7,8,15,8,,13,21,
20160913,19,NO2,41,35,32,51,22,29,36,38,41,36,47,38,34,62,59,73,22,66,60,31,52,57,22,34,98,15,41,33,27,15,9,19,31,48,54,54,31,28,45,27,13,16,22,23,52,15,29,37,69,26,72,61,22,40,56,29,34,36,45,22,24,28,25,12,50,81,25,28,10,46,37,38,18,39,22,41,34,20,34,33,35,20,19,39,37,22,28,89,31,25,30,61,59,80,29,24,23,18,9,14,25,11,18,14,39,17,25,22,13,41,39,32,25,28,29,51,51,34,51,52,46,43,45,31,25,21,22,26,38,24,53,38,25,31,29,23,21,25,26,19,7,48,29,34,23,25,45,26,27,43,41,34,50,33,34,13,13,24,14,14,37,86,45,36,28,34,32,16,33,17,12,23,13,40,30,27,40,19,30,40,17,19,28,10,26,47,48,,23,22,30,,15,32,37,11,44,39,21,46,22,31,23,25,33,13,31,49,33,20,55,56,47,17,75,21,24,26,16,22,20,47,54,43,67,22,29,44,48,20,17,17,37,27,15,42,31,21,32,15,20,9,18,41,9,30,20,10,17,11,23,7,14,50,20,31,36,32,20,36,34,19,35,51,34,40,14,20,19,25,3,27,27,30,26,26,21,15,43,8,26,19,21,19,11,11,36,15,9,39,13,24,46,33,72,105,21,54,22,17,22,20,24,25,55,25,34,58,6,24,11,6,25,6,10,8,21,13,24,,9,21,16,6,14,12,,7,27,17,24,40,22,20,13,14,27,21,22,27,,41,33,70,9,4,14,17,8,7,52,15,17,17,32,5,8,8,1,8,6,8,17,,6,18,
20160913,19,NO2_24h,52,56,55,49,40,35,56,30,26,47,47,48,52,45,41,51,32,40,40,30,46,55,31,31,47,20,41,40,32,13,13,23,41,39,37,34,32,36,30,21,13,34,27,24,52,18,25,28,63,38,40,45,36,32,28,28,35,31,32,25,14,33,24,9,62,62,31,26,13,51,56,36,24,50,42,31,40,23,43,17,30,37,19,50,29,46,29,73,36,37,45,55,48,68,17,25,20,12,9,12,20,8,15,21,26,9,14,27,23,32,30,35,26,40,21,29,28,32,32,29,19,17,29,32,29,21,17,33,25,22,40,36,38,58,32,30,25,16,12,18,4,33,23,45,26,26,26,20,41,23,44,28,34,30,48,18,33,18,15,21,40,73,27,44,48,28,35,21,28,23,9,17,12,37,34,29,33,31,33,46,23,20,36,12,29,31,49,,21,27,26,,19,28,42,28,30,23,36,35,23,23,39,24,24,10,29,36,18,19,35,31,30,22,32,14,13,13,8,18,11,12,35,19,19,16,28,33,30,23,23,16,48,23,22,27,29,19,37,13,13,9,16,34,9,24,25,19,11,14,21,10,21,30,23,29,36,23,18,30,34,21,30,30,34,57,21,20,14,29,7,25,17,36,24,21,22,26,23,12,14,17,19,19,17,10,24,18,12,29,16,21,31,27,47,63,21,26,18,10,27,23,28,16,29,31,21,38,19,15,17,7,20,8,14,21,33,14,26,13,10,23,12,10,11,13,,7,27,32,17,28,34,17,22,19,39,37,12,22,,24,27,38,16,4,13,22,5,6,12,17,19,28,39,18,22,11,12,25,11,20,13,,36,29,
20160913,19,O3,126,109,179,122,109,115,151,99,92,148,153,141,100,74,50,63,92,17,20,103,144,83,108,121,36,116,100,98,108,119,157,123,127,67,64,30,83,123,71,78,105,97,86,83,179,69,66,132,94,130,89,102,132,71,68,103,112,124,180,72,81,122,60,24,97,41,75,65,86,111,100,96,92,112,116,95,105,115,153,51,94,157,49,109,137,127,125,80,116,90,102,84,86,43,74,122,73,154,70,81,39,141,69,79,96,144,71,103,74,122,65,71,114,123,43,60,92,61,104,46,17,16,27,179,176,135,116,126,71,71,86,96,142,166,120,100,134,105,126,66,37,51,80,58,65,73,44,61,94,83,141,133,93,97,133,108,142,64,114,89,128,79,124,148,154,122,102,152,84,97,86,81,121,73,92,96,90,107,137,98,275,87,122,108,80,65,70,,108,149,98,,42,83,82,73,100,57,90,36,61,96,99,63,71,142,57,50,50,100,40,37,15,81,25,45,29,27,13,27,3,20,58,11,8,58,122,112,93,165,182,86,116,152,162,147,75,58,85,67,58,63,89,9,112,98,67,123,116,140,127,106,132,85,107,103,78,57,118,134,111,92,126,135,127,146,144,146,156,156,89,105,81,123,111,96,113,140,68,51,42,76,81,64,73,59,42,101,72,83,115,74,36,83,40,53,103,53,82,36,82,82,61,62,47,78,45,40,62,80,101,67,40,46,67,59,62,31,31,55,66,17,64,87,69,25,65,70,98,87,109,109,66,118,108,143,51,109,97,100,,70,90,39,137,57,86,106,24,97,87,115,110,100,85,95,100,100,86,96,105,88,73,,81,163,
20160913,19,O3_24h,175,153,246,173,121,148,181,117,145,195,213,201,148,123,122,150,125,81,72,139,237,157,151,159,160,181,181,179,174,181,184,158,155,152,143,109,140,237,158,109,141,98,115,94,212,82,127,143,163,164,154,180,168,144,114,118,202,208,230,150,122,173,100,96,157,80,100,104,117,139,131,120,140,133,181,130,130,129,200,97,151,179,99,194,224,156,179,160,174,145,164,136,138,135,132,161,114,166,113,123,111,148,100,142,125,144,110,125,80,150,98,99,136,129,107,125,168,121,134,88,64,80,69,198,214,150,143,167,135,88,118,122,185,199,163,202,167,151,139,107,45,107,115,116,106,90,101,81,130,104,152,147,139,127,161,109,157,98,123,103,178,139,217,205,228,158,171,163,143,130,102,141,183,158,134,142,174,139,194,170,313,157,184,137,107,97,79,,119,181,165,,48,142,101,88,126,100,122,84,81,144,141,79,103,143,87,124,98,106,80,104,96,128,91,86,94,69,44,41,25,65,66,57,89,85,184,160,196,170,197,101,164,197,236,192,123,116,108,94,97,96,107,58,146,126,121,171,116,150,153,128,159,117,154,155,110,132,221,147,132,172,139,164,200,175,189,169,216,214,106,134,122,200,130,131,133,151,149,79,86,96,126,120,102,107,96,102,78,133,218,115,119,109,76,114,117,87,111,60,93,132,95,101,145,99,80,103,119,106,126,109,84,69,80,115,86,66,69,99,87,40,95,129,91,50,80,85,121,105,127,137,78,145,129,159,104,124,110,138,,91,112,48,139,74,105,126,31,108,112,133,124,106,95,169,109,107,87,99,115,125,82,,102,163,
20160913,19,O3_8h,129,132,193,148,110,132,166,107,117,162,193,179,119,97,97,103,109,63,53,123,207,132,133,144,95,158,150,149,147,147,164,146,145,114,114,50,115,200,129,81,118,86,92,77,180,75,101,124,133,144,99,150,149,113,95,93,155,159,187,114,100,150,83,30,116,48,86,84,100,106,111,103,111,95,138,117,115,122,167,85,127,154,73,150,197,142,149,129,143,108,139,118,104,95,110,146,100,141,73,111,77,116,88,106,110,98,86,112,73,120,84,86,108,118,82,98,136,89,113,75,53,44,55,178,197,141,125,153,94,77,90,88,157,181,143,141,145,137,126,92,39,51,86,80,72,64,61,64,116,92,132,124,105,102,142,103,140,82,108,91,153,118,190,175,194,146,142,146,123,119,92,113,147,129,119,126,136,121,174,139,279,136,158,131,94,85,68,,104,165,132,,40,120,85,75,103,85,108,72,71,125,124,73,93,139,79,93,85,98,66,83,67,99,76,74,63,49,29,32,14,36,54,47,35,77,152,139,153,149,170,90,145,180,203,167,91,97,84,77,81,80,101,11,119,118,97,152,99,135,139,120,144,98,123,133,85,78,128,135,118,146,117,144,160,146,169,162,170,170,96,124,110,149,119,120,121,136,131,70,73,89,109,99,89,92,77,93,71,112,111,88,42,74,61,86,99,69,87,41,73,103,71,68,109,86,64,82,67,91,116,87,64,56,74,83,70,50,51,82,74,25,84,81,78,33,67,76,104,94,90,126,73,132,119,144,80,112,102,100,,79,103,41,134,64,100,115,22,98,105,122,111,101,88,85,96,96,77,90,106,92,67,,87,124,
20160913,19,O3_8h_24h,129,134,193,149,110,136,166,107,117,162,194,179,119,97,99,104,110,71,59,130,209,141,142,144,100,162,158,155,152,153,164,148,145,126,127,65,124,205,139,84,128,86,92,77,180,76,106,124,134,146,127,156,149,115,97,93,156,159,187,117,100,150,84,30,122,56,86,85,100,106,113,103,111,95,138,118,115,122,167,78,129,154,77,150,200,142,151,129,144,112,141,119,105,105,112,147,103,141,76,114,87,116,91,107,110,98,90,112,73,122,84,86,108,118,86,103,137,90,114,76,57,45,58,178,197,141,125,153,133,77,94,88,157,181,144,142,145,141,126,96,41,81,106,80,74,75,75,66,117,92,132,124,105,103,142,103,140,82,108,91,153,124,192,175,194,148,149,146,126,121,93,117,147,137,123,130,149,125,176,147,279,140,158,135,95,88,73,,104,165,132,,40,121,85,75,103,85,108,78,71,125,125,73,95,139,80,94,87,98,68,86,69,99,81,76,66,51,32,35,15,45,54,51,45,77,164,139,154,149,173,90,147,180,203,169,91,100,88,84,84,86,103,36,121,120,99,157,99,135,140,122,147,98,128,133,91,91,128,135,118,157,117,144,163,146,169,164,170,170,96,126,114,156,119,122,121,136,135,72,74,89,110,104,89,99,77,93,71,113,132,98,78,83,63,89,99,69,89,41,74,103,74,80,110,86,66,86,72,91,116,98,68,57,77,88,70,52,53,82,74,37,84,89,81,33,74,76,104,94,90,127,73,132,119,144,83,112,102,104,,79,104,41,134,64,100,115,22,101,105,122,111,101,88,143,96,96,77,90,106,92,67,,87,124,
20160913,19,CO,1.19,1.18,1.28,1.50,0.68,1.00,0.92,0.57,1.33,1.47,0.77,1.05,0.53,0.99,0.70,0.86,1.06,0.80,0.88,0.67,0.90,0.93,0.65,1.20,1.62,0.70,0.71,0.70,0.83,0.80,0.94,0.80,0.95,0.77,0.70,0.95,0.60,0.50,0.80,1.03,0.77,0.50,0.57,0.80,0.99,0.68,0.53,0.95,1.13,0.61,1.36,0.64,0.66,0.82,0.78,0.65,0.66,0.90,1.13,0.65,0.74,0.83,0.77,0.38,1.24,1.18,0.64,0.64,0.30,1.26,1.00,0.65,0.50,0.80,0.62,0.70,0.82,0.46,0.88,1.42,0.87,1.08,0.27,1.25,1.90,1.70,1.33,1.80,0.82,0.62,0.70,1.30,0.87,1.30,0.63,0.95,0.84,1.03,0.65,0.83,0.95,1.00,1.00,1.15,1.15,1.15,1.15,1.25,1.07,1.23,1.33,1.58,1.35,1.30,1.18,1.28,1.15,1.58,0.90,0.78,0.70,0.66,1.08,1.33,0.88,0.71,2.43,1.70,0.95,1.30,1.07,1.30,0.77,0.90,0.80,1.10,1.93,1.03,0.90,0.97,0.55,1.02,0.78,1.30,0.67,0.63,1.02,0.84,0.55,1.25,1.00,1.00,1.60,0.86,1.03,0.25,0.60,0.27,1.40,0.43,1.05,2.45,0.70,1.00,0.75,0.70,0.65,0.75,1.05,1.15,0.70,1.05,0.70,0.93,0.75,0.67,0.30,0.60,0.65,0.87,0.95,1.40,0.90,0.55,0.60,0.90,1.15,,0.75,0.70,1.37,,1.30,0.92,0.73,1.43,1.55,0.90,0.50,0.73,0.50,0.40,0.50,0.50,0.50,0.60,0.73,0.85,0.45,1.52,0.93,1.20,0.95,1.35,1.20,0.55,1.07,1.25,1.10,0.77,0.60,1.00,1.60,0.90,0.85,1.30,0.94,1.00,1.35,1.33,0.87,0.57,0.75,0.95,0.90,0.82,1.55,0.90,0.77,0.53,1.10,0.97,0.87,0.30,0.55,1.05,1.67,0.47,1.15,0.80,1.00,0.97,0.75,0.93,0.85,0.93,1.60,0.75,0.93,0.95,0.97,0.76,1.53,1.20,1.07,1.03,1.30,1.00,0.80,0.83,0.30,0.76,0.85,0.75,1.32,0.48,1.27,1.13,0.95,0.80,1.23,1.05,1.10,0.90,0.35,1.10,0.85,0.75,0.65,0.90,0.67,0.45,1.00,0.57,1.73,1.45,0.80,1.10,0.63,1.90,0.15,0.95,0.55,0.63,1.05,1.00,0.70,0.80,0.30,0.35,0.60,1.10,0.70,1.05,0.60,0.40,0.45,0.60,0.60,0.70,0.95,1.20,0.85,0.30,0.30,1.10,0.30,0.40,0.73,0.70,0.75,0.85,0.90,0.80,0.70,0.35,1.00,0.55,0.75,0.55,,1.10,0.90,1.40,0.70,0.40,0.50,0.30,0.80,0.30,0.85,0.50,0.55,0.50,1.25,1.85,0.70,0.20,0.80,0.37,0.80,0.73,1.10,,0.60,0.90,
20160913,19,CO_24h,1.03,1.63,1.12,2.08,0.70,1.63,1.22,0.47,0.68,1.23,0.93,1.25,1.68,0.99,0.63,1.06,1.09,0.67,1.00,0.73,0.99,0.99,0.73,1.00,1.34,0.90,0.77,0.97,1.00,0.83,0.78,0.67,0.90,0.75,0.60,0.73,0.70,0.60,0.80,1.00,0.70,0.70,0.60,0.83,0.88,0.75,0.57,0.82,1.17,0.76,1.32,0.84,0.74,0.81,0.75,0.58,0.72,0.77,0.80,0.60,0.60,0.83,0.84,0.30,1.13,1.05,0.64,0.66,0.35,1.44,1.00,1.10,0.45,0.83,1.02,0.75,0.90,0.50,1.40,1.47,0.63,1.33,0.30,1.48,2.00,1.70,1.20,3.00,0.78,0.78,0.90,1.30,1.40,1.20,0.60,1.00,0.82,0.78,0.65,0.90,0.85,0.80,0.80,1.00,0.95,0.80,0.70,1.25,1.63,1.23,1.70,1.26,1.25,1.20,1.18,1.40,1.02,1.73,0.90,0.65,0.47,0.32,0.78,0.93,0.97,0.87,2.22,2.00,1.15,1.53,1.03,1.23,0.75,1.25,1.00,0.90,1.87,0.80,0.73,1.03,0.40,0.75,0.72,1.60,0.67,0.63,0.90,0.90,0.55,0.95,1.05,0.77,1.23,0.80,1.03,1.75,0.70,0.53,1.50,0.47,0.95,2.50,0.65,0.90,0.85,0.65,0.70,0.90,0.90,0.85,0.65,1.05,0.60,0.90,0.90,0.70,0.40,0.75,0.75,0.93,1.00,1.50,1.15,0.60,0.70,0.75,1.25,,0.50,0.60,1.23,,2.18,0.98,0.80,1.58,1.45,0.95,1.00,1.03,0.40,0.40,0.65,0.73,0.60,0.55,0.70,1.38,0.45,1.52,0.97,1.00,0.90,1.50,0.90,0.65,0.93,0.80,0.47,0.57,0.60,0.47,1.30,0.65,0.40,1.20,0.88,0.97,1.10,1.20,0.67,0.50,0.80,0.90,0.90,0.70,1.40,0.60,0.77,0.45,0.97,0.93,0.73,0.50,0.55,1.38,1.57,0.57,1.13,0.95,0.88,1.13,0.95,1.10,0.95,0.87,1.47,0.60,0.93,0.70,0.97,0.88,1.47,0.97,1.00,1.00,1.40,1.00,0.70,0.90,0.45,0.88,1.05,0.85,1.40,0.55,1.30,1.05,0.50,0.65,1.03,1.05,1.03,0.80,0.35,0.85,0.85,0.90,0.75,0.57,1.10,0.40,0.87,0.47,1.40,1.18,0.60,0.85,0.57,1.85,0.15,1.07,0.63,0.50,0.75,1.05,0.60,0.70,0.50,0.40,0.90,1.00,0.40,1.10,0.60,1.03,0.75,0.65,0.60,0.90,1.05,0.65,0.55,0.35,0.30,1.35,0.40,0.40,0.83,0.75,0.50,0.75,1.15,0.80,1.10,0.40,1.05,0.65,0.55,0.55,,0.80,0.80,1.90,0.70,0.30,0.50,0.50,2.70,0.30,0.70,0.50,0.50,0.55,1.45,1.45,1.00,0.25,1.00,0.63,0.95,1.03,1.10,,0.80,0.70,
20160913,20,AQI,109,60,129,109,57,68,136,73,79,73,65,77,84,69,42,66,50,73,58,40,66,60,53,80,88,44,60,61,56,60,78,53,78,41,41,29,36,41,50,29,31,29,49,25,86,23,21,57,90,64,74,82,61,51,40,37,51,50,60,35,40,57,54,24,212,93,58,55,41,85,69,57,35,75,59,64,46,30,69,60,59,61,20,85,99,75,181,183,105,49,72,106,64,85,47,57,46,51,33,51,55,42,57,46,60,57,58,81,35,90,48,64,56,56,50,63,68,49,65,58,66,35,58,70,66,78,63,64,78,56,108,63,78,59,47,59,62,71,65,66,17,76,80,59,171,90,78,90,79,64,113,80,61,69,118,52,47,38,42,48,184,114,77,91,90,59,70,47,71,55,55,54,51,60,48,56,75,53,70,61,117,60,61,43,58,64,37,,75,72,88,,57,59,55,58,50,37,53,55,36,43,36,55,27,44,59,59,54,36,52,34,61,52,55,54,34,44,83,52,22,46,46,61,59,29,79,65,58,59,69,52,66,69,75,71,53,68,71,21,26,19,29,24,56,65,54,46,59,58,63,55,54,69,46,56,78,86,70,154,95,52,84,111,53,99,68,55,63,73,60,61,67,60,56,62,76,70,89,45,57,56,58,53,51,56,41,70,37,70,70,81,79,71,211,176,42,126,58,27,26,65,52,43,99,95,54,79,26,50,63,28,40,41,35,62,36,23,51,69,61,33,46,28,21,101,27,23,57,37,69,83,36,62,30,37,95,69,56,58,,60,54,56,50,36,45,33,28,32,38,61,52,66,35,52,37,68,58,63,104,117,75,,30,93,
20160913,20,PM2.5,82,43,98,82,36,43,104,34,48,52,47,39,62,29,19,44,33,30,41,24,42,30,37,55,65,28,43,39,40,43,57,29,57,29,27,18,20,29,35,19,13,20,34,13,64,9,14,25,59,42,54,36,44,30,23,20,34,28,40,23,22,33,32,17,162,69,41,28,29,63,41,29,20,35,39,39,12,12,50,36,36,44,14,63,74,41,137,138,79,34,52,80,43,63,32,26,25,25,17,26,39,20,33,29,43,23,34,60,21,67,26,46,40,27,16,45,49,31,47,41,26,11,29,51,38,44,37,37,57,40,81,45,48,34,33,34,36,52,44,48,7,56,59,38,130,67,57,67,58,42,85,59,34,50,89,11,17,16,13,15,139,86,50,68,67,37,51,23,41,29,39,38,26,33,27,40,55,31,48,41,40,40,44,30,41,46,26,,55,44,65,,21,27,26,41,24,21,15,29,24,9,25,23,8,26,27,37,30,17,27,23,30,28,14,38,16,20,40,27,9,24,31,21,25,9,58,47,22,42,50,18,48,48,55,52,35,4,52,13,12,9,12,12,36,32,36,29,42,41,41,36,38,50,27,37,57,64,36,118,71,30,62,84,32,74,49,39,36,53,43,30,43,34,38,36,56,51,58,30,35,37,32,37,35,40,27,51,19,21,51,60,58,52,161,133,25,96,27,11,15,47,27,30,48,71,25,58,13,16,41,10,19,29,17,30,18,11,34,50,44,10,32,12,13,48,19,16,27,17,50,61,18,33,14,18,71,38,40,34,,17,38,39,18,20,19,13,10,5,15,26,35,31,8,22,8,49,15,18,35,27,23,,8,25,
20160913,20,PM2.5_24h,82,61,100,68,31,48,96,23,22,55,42,33,52,30,21,51,33,27,28,34,49,40,41,55,47,41,54,55,45,43,49,34,62,38,22,21,30,38,39,28,15,42,42,29,55,11,15,29,70,50,55,35,41,24,17,17,32,25,37,25,15,31,25,12,95,54,44,32,12,73,37,30,22,31,40,32,24,14,82,22,25,33,15,76,65,70,81,124,74,37,66,81,78,70,50,35,23,16,23,36,18,17,23,33,26,10,20,42,32,61,24,38,26,20,24,59,35,36,32,25,22,7,17,39,49,36,27,50,40,53,68,59,50,65,50,63,41,44,19,33,5,44,52,54,120,65,39,88,58,54,76,39,25,41,88,12,22,22,13,26,79,91,61,59,74,36,41,24,41,39,33,36,28,42,42,45,40,39,47,53,40,54,53,43,58,45,39,,47,44,58,,23,29,33,33,18,35,35,42,30,16,25,25,6,27,28,44,23,11,28,23,27,30,13,32,11,11,18,16,10,11,21,15,11,5,64,41,32,32,21,19,48,48,61,44,24,14,52,14,13,12,13,15,27,49,41,37,35,39,44,39,40,43,54,54,40,50,51,75,49,36,59,63,36,64,52,38,32,54,50,40,48,46,39,46,50,41,46,32,25,29,22,24,41,38,18,33,19,18,75,58,35,51,119,100,18,47,40,9,15,42,48,28,26,43,29,43,29,18,37,22,26,28,30,76,28,14,37,49,34,14,17,9,10,38,15,12,42,18,48,40,25,27,19,20,56,35,21,27,,20,10,32,12,19,12,20,10,8,18,32,20,25,20,18,28,44,18,35,29,25,32,,19,35,
20160913,20,PM10,104,68,136,122,64,86,173,96,108,95,80,104,98,87,36,82,50,95,55,40,82,70,52,110,100,44,69,72,58,68,99,55,88,40,41,29,28,30,48,29,24,21,42,21,115,23,21,64,129,77,82,113,70,51,40,37,52,50,69,35,40,63,58,23,208,112,62,60,39,109,88,63,35,100,68,77,46,20,78,69,67,62,17,98,138,99,191,224,130,48,93,116,78,68,47,63,46,52,33,51,59,39,63,46,67,63,65,92,35,100,48,70,60,61,50,66,82,49,69,56,82,35,66,80,81,105,75,78,87,55,117,69,105,67,43,67,74,72,79,78,17,94,76,68,144,96,106,100,99,77,152,96,72,78,129,53,47,38,42,48,180,164,104,90,81,68,86,35,92,59,49,56,52,69,48,52,79,56,90,71,65,70,66,42,65,59,31,,84,93,108,,64,68,60,55,41,37,56,60,36,43,36,60,24,36,67,68,57,36,53,34,72,54,60,58,34,44,115,53,22,46,46,72,67,29,95,51,65,66,79,54,72,88,80,78,55,85,67,21,26,12,29,24,62,79,58,46,59,61,75,59,52,64,46,62,72,83,89,182,119,53,86,134,55,126,79,58,75,87,52,72,83,70,62,73,100,76,127,45,63,61,65,51,51,61,41,66,37,90,61,76,95,86,254,233,42,126,65,27,23,69,53,42,148,47,57,71,26,50,76,28,40,34,35,73,36,23,51,,60,33,43,20,20,152,,23,64,37,81,99,36,74,29,30,79,88,57,66,,69,46,61,50,36,45,15,28,32,38,71,53,81,35,54,37,86,65,76,158,183,99,,30,135,
20160913,20,PM10_24h,85,87,159,99,56,73,155,60,53,95,67,78,82,77,51,94,53,51,46,40,96,65,62,87,84,59,75,88,74,65,86,70,87,54,39,32,45,58,56,45,26,51,57,44,108,27,28,66,141,100,71,88,63,39,28,31,48,37,61,38,28,53,44,21,137,82,68,57,28,109,86,65,41,83,71,57,67,24,128,43,40,56,23,144,109,131,115,210,137,61,122,119,112,113,56,70,42,34,34,55,32,32,34,50,43,27,32,74,49,95,53,60,44,50,53,82,62,60,50,45,56,19,34,58,86,64,55,78,62,109,100,92,96,126,67,101,69,59,36,53,12,64,69,102,103,82,76,122,109,79,112,65,39,60,104,55,56,29,44,64,107,173,89,82,100,56,66,37,84,77,57,54,52,84,61,59,77,66,87,89,62,72,72,51,94,60,61,,70,87,109,,55,47,85,55,32,63,97,80,62,50,39,48,18,37,56,76,43,20,63,35,57,60,39,59,19,38,50,28,21,18,31,46,26,15,97,61,60,54,38,36,72,84,69,60,55,32,64,25,25,23,26,32,48,73,65,59,48,58,79,55,63,66,73,73,65,90,99,115,108,60,86,115,60,117,86,61,56,95,74,71,78,79,68,70,98,75,88,51,37,45,37,34,70,61,42,46,31,46,89,79,52,71,182,155,29,59,76,23,21,63,84,40,69,65,37,60,46,52,66,39,42,36,38,126,48,33,42,61,50,31,18,19,16,118,18,18,69,44,60,58,68,53,35,53,72,64,32,53,,51,40,50,35,39,28,56,21,21,27,58,33,76,66,57,70,76,53,112,109,67,62,,47,96,
20160913,20,SO2,3,5,32,27,9,12,14,13,22,7,25,14,15,25,9,14,6,8,8,11,11,12,19,14,31,6,11,18,14,12,11,12,10,8,8,6,6,13,6,5,9,6,32,3,12,5,5,18,21,11,11,8,19,9,8,18,7,9,22,10,7,8,11,4,15,11,5,18,4,11,6,23,6,18,14,55,17,7,12,14,15,16,5,12,24,20,28,17,29,13,24,30,12,9,5,17,15,13,10,10,5,9,8,6,12,11,13,15,11,50,20,13,59,29,12,8,12,11,37,9,5,4,13,14,11,51,12,12,14,11,16,11,13,19,15,16,7,15,8,30,3,12,11,14,13,15,9,9,4,20,12,17,8,6,9,9,6,12,5,6,23,35,14,11,13,17,8,12,13,10,11,9,5,8,10,9,24,14,17,18,10,12,10,15,3,5,11,,11,12,14,,18,17,33,16,41,25,10,7,8,11,14,7,5,12,42,13,16,28,12,15,5,4,4,13,6,6,4,14,3,6,8,19,12,13,27,19,15,12,27,22,24,7,11,18,23,54,22,4,8,8,9,3,18,37,19,24,28,17,35,12,7,20,10,27,13,14,16,13,19,4,10,13,17,22,9,6,14,8,10,20,43,18,12,22,17,17,14,24,6,11,13,10,5,14,9,12,8,27,18,11,42,3,20,8,25,9,6,13,29,18,23,8,14,18,10,2,14,4,11,7,10,14,11,5,12,7,7,11,6,10,9,4,9,26,17,4,14,7,20,58,69,9,11,11,6,10,7,6,,13,11,23,17,8,14,13,6,10,8,4,3,4,3,12,21,5,3,4,2,6,9,,9,19,
20160913,20,SO2_24h,3,12,28,48,11,19,32,15,14,8,26,15,34,34,12,18,9,7,9,12,18,14,22,24,34,6,15,25,23,16,15,16,21,13,11,6,9,15,19,8,11,12,15,5,15,5,9,10,23,17,11,16,16,10,7,12,11,10,16,12,6,14,14,4,15,12,7,22,4,16,8,30,16,14,22,13,20,6,18,14,19,35,7,23,39,30,44,37,35,16,26,44,20,15,11,20,12,11,12,17,6,9,7,11,15,7,8,47,23,27,30,14,37,32,16,13,21,18,23,9,4,3,14,14,15,26,10,24,15,11,18,16,14,24,32,24,6,17,9,24,3,11,14,49,16,11,12,10,10,20,12,12,7,8,13,109,11,24,5,7,25,34,17,16,20,22,9,10,23,12,12,10,13,12,16,14,9,18,23,20,15,16,12,15,4,8,16,,4,20,17,,21,33,49,59,28,31,85,8,8,15,19,8,6,9,44,21,9,21,11,20,9,10,2,8,6,5,3,13,5,6,6,20,9,12,17,18,18,15,27,25,21,12,29,16,32,12,28,6,11,11,8,5,8,36,33,55,28,31,33,17,20,18,13,17,18,25,11,11,26,15,16,11,27,28,10,9,12,27,8,18,26,33,22,19,18,17,6,11,7,15,13,13,10,15,15,9,8,20,23,16,21,9,18,8,26,6,6,12,28,34,21,14,18,18,4,4,32,5,19,8,9,15,16,35,27,6,9,13,9,9,6,5,8,26,10,4,10,8,25,12,27,13,12,10,10,10,6,8,,14,11,20,14,9,12,12,7,11,7,7,3,3,4,9,25,4,2,7,8,14,8,,12,22,
20160913,20,NO2,52,41,42,59,30,36,56,26,55,41,44,48,55,87,83,89,26,71,73,36,53,71,23,38,105,14,44,34,29,16,12,21,43,42,56,51,26,29,35,23,11,17,23,19,61,23,30,44,73,30,65,74,29,51,64,29,51,38,37,27,30,36,36,11,57,85,32,33,14,56,72,48,37,40,22,48,69,30,32,40,44,25,16,41,40,25,36,105,38,26,28,67,71,66,31,25,25,18,10,11,37,9,25,20,52,19,25,29,15,53,47,40,43,36,36,40,56,37,50,60,44,40,47,28,25,26,32,30,36,31,51,33,32,45,29,30,35,25,20,21,11,62,27,42,22,29,40,26,34,43,51,33,76,40,76,12,27,40,21,25,32,80,44,50,28,32,39,18,36,16,16,24,12,40,29,27,36,21,32,42,18,25,31,10,26,43,31,,28,23,30,,16,42,77,14,100,46,15,56,46,75,34,26,54,12,31,41,39,19,62,59,38,21,102,26,19,27,13,20,18,39,44,35,70,31,37,42,28,19,19,15,45,38,21,50,28,27,30,13,19,7,15,47,15,36,29,10,16,14,25,8,14,32,26,29,38,28,21,37,35,26,37,63,48,39,13,31,19,23,9,36,36,44,35,27,30,22,41,13,22,27,21,24,23,21,48,23,15,32,14,24,60,36,64,120,21,84,21,16,25,25,30,34,47,33,40,69,20,16,18,12,27,7,10,16,41,19,26,8,10,26,29,5,16,12,,13,33,33,45,40,29,24,16,23,30,42,25,28,,40,34,74,13,5,23,17,10,6,34,16,21,56,38,25,8,10,1,11,9,6,16,,14,18,
20160913,20,NO2_24h,52,55,55,50,40,35,57,29,27,45,46,47,52,46,43,50,31,39,40,30,45,55,31,31,49,19,41,40,31,13,13,22,41,39,38,35,32,36,30,22,13,33,26,24,52,18,25,29,64,36,41,47,36,31,29,28,35,30,32,24,14,33,24,9,61,63,31,26,13,50,56,36,23,51,40,31,42,23,43,18,30,36,18,50,29,45,30,76,35,36,45,55,50,68,18,25,20,13,9,11,21,8,16,21,27,10,14,28,23,33,30,35,27,39,20,29,29,32,31,29,20,18,30,32,29,21,17,33,25,22,40,36,37,57,31,29,24,16,12,18,4,35,21,44,24,24,27,20,41,24,43,27,35,30,48,18,33,20,15,20,40,73,28,43,48,28,35,21,28,23,9,16,12,37,34,29,33,30,33,46,23,20,35,12,29,31,47,,21,27,26,,19,29,43,28,33,23,35,35,22,23,37,24,21,10,28,35,19,18,35,31,30,22,34,14,13,14,7,17,12,13,36,18,21,16,27,33,26,22,23,16,49,23,22,28,28,19,37,13,13,9,16,35,9,24,25,19,11,14,21,10,21,30,23,29,36,23,18,30,34,22,29,31,34,55,20,20,14,28,7,24,18,35,25,20,22,25,23,11,15,18,19,19,17,10,25,19,12,28,14,20,33,27,46,62,21,28,18,9,26,23,28,17,29,30,22,38,20,15,17,7,20,8,14,20,33,14,26,13,9,23,13,10,11,13,,7,28,33,18,28,34,17,22,19,38,37,12,22,,25,27,40,16,5,13,22,6,6,13,17,19,29,38,18,22,11,11,25,11,20,13,,34,29,
20160913,20,O3,99,90,153,108,95,93,98,104,68,132,123,139,77,40,20,32,78,9,12,93,119,58,102,107,29,108,83,83,96,111,141,108,99,63,52,29,114,102,71,81,100,91,78,81,136,57,62,108,70,125,84,82,121,47,51,96,69,72,87,56,63,99,45,19,72,23,61,52,77,84,57,89,68,103,102,76,65,97,151,31,73,140,47,94,145,108,103,34,97,85,89,67,55,47,73,113,60,147,64,45,19,134,52,70,66,128,113,84,63,98,51,60,80,115,29,52,55,39,101,22,18,10,19,160,146,130,85,99,68,59,81,93,117,134,121,82,109,99,119,56,30,43,80,42,57,59,38,51,74,47,108,121,41,73,62,105,116,49,95,77,116,66,109,113,135,118,82,149,69,92,73,66,118,62,87,89,87,99,112,81,233,62,119,103,75,55,78,,109,134,83,,39,75,47,69,43,28,86,29,27,37,89,55,32,142,56,59,30,100,24,8,8,55,3,24,28,24,15,27,4,60,60,11,7,35,108,105,78,154,172,86,110,122,129,132,70,51,84,68,49,60,90,3,109,82,75,126,116,124,120,95,119,64,86,93,67,56,110,121,97,73,111,101,88,127,138,122,125,153,59,89,58,97,92,81,97,123,47,41,37,61,76,47,36,46,16,107,59,80,110,82,18,70,39,43,95,19,73,23,83,67,54,42,32,65,30,22,41,57,83,47,24,35,63,45,31,20,20,42,44,14,36,90,66,24,63,50,78,59,49,95,56,105,96,117,55,84,89,97,,65,89,31,135,53,73,107,34,96,70,100,95,50,62,73,97,93,83,92,99,83,60,,73,129,
20160913,20,O3_24h,175,153,246,173,121,148,181,117,145,195,213,201,148,123,122,149,125,81,72,139,237,157,151,159,160,181,181,179,174,181,184,158,155,152,143,102,140,237,158,104,141,98,115,89,212,82,127,143,163,165,152,180,168,144,114,119,202,208,230,150,122,173,100,71,157,80,99,104,117,139,131,120,140,133,181,130,130,129,200,97,151,179,99,194,224,156,179,160,172,145,164,136,136,135,132,161,114,166,113,123,111,148,100,142,125,144,115,125,80,150,98,99,136,129,107,125,168,121,134,90,64,80,69,198,214,150,142,167,135,88,118,122,185,199,163,202,167,151,139,107,45,106,115,116,92,84,101,77,130,104,152,147,139,127,161,109,157,98,123,103,178,139,217,205,228,158,171,163,143,130,102,141,183,158,134,142,174,139,194,170,313,157,184,137,107,97,87,,119,181,165,,48,142,101,88,126,100,122,84,81,144,141,79,103,144,87,124,98,106,80,104,96,128,91,86,94,69,44,41,24,65,66,57,89,85,184,160,167,170,197,100,164,197,236,192,123,116,107,94,97,96,107,58,146,126,121,171,118,150,153,128,159,117,151,155,110,125,221,147,132,172,138,164,200,175,189,169,216,214,106,134,122,200,130,131,133,151,149,79,86,96,126,120,102,107,96,107,78,133,218,113,119,109,76,114,117,87,110,60,93,132,91,81,145,99,79,103,92,106,126,105,84,67,80,115,86,66,64,99,87,40,95,129,91,48,74,85,121,105,127,137,78,145,129,159,104,124,110,138,,87,112,48,139,74,105,126,34,108,112,133,124,106,95,169,105,106,87,99,115,105,82,,102,163,
20160913,20,O3_8h,134,127,196,144,111,129,162,109,116,161,184,175,119,94,88,95,105,56,48,119,198,121,127,142,85,151,139,140,139,141,163,141,141,104,103,46,112,189,120,78,113,90,89,78,176,72,96,124,131,143,101,141,147,107,90,97,151,154,185,107,98,147,78,29,116,47,82,80,99,111,107,106,108,102,137,112,110,120,170,79,123,157,67,146,190,140,146,120,139,103,132,112,104,87,105,143,95,144,70,103,68,124,82,102,105,102,88,112,72,119,81,85,109,120,75,91,129,86,115,72,48,40,50,182,193,139,124,148,93,77,90,92,157,177,140,133,140,131,128,86,38,52,86,80,71,63,62,64,112,87,135,129,103,103,136,104,141,80,107,92,152,113,181,168,188,143,134,146,116,116,90,106,143,119,113,120,125,117,168,129,275,126,155,128,93,80,69,,107,164,131,,41,116,84,77,100,80,107,66,68,115,120,72,85,139,76,90,78,100,62,76,60,96,66,68,59,47,28,32,13,35,54,41,33,74,148,136,121,152,172,89,139,173,197,163,93,90,84,75,75,75,100,8,118,113,93,147,101,135,136,115,140,97,122,131,84,75,131,135,119,135,121,143,146,148,167,156,168,165,94,120,102,142,115,115,120,137,120,65,67,86,105,90,84,84,71,94,70,109,112,88,40,79,59,84,99,66,90,42,76,102,68,65,100,85,59,73,62,91,113,80,58,52,72,76,66,44,47,78,73,23,79,84,76,33,62,74,106,90,94,122,72,129,119,144,78,112,102,103,,79,102,42,135,64,96,116,24,98,101,123,111,95,84,88,98,97,80,93,108,94,69,,88,132,
20160913,20,O3_8h_24h,135,134,196,149,111,136,166,109,118,162,194,179,121,97,99,102,110,71,59,130,209,141,142,144,100,162,158,155,152,153,164,148,145,126,127,65,124,205,139,84,128,90,92,78,180,76,106,125,134,147,127,156,150,115,97,97,156,159,188,117,100,150,84,30,123,56,86,85,100,111,113,106,111,102,139,118,115,122,171,78,129,157,77,150,200,142,151,129,144,112,141,119,108,105,112,147,103,144,76,114,87,124,91,107,110,102,91,114,73,122,84,86,109,120,86,103,137,90,116,78,57,45,58,182,197,141,126,153,133,78,94,92,158,181,144,142,145,141,128,96,41,81,106,81,74,75,75,66,117,92,135,129,105,105,142,104,141,82,109,92,153,124,192,175,194,148,149,147,126,121,93,117,147,137,123,130,149,125,176,147,279,140,158,135,95,88,73,,107,165,132,,41,121,85,77,103,85,108,78,71,125,125,73,95,139,80,94,87,100,68,86,69,99,81,76,66,51,32,35,15,45,54,51,45,77,165,139,138,152,176,91,147,180,203,169,93,100,88,84,84,86,103,36,121,120,99,157,101,135,140,122,147,99,128,133,91,91,131,135,119,157,121,145,163,148,169,164,170,172,96,126,114,156,119,122,121,138,135,72,74,89,110,104,89,99,77,94,71,113,132,98,78,84,63,89,99,69,92,42,76,103,74,79,110,86,66,86,72,92,116,98,68,57,77,88,70,52,53,82,74,37,84,91,81,33,70,76,106,94,94,127,73,132,119,144,83,112,102,105,,80,104,42,135,64,100,116,24,101,105,123,111,101,88,145,98,97,80,93,108,94,69,,88,132,
20160913,20,CO,1.25,1.16,1.30,1.47,0.70,0.97,1.00,0.37,1.42,1.53,0.73,1.35,0.63,1.11,0.90,0.91,1.10,1.09,1.30,0.69,0.93,1.23,0.70,1.20,2.34,0.70,0.61,0.60,0.83,0.87,0.94,0.87,1.05,0.76,0.69,0.88,0.70,0.50,0.75,0.90,0.77,0.50,0.53,0.73,0.92,0.70,0.57,0.98,1.10,0.71,1.35,0.76,0.69,0.90,0.82,0.63,0.72,0.93,0.87,0.70,0.76,0.77,0.80,0.33,1.24,1.20,0.67,0.68,0.28,1.38,1.30,0.75,0.60,0.87,0.63,0.80,1.12,0.54,1.07,1.60,0.97,1.15,0.27,1.38,2.13,1.70,1.87,1.80,1.08,0.62,0.67,1.35,1.03,1.20,0.63,0.90,0.88,0.97,0.65,0.70,1.10,0.90,1.10,1.25,1.35,1.20,1.30,1.25,1.10,1.47,1.48,2.08,1.55,1.75,1.35,1.12,1.15,1.60,0.90,0.88,0.73,0.74,1.04,1.07,0.80,0.80,2.70,1.20,0.90,1.37,1.10,1.30,0.97,0.95,0.86,1.20,2.20,0.97,0.90,1.02,0.55,1.05,0.76,1.38,0.63,0.73,1.00,0.92,0.60,1.15,1.20,1.03,2.67,0.96,1.23,0.30,0.60,0.30,1.46,0.47,1.00,2.35,0.75,1.10,0.75,0.70,0.70,0.80,1.05,0.95,0.75,1.05,0.70,0.90,0.75,0.60,0.50,0.65,0.60,0.67,0.95,1.40,1.00,0.50,0.60,0.85,1.05,,0.95,0.57,1.40,,1.18,0.86,1.37,1.43,1.70,0.95,0.40,0.83,0.60,0.80,0.60,0.50,0.75,0.50,0.75,0.98,0.52,1.60,1.03,1.60,0.90,1.40,1.40,0.65,1.00,1.50,1.17,0.97,0.65,1.20,1.60,1.00,1.00,1.40,0.96,0.97,1.20,1.27,0.90,0.50,0.75,1.25,1.00,0.93,1.35,1.50,0.73,0.48,1.10,0.90,0.73,,0.97,2.13,1.80,0.53,1.20,0.83,0.90,0.97,0.75,0.97,0.90,0.90,1.63,0.75,0.97,0.95,1.07,0.86,1.60,1.45,1.20,1.03,1.30,1.10,0.80,0.87,0.30,0.84,0.98,0.82,1.50,0.50,1.38,1.05,0.55,0.85,1.23,1.05,1.10,1.00,0.55,1.00,0.95,1.05,0.75,0.90,0.67,0.40,1.20,0.53,1.63,1.68,0.80,1.40,0.78,2.05,0.20,1.08,0.60,0.63,1.10,1.20,0.90,0.90,0.30,0.35,0.80,1.10,0.80,1.10,0.65,0.33,0.90,0.85,0.60,0.80,1.05,0.75,1.15,0.30,0.30,1.05,0.20,0.45,0.77,0.95,1.15,1.00,0.95,1.00,0.90,0.45,1.10,0.75,0.80,0.60,,1.40,0.90,1.60,0.90,0.40,0.50,0.30,0.80,0.30,0.90,0.45,0.60,1.15,1.45,1.95,0.70,0.20,0.80,0.43,0.80,0.70,1.20,,0.65,0.70,
20160913,20,CO_24h,1.05,1.61,1.12,2.08,0.72,1.63,1.23,0.47,0.72,1.33,0.93,1.25,1.68,0.99,0.63,1.06,1.08,0.68,1.00,0.71,0.98,1.00,0.73,1.00,1.36,0.80,0.76,0.97,1.00,0.83,0.78,0.67,0.95,0.75,0.60,0.73,0.65,0.60,0.80,1.00,0.73,0.65,0.60,0.83,0.88,0.75,0.57,0.82,1.17,0.75,1.32,0.84,0.74,0.81,0.75,0.58,0.72,0.77,0.80,0.63,0.62,0.80,0.84,0.30,1.14,1.03,0.67,0.66,0.35,1.43,1.02,1.10,0.45,0.85,1.00,0.70,0.96,0.52,1.42,1.50,0.67,1.27,0.30,1.48,2.00,1.70,1.23,3.10,0.80,0.78,0.90,1.30,1.40,1.20,0.60,1.00,0.82,0.80,0.67,0.90,0.85,0.80,0.80,1.00,0.95,0.80,0.73,1.25,1.60,1.23,1.72,1.30,1.27,1.20,1.18,1.40,1.02,1.73,0.90,0.64,0.43,0.34,0.82,0.93,0.95,0.87,2.25,2.00,1.10,1.53,1.03,1.23,0.77,1.20,0.98,0.90,1.87,0.80,0.73,1.02,0.45,0.78,0.70,1.64,0.63,0.63,0.90,0.90,0.55,0.95,1.05,0.77,1.30,0.81,1.03,1.70,0.70,0.53,1.50,0.47,0.95,2.50,0.65,0.90,0.85,0.65,0.70,0.90,0.90,0.85,0.65,1.05,0.60,0.90,0.90,0.70,0.40,0.75,0.75,0.93,1.05,1.55,1.15,0.60,0.70,0.75,1.25,,0.50,0.60,1.23,,2.16,0.98,0.83,1.58,1.45,0.95,1.00,1.03,0.40,0.40,0.65,0.73,0.60,0.55,0.72,1.38,0.45,1.52,0.93,1.00,0.90,1.50,0.90,0.65,0.97,0.80,0.47,0.60,0.65,0.50,1.30,0.65,0.40,1.20,0.88,0.97,0.93,1.20,0.73,0.50,0.80,0.90,0.90,0.70,1.40,0.60,0.77,0.45,0.97,0.93,0.73,0.50,0.53,1.43,1.53,0.57,1.10,0.95,0.88,1.13,0.95,1.10,0.95,0.90,1.50,0.60,0.93,0.70,0.97,0.88,1.47,1.00,1.00,1.00,1.40,1.00,0.70,0.90,0.45,0.88,1.07,0.85,1.40,0.55,1.30,1.02,0.50,0.65,1.03,1.05,1.03,0.80,0.35,0.85,0.85,0.85,0.75,0.57,1.10,0.40,0.87,0.43,1.37,1.15,0.60,0.85,0.60,1.85,0.15,1.07,0.63,0.47,0.75,1.05,0.60,0.70,0.50,0.40,0.90,1.00,0.40,1.10,0.60,0.97,0.75,0.65,0.60,0.90,1.05,0.65,0.55,0.35,0.30,1.35,0.35,0.40,0.83,0.80,0.55,0.75,1.15,0.80,1.10,0.40,1.05,0.65,0.55,0.55,,0.75,0.80,1.90,0.70,0.30,0.50,0.50,2.50,0.30,0.70,0.50,0.50,0.60,1.45,1.45,1.00,0.25,1.00,0.67,0.95,1.03,1.10,,0.75,0.70,
20160913,21,AQI,114,64,123,108,61,65,123,73,78,81,68,84,85,80,52,73,52,89,66,36,71,67,60,75,100,51,56,65,64,75,80,54,78,34,36,30,31,36,50,27,30,28,41,24,90,18,19,58,83,71,74,77,64,54,41,32,54,46,54,39,41,54,56,29,215,94,60,57,56,90,94,61,46,85,61,80,63,29,85,60,58,66,19,73,124,75,204,183,109,51,70,114,59,94,51,51,51,50,23,35,70,37,54,45,57,57,58,86,39,83,55,86,69,61,53,59,73,51,80,58,62,35,57,71,67,70,62,62,85,80,95,64,93,66,51,75,81,65,67,60,13,81,78,61,252,123,75,98,83,67,131,88,71,73,139,57,53,48,45,58,151,131,73,98,84,68,74,43,70,60,63,53,41,62,46,49,61,54,78,66,50,58,61,54,66,78,34,,83,74,93,,57,60,84,59,52,44,46,69,76,76,43,53,42,43,56,65,69,31,62,51,69,49,76,65,26,63,82,56,21,43,36,53,61,36,88,70,57,56,65,51,66,103,88,100,53,61,69,21,16,19,31,22,54,67,53,38,64,58,71,57,47,60,54,64,88,95,73,133,108,56,88,100,58,90,70,64,61,76,79,67,68,67,57,66,94,74,109,54,51,57,43,47,79,58,47,66,55,67,75,81,81,93,186,196,49,123,64,34,20,63,53,55,96,70,50,71,44,52,71,27,45,37,33,71,58,43,53,88,47,37,56,28,21,78,21,33,61,46,73,76,50,71,32,70,113,69,60,59,,65,59,66,58,46,66,35,18,31,44,44,55,95,44,54,39,111,61,73,101,159,62,,37,85,
20160913,21,PM2.5,86,46,93,81,34,43,93,28,50,60,49,45,63,35,26,53,36,42,43,25,43,33,43,55,75,31,40,44,46,53,59,28,57,24,24,19,22,25,35,17,12,18,29,13,58,8,12,29,57,52,54,41,45,33,24,20,35,26,31,27,23,38,34,11,165,70,43,31,26,67,50,35,28,34,41,38,21,16,63,37,40,48,13,53,94,52,154,138,82,31,50,86,42,70,36,24,23,24,16,20,37,18,36,30,36,21,33,64,22,61,30,64,44,30,22,42,53,31,59,41,20,15,29,52,40,43,39,41,63,59,71,46,69,44,36,55,57,47,48,43,5,60,57,40,202,93,45,73,61,38,100,65,29,53,106,23,23,15,14,18,116,100,53,73,62,35,54,30,43,30,45,36,25,31,30,34,43,32,46,48,35,40,44,38,48,57,24,,61,50,69,,22,42,35,42,26,25,25,36,29,16,30,29,9,29,32,42,38,14,28,32,37,29,25,46,17,20,49,30,7,30,25,27,30,20,65,51,23,39,47,21,48,77,65,75,32,18,50,11,11,9,10,11,37,45,37,26,46,41,47,36,33,42,34,46,65,71,38,101,81,35,65,66,39,67,51,46,40,56,58,32,39,37,37,44,65,54,71,38,36,38,30,33,58,41,27,48,22,30,55,60,60,69,140,147,27,93,41,22,14,45,29,39,47,51,25,52,23,15,48,13,30,26,20,49,25,18,37,65,33,15,40,9,15,39,9,17,41,16,53,56,18,45,14,32,85,49,43,37,,30,42,44,29,32,29,20,6,5,17,14,39,34,31,23,19,65,14,24,29,38,27,,15,29,
20160913,21,PM2.5_24h,83,61,101,69,31,47,96,23,23,55,42,34,52,30,21,51,33,27,28,33,49,40,41,55,48,41,53,55,45,43,49,34,63,38,23,21,31,38,40,28,15,41,42,28,55,11,15,30,70,50,54,36,40,25,17,17,32,25,37,25,15,31,25,12,99,55,45,32,12,73,37,30,22,32,40,32,24,15,82,23,25,33,15,76,67,70,86,127,75,37,67,81,77,70,50,34,23,16,23,36,19,17,24,33,26,11,21,44,31,59,25,39,28,20,24,57,35,36,32,26,23,7,17,39,48,37,27,50,39,51,69,58,50,64,49,63,42,44,20,34,5,44,49,54,120,61,39,86,58,54,78,40,26,42,89,13,22,22,13,25,82,92,61,61,74,36,42,24,41,38,33,36,27,42,42,44,39,38,47,53,40,54,53,43,57,45,38,,49,44,59,,23,30,34,34,19,34,34,42,29,16,25,25,6,27,29,43,24,11,28,23,27,30,13,32,11,12,19,17,10,12,21,15,12,5,65,41,33,32,22,20,48,49,62,45,24,14,52,14,13,12,13,15,27,48,41,37,35,39,43,38,41,43,53,54,42,51,50,77,51,36,58,63,36,65,52,39,32,54,50,39,47,46,39,45,50,41,47,33,25,29,22,25,41,38,18,33,19,18,74,55,36,49,121,99,18,47,40,10,14,42,47,27,28,44,28,43,29,18,38,22,26,28,30,73,28,14,37,49,34,14,18,8,10,38,15,12,43,18,47,41,25,28,19,21,57,34,22,28,,20,11,32,13,20,12,20,10,7,18,31,20,25,21,18,28,45,18,34,28,26,32,,19,35,
20160913,21,PM10,115,72,144,93,71,79,174,95,106,104,68,118,104,110,54,96,54,127,82,36,91,84,58,89,123,51,61,79,73,100,104,57,91,34,36,30,31,28,45,27,22,23,33,21,130,16,19,65,115,83,77,104,77,57,41,32,58,46,58,37,41,58,61,29,213,112,59,64,62,116,138,72,46,120,72,110,75,29,102,69,65,70,14,89,175,100,212,197,136,51,90,119,58,80,48,52,52,50,23,35,89,34,58,45,63,63,66,120,39,110,59,96,87,71,55,63,89,52,79,64,74,35,63,77,84,89,73,73,77,81,111,67,125,82,50,86,112,59,84,70,13,96,75,71,,119,100,110,114,84,156,104,92,93,162,63,55,48,45,66,146,178,93,100,82,86,90,42,89,69,58,55,41,74,46,47,72,57,105,79,50,65,65,47,66,73,29,,95,98,113,,63,69,117,57,54,44,46,87,102,101,41,55,42,43,61,79,87,20,73,51,88,49,101,79,26,75,113,61,21,43,32,56,72,36,97,70,63,62,79,52,74,115,84,93,56,72,69,19,9,11,31,13,57,83,56,37,65,62,91,63,47,69,58,64,83,86,95,139,131,62,88,150,66,114,80,74,71,95,89,84,85,84,64,81,137,89,167,58,51,63,36,46,43,65,47,68,59,83,69,76,96,87,215,260,49,124,78,34,17,65,56,54,141,76,50,60,44,54,91,27,45,33,33,92,65,43,47,67,45,37,44,19,20,105,3,33,71,46,78,82,50,91,32,90,90,87,55,67,,80,58,82,65,42,82,23,18,31,44,44,55,140,29,57,39,172,72,96,151,267,74,,37,120,
20160913,21,PM10_24h,87,85,160,99,56,73,156,60,56,96,66,80,82,78,52,95,53,53,47,39,96,65,62,87,86,58,75,88,74,65,87,70,87,53,39,32,45,57,57,44,25,49,56,43,107,26,28,67,140,99,68,86,63,38,29,32,48,37,61,38,29,54,45,21,141,84,66,56,24,109,89,66,40,85,70,57,67,24,128,44,40,56,22,142,112,131,121,215,138,61,123,117,111,112,55,69,42,35,34,54,34,32,36,50,44,28,34,75,48,93,54,62,47,51,53,79,64,59,49,46,57,19,36,59,86,66,57,78,60,107,100,89,95,125,66,100,70,59,38,54,12,65,67,101,102,77,79,120,108,80,115,65,41,63,107,56,57,30,44,64,110,175,90,83,100,59,66,38,84,77,55,54,52,84,59,58,74,65,88,89,62,72,72,51,93,60,58,,73,86,108,,56,48,86,56,34,63,95,81,59,49,39,48,18,38,56,75,46,20,63,35,59,60,42,58,20,40,53,29,21,19,31,46,27,16,98,61,61,54,40,38,73,85,71,61,55,34,65,24,24,23,26,32,47,73,64,58,49,58,79,55,64,65,71,73,65,87,98,116,109,61,85,116,61,116,85,61,56,94,73,70,78,80,67,70,98,75,90,51,38,45,38,35,69,61,43,47,32,46,87,75,54,71,183,153,29,59,76,23,19,63,83,40,72,64,37,60,46,52,67,38,42,34,38,122,49,33,42,61,49,30,19,18,16,117,17,18,69,44,61,59,68,55,36,52,72,64,34,53,,52,41,51,36,40,30,53,21,21,28,58,33,78,65,57,69,80,54,114,105,75,63,,46,97,
20160913,21,SO2,3,5,37,28,9,14,12,12,12,6,28,21,15,26,10,13,6,8,9,11,13,12,27,14,35,10,11,18,16,15,10,14,11,8,8,6,6,13,6,5,9,5,3,3,12,5,5,20,19,13,12,10,21,9,8,15,9,9,27,11,7,9,11,3,14,11,6,19,7,11,6,23,10,15,14,25,21,8,12,11,16,32,5,8,27,19,36,17,24,14,24,30,11,9,5,12,12,11,10,8,6,10,10,6,13,13,14,16,12,40,25,13,42,26,12,7,14,11,26,10,4,4,14,13,11,22,13,17,13,10,22,11,13,17,25,16,7,17,8,28,3,12,11,33,14,9,8,11,4,18,11,13,9,6,13,16,9,13,5,9,18,20,13,10,12,15,8,13,6,8,12,10,4,7,11,8,27,15,23,17,15,13,12,22,3,5,10,,6,13,14,,17,9,26,14,40,29,15,9,8,9,18,9,5,7,22,12,9,25,9,9,5,4,9,8,5,7,4,12,3,11,4,20,15,14,28,26,17,15,36,26,117,7,16,16,27,13,31,4,8,9,6,2,14,40,16,20,19,22,37,12,8,16,12,33,13,14,16,17,27,11,12,14,16,20,9,7,10,7,6,19,38,21,21,21,52,19,13,14,6,12,17,9,5,13,9,13,8,83,21,23,44,4,13,8,27,8,5,13,28,14,24,11,13,16,8,1,10,3,10,7,10,14,15,8,10,7,7,11,7,10,10,4,7,26,9,4,14,8,18,89,45,10,11,12,7,11,8,6,,16,10,26,28,8,13,13,6,10,7,3,3,5,3,13,21,4,3,8,15,10,9,,8,16,
20160913,21,SO2_24h,3,12,28,48,11,19,31,15,14,8,26,15,34,34,12,19,9,7,9,12,17,14,23,24,33,7,15,26,22,16,15,16,20,13,11,6,9,15,18,8,11,11,15,5,15,5,9,10,22,17,11,16,16,9,7,12,11,10,17,12,6,14,14,4,15,12,7,21,4,16,8,30,15,14,21,14,20,6,18,14,19,35,6,23,39,29,43,37,35,16,27,44,20,15,11,20,13,11,12,17,6,9,8,11,14,8,9,47,22,27,30,14,38,31,16,13,21,18,24,9,4,4,14,14,15,25,10,24,14,11,18,16,14,23,32,24,6,17,9,24,3,11,13,49,16,10,12,10,9,20,13,12,7,8,13,104,11,24,5,8,25,34,17,16,19,22,9,11,22,12,12,10,13,12,16,13,10,18,23,20,15,16,12,16,4,8,16,,4,20,17,,21,33,48,58,28,31,84,8,8,15,19,8,6,9,43,20,9,21,12,20,9,10,2,8,6,5,3,13,5,6,6,20,9,12,17,19,18,15,27,25,26,11,29,15,31,12,28,6,11,12,8,5,8,36,33,53,28,31,33,18,18,18,13,17,18,24,11,12,26,16,15,11,27,27,10,8,12,27,7,18,26,33,22,19,20,18,7,11,7,15,13,13,10,15,15,9,8,22,21,16,23,9,18,8,26,6,6,12,28,34,22,12,18,18,4,4,32,5,19,8,10,15,16,33,27,6,9,13,9,9,6,5,8,26,10,4,10,8,25,17,28,14,12,10,10,9,6,8,,14,10,21,15,9,12,12,7,11,7,7,3,3,4,9,25,4,2,7,8,13,8,,11,22,
20160913,21,NO2,63,51,51,58,39,40,43,21,53,54,46,47,59,85,79,89,33,71,73,35,49,66,25,25,106,14,43,43,33,14,10,18,36,31,51,54,36,25,40,20,10,17,19,17,66,19,34,41,71,32,60,42,36,64,62,29,60,36,29,36,36,45,42,11,58,86,44,36,20,65,90,47,44,55,29,49,82,34,34,35,49,28,14,21,39,19,53,75,31,31,37,75,55,59,23,25,24,17,10,10,39,8,31,27,42,18,23,42,22,55,54,33,57,45,38,32,51,37,48,62,34,32,37,25,24,19,39,32,46,27,45,33,54,46,34,24,45,21,14,22,8,53,28,57,23,31,40,26,48,44,66,29,81,53,78,17,46,45,24,89,27,51,38,39,28,34,48,21,28,20,17,22,19,40,33,28,42,27,33,38,23,23,36,16,30,42,20,,29,23,29,,15,20,61,17,87,49,13,51,42,56,31,29,78,8,32,46,41,14,52,42,32,32,98,29,19,22,16,18,15,35,49,33,62,30,46,42,31,18,19,16,46,26,15,45,29,24,32,11,17,7,9,43,9,35,28,11,15,17,25,7,16,29,43,31,34,26,18,29,37,30,34,65,64,38,12,71,14,19,7,31,26,56,28,33,36,19,42,17,20,23,21,21,31,20,49,24,28,43,15,21,57,28,39,110,18,82,20,14,35,18,38,49,43,37,50,36,38,12,23,13,23,10,13,22,49,24,27,14,10,26,28,5,13,12,,17,40,50,35,38,29,20,15,15,27,49,25,30,,63,36,76,35,5,16,14,9,7,18,14,20,59,66,32,12,9,8,16,25,8,20,,49,21,
20160913,21,NO2_24h,52,54,55,50,39,36,57,28,28,44,46,46,52,47,45,51,31,40,40,30,44,56,31,31,52,18,40,40,31,13,13,22,40,39,39,37,32,36,30,21,13,32,26,24,51,17,26,29,64,35,42,47,35,33,30,28,35,31,32,24,15,33,24,9,60,63,31,26,14,50,58,37,23,51,38,30,44,23,42,19,31,34,18,49,29,44,32,77,35,36,45,54,50,68,17,25,19,13,9,11,21,8,16,21,27,10,15,28,22,34,31,35,29,38,20,29,30,32,31,29,20,19,30,31,28,21,18,32,26,22,40,36,37,53,32,28,24,15,12,18,4,36,20,44,23,23,28,19,40,25,44,27,37,30,48,18,33,20,14,23,40,72,29,42,48,28,35,22,28,23,9,16,12,37,34,28,33,30,33,46,23,21,34,12,28,32,44,,22,26,26,,18,29,44,28,36,24,35,35,22,24,36,24,22,9,28,34,19,18,35,31,30,22,37,15,13,14,8,17,12,14,36,18,23,16,27,33,26,22,23,16,49,23,22,29,27,19,37,13,12,9,15,36,9,24,24,19,11,14,20,10,20,29,23,29,36,23,18,29,34,23,29,31,35,53,20,21,14,28,6,24,18,33,25,21,22,24,23,11,16,18,19,19,17,10,26,19,13,28,14,19,34,27,44,62,21,30,17,9,27,23,29,17,29,31,23,37,20,15,17,8,20,8,14,20,33,13,26,12,9,23,13,10,12,13,,8,28,33,19,29,34,17,22,17,37,38,13,22,,27,28,42,17,5,13,21,6,6,13,16,18,29,38,18,22,11,11,25,12,20,13,,32,27,
20160913,21,O3,72,70,122,96,79,74,91,96,35,102,106,149,65,20,18,21,62,9,10,89,107,56,88,142,19,102,71,64,81,101,139,104,101,77,58,25,80,96,56,81,97,90,131,78,109,59,54,112,58,121,81,112,106,26,49,92,46,64,59,40,48,78,30,19,54,15,44,46,65,60,30,80,55,75,88,69,46,84,143,37,60,123,46,110,132,97,65,50,91,77,67,53,37,44,80,107,46,138,48,44,11,118,32,63,65,120,110,66,47,78,42,59,55,97,16,50,38,26,92,10,21,7,27,147,130,140,79,85,48,57,80,88,77,122,117,78,87,99,83,50,32,41,75,21,46,47,33,46,53,39,68,100,14,38,38,88,81,33,74,47,96,80,102,114,124,92,67,119,63,80,60,56,81,58,78,79,69,87,97,77,134,59,104,91,61,48,88,,91,125,75,,38,89,44,65,31,9,91,32,25,50,86,45,7,138,51,48,16,100,9,4,5,28,3,10,25,23,8,27,7,31,44,5,7,27,97,92,72,149,170,87,128,131,125,129,64,50,68,67,48,60,91,5,114,77,69,120,113,112,105,94,110,58,60,91,68,55,105,119,80,85,91,84,56,116,128,56,124,148,52,88,71,86,78,66,76,124,30,31,43,56,69,43,19,38,7,88,26,53,111,81,18,56,48,36,95,13,70,17,62,73,46,30,27,50,16,39,14,59,72,44,9,26,56,28,9,11,18,27,35,14,29,88,66,24,66,31,58,32,41,100,49,113,96,118,64,71,90,85,,38,80,24,109,48,80,113,18,94,77,96,81,36,30,63,88,90,69,82,75,68,50,,38,112,
20160913,21,O3_24h,175,153,246,173,121,148,181,117,145,195,213,201,148,123,122,149,125,81,72,139,237,157,151,159,160,181,181,179,174,181,184,158,155,152,143,83,140,237,158,104,141,98,155,89,212,82,127,143,163,165,152,180,168,143,114,119,202,208,230,150,122,173,100,45,157,80,98,104,117,139,131,120,140,133,181,130,130,129,200,97,151,179,99,194,224,156,179,160,171,145,164,136,136,135,132,161,114,166,102,123,111,148,100,142,125,144,116,125,80,142,98,99,136,129,107,125,168,121,135,90,64,80,69,198,214,151,142,167,135,88,118,122,185,199,163,202,167,151,139,107,45,105,115,116,82,84,100,77,130,104,152,147,139,127,161,109,157,98,123,103,178,139,217,205,228,158,171,163,143,130,102,141,183,158,134,142,174,139,194,170,313,157,184,137,107,97,88,,119,181,165,,48,142,101,88,126,100,122,84,81,144,141,79,103,144,87,124,98,106,80,104,96,128,91,86,94,69,44,41,23,65,66,57,89,85,185,160,167,170,197,100,164,197,236,192,123,116,107,94,97,96,107,58,146,126,121,171,119,150,153,128,159,117,151,155,107,115,221,147,132,173,138,164,200,175,189,169,216,214,106,134,122,200,130,131,133,151,149,79,86,96,126,120,102,107,96,107,78,133,192,113,110,109,76,114,115,87,110,60,93,132,88,82,145,99,79,103,87,106,126,103,84,67,80,115,86,66,64,99,87,40,95,122,87,48,73,85,121,105,127,138,78,145,129,159,104,124,110,138,,87,112,48,139,74,105,126,34,108,112,133,124,106,95,169,105,106,87,99,115,105,82,,102,163,
20160913,21,O3_8h,133,120,189,137,107,121,153,107,107,153,173,169,112,85,77,87,98,47,43,113,184,108,120,143,70,142,125,126,127,138,160,134,134,95,93,41,104,173,107,77,110,91,93,79,168,70,89,123,124,138,102,133,140,95,84,100,137,146,172,93,93,139,70,27,110,44,77,72,94,109,97,104,100,106,132,106,103,115,169,72,114,156,61,142,182,135,136,108,132,97,121,103,99,77,100,136,88,145,66,94,56,128,75,93,100,105,87,107,69,117,77,81,106,119,64,85,117,79,114,62,43,35,46,180,184,139,120,138,86,75,90,94,149,169,135,120,130,125,125,80,36,51,85,73,68,60,62,61,103,81,130,130,96,98,121,104,136,73,104,85,146,109,167,163,178,136,122,144,107,111,85,96,130,107,107,112,112,114,156,117,254,115,148,122,89,74,72,,105,159,125,,42,112,80,78,93,71,105,59,62,103,114,68,74,140,72,84,69,100,55,64,51,88,56,59,53,44,26,31,13,32,53,35,28,66,140,130,115,154,172,89,136,166,184,158,91,82,84,73,70,71,98,5,117,107,88,141,104,133,131,111,134,93,117,127,83,68,131,133,115,126,120,137,132,148,163,143,164,164,88,114,96,133,109,107,115,136,105,60,62,82,98,81,76,74,62,93,65,102,112,87,39,80,56,80,98,61,91,41,76,99,63,61,85,80,51,66,53,87,107,74,48,47,70,65,57,39,44,69,69,22,72,86,73,32,63,70,101,84,94,120,69,127,116,142,74,108,101,101,,74,99,40,131,62,93,116,24,98,97,120,109,87,77,89,98,98,79,92,105,92,66,,82,135,
20160913,21,O3_8h_24h,137,134,196,149,111,136,166,109,118,162,194,179,121,97,99,102,110,71,59,130,209,141,142,144,100,162,158,155,152,153,164,148,145,126,127,65,124,205,139,84,128,91,96,80,180,76,106,125,134,147,127,156,150,113,97,100,156,159,188,117,100,150,84,30,123,56,87,85,100,113,113,106,111,106,139,118,115,122,172,78,129,157,77,151,200,142,151,129,144,112,141,119,108,105,112,147,103,145,77,114,87,128,91,107,110,105,91,115,73,122,84,86,109,121,86,103,137,90,117,78,57,45,58,182,197,141,126,153,133,78,94,94,158,181,144,142,145,141,128,96,41,81,106,81,74,75,75,66,117,92,135,131,105,105,142,105,141,82,109,92,153,124,192,175,194,148,149,147,126,121,93,117,147,137,123,130,149,125,176,147,279,140,158,135,95,88,75,,107,165,132,,42,121,85,78,103,85,108,78,71,125,125,73,95,140,80,94,87,100,68,86,69,99,81,76,66,51,32,35,15,45,54,51,45,77,166,139,138,154,179,91,147,180,203,169,93,100,88,84,84,86,103,36,122,120,99,157,104,135,140,122,147,99,128,133,91,91,131,135,119,157,121,145,163,148,169,164,170,172,96,126,114,156,119,122,121,138,135,72,74,89,110,104,89,99,77,94,71,113,132,98,78,84,63,89,99,69,92,42,77,103,74,80,110,86,66,86,72,92,116,98,68,57,77,88,70,52,53,82,74,37,84,92,81,33,70,76,106,94,95,127,73,132,119,144,83,112,102,105,,80,104,42,135,64,100,116,24,101,105,123,111,101,88,145,98,98,80,93,108,94,69,,88,135,
20160913,21,CO,1.33,1.16,1.33,1.50,0.72,1.02,0.88,0.30,1.38,1.47,0.73,1.45,0.63,1.11,0.93,1.03,1.12,1.41,1.53,0.71,0.82,1.21,0.70,1.10,2.68,0.70,0.65,0.60,0.87,0.80,0.84,0.77,1.05,0.68,0.63,0.88,0.60,0.50,0.75,0.90,0.80,0.50,0.67,0.77,0.81,0.72,0.50,1.00,1.01,0.94,1.30,0.73,0.71,0.97,0.86,0.63,0.81,0.90,0.73,0.75,0.84,0.90,0.91,0.33,1.22,1.25,0.70,0.76,0.38,1.43,1.35,0.70,0.70,0.87,0.63,0.82,1.14,0.58,1.23,1.65,0.97,1.20,0.23,1.20,2.10,1.70,1.73,1.50,0.86,0.66,0.73,1.30,0.93,1.10,0.60,0.95,0.92,0.97,0.63,0.73,1.00,0.93,1.15,1.40,1.25,1.30,1.08,1.50,1.17,1.30,1.38,1.92,1.80,1.98,1.63,1.03,1.28,1.58,0.98,0.88,0.43,0.68,0.92,0.93,0.85,0.81,2.77,1.20,1.00,1.30,1.13,1.23,1.15,0.95,0.88,1.20,2.30,0.77,0.70,1.03,0.50,1.07,0.80,1.74,0.93,0.87,1.00,0.84,0.70,1.20,1.30,1.03,2.17,0.97,1.27,0.30,0.70,0.75,1.74,1.20,0.90,1.80,0.70,1.00,0.85,0.70,0.70,0.85,0.95,0.85,0.80,1.10,0.75,0.73,0.80,0.63,0.60,0.65,0.65,0.67,0.90,1.45,1.05,0.50,0.65,0.75,0.95,,1.05,0.53,1.37,,1.16,0.64,0.77,1.43,1.75,0.95,0.47,0.83,0.50,0.60,0.65,0.53,0.55,0.45,0.70,1.00,0.68,1.50,1.17,1.50,0.75,1.45,1.30,0.80,0.97,1.50,1.03,1.00,0.60,1.20,1.60,1.10,1.35,1.40,0.92,0.95,1.30,1.20,0.93,0.57,0.80,1.05,1.10,0.95,1.35,1.30,0.77,0.50,1.10,0.93,0.63,,0.90,2.50,1.73,0.60,1.15,0.88,1.07,0.97,0.75,1.03,1.00,0.93,1.67,0.75,1.00,0.95,1.17,0.90,1.50,1.35,1.20,1.03,1.30,1.50,0.77,0.80,0.50,0.90,0.90,0.90,1.40,0.50,1.57,1.05,0.90,0.83,1.17,1.05,1.07,0.95,0.60,1.10,1.00,1.05,0.80,0.93,0.73,0.40,1.17,0.60,1.37,1.40,0.80,1.25,0.68,2.00,0.35,1.00,0.65,0.82,1.10,1.15,1.30,0.70,0.30,0.35,0.90,1.20,0.60,1.25,0.80,0.43,0.95,0.85,0.65,0.80,1.05,0.90,1.05,0.30,0.30,1.05,0.35,0.55,0.83,1.05,1.00,0.95,1.00,1.00,0.90,0.30,1.05,0.80,0.80,0.60,,0.90,0.90,3.40,1.00,0.30,0.60,0.40,0.90,0.30,0.95,0.40,0.60,0.90,2.00,1.95,0.80,0.25,0.90,0.43,1.25,0.73,1.20,,0.85,0.80,
20160913,21,CO_24h,1.05,1.59,1.13,2.08,0.72,1.63,1.22,0.43,0.72,1.33,0.93,1.30,1.63,1.01,0.63,1.06,1.09,0.70,1.01,0.73,0.97,1.01,0.75,1.00,1.46,0.80,0.75,0.97,1.00,0.83,0.78,0.70,0.95,0.75,0.60,0.73,0.65,0.60,0.80,0.97,0.73,0.65,0.60,0.83,0.87,0.72,0.57,0.82,1.19,0.75,1.32,0.84,0.72,0.83,0.75,0.58,0.72,0.77,0.80,0.63,0.62,0.80,0.84,0.30,1.14,1.07,0.66,0.66,0.35,1.43,1.05,1.10,0.45,0.85,0.97,0.67,0.96,0.52,1.42,1.50,0.67,1.25,0.30,1.48,2.00,1.80,1.30,3.10,0.80,0.78,0.90,1.30,1.40,1.20,0.60,1.00,0.82,0.80,0.67,0.87,0.85,0.80,0.85,1.00,0.95,0.80,0.75,1.25,1.53,1.23,1.70,1.32,1.30,1.25,1.20,1.38,1.02,1.73,0.90,0.64,0.47,0.34,0.82,0.93,0.93,0.87,2.30,2.00,1.10,1.53,1.07,1.27,0.77,1.15,0.98,0.90,1.87,0.80,0.73,0.98,0.45,0.78,0.66,1.68,0.63,0.63,0.90,0.86,0.55,0.95,1.10,0.77,1.33,0.81,1.07,1.65,0.70,0.53,1.50,0.53,0.95,2.60,0.65,0.90,0.85,0.65,0.70,0.90,0.90,0.85,0.70,1.05,0.60,0.90,0.90,0.70,0.40,0.75,0.75,0.93,1.00,1.55,1.15,0.60,0.70,0.75,1.25,,0.50,0.60,1.23,,2.10,0.98,0.83,1.58,1.50,0.95,1.00,1.03,0.40,0.40,0.60,0.73,0.60,0.55,0.70,1.35,0.48,1.52,0.93,1.00,0.90,1.50,0.90,0.65,0.97,0.80,0.47,0.63,0.65,0.53,1.30,0.65,0.45,1.20,0.88,0.97,0.97,1.20,0.73,0.50,0.80,0.95,1.00,0.70,1.40,0.70,0.77,0.45,0.97,0.93,0.73,0.40,0.55,1.43,1.53,0.57,1.10,0.93,0.88,1.13,0.85,1.10,0.95,0.90,1.50,0.63,0.93,0.75,1.00,0.90,1.43,1.00,1.03,1.00,1.35,1.00,0.70,0.90,0.45,0.86,1.07,0.85,1.40,0.55,1.30,1.02,0.50,0.65,1.03,1.05,1.03,0.80,0.35,0.90,0.85,0.85,0.75,0.60,1.00,0.38,0.87,0.43,1.33,1.15,0.60,0.85,0.60,1.85,0.15,1.07,0.65,0.50,0.85,1.05,0.60,0.70,0.50,0.40,0.90,1.00,0.40,1.10,0.60,0.97,0.75,0.65,0.60,0.90,0.95,0.65,0.60,0.35,0.30,1.35,0.35,0.40,0.83,0.80,0.55,0.75,1.15,0.80,1.10,0.40,1.05,0.65,0.55,0.55,,0.70,0.80,1.80,0.70,0.30,0.50,0.50,2.40,0.30,0.70,0.50,0.50,0.60,1.50,1.45,1.00,0.20,1.00,0.67,0.95,1.03,1.10,,0.75,0.70,
20160913,22,AQI,120,63,156,90,65,66,118,37,79,71,64,80,93,77,54,71,52,96,75,39,67,56,63,73,109,52,58,65,68,89,81,52,81,29,35,29,33,37,58,27,32,27,31,21,87,19,20,65,79,80,79,69,60,57,39,32,59,43,48,40,51,57,60,18,216,95,69,58,54,101,87,56,56,81,65,68,71,35,91,64,58,66,17,70,124,65,206,181,116,51,76,116,65,98,55,49,37,47,27,30,60,33,47,43,52,51,54,81,53,91,58,105,89,65,56,59,70,46,81,56,54,35,51,73,67,68,66,60,99,78,108,69,103,73,59,75,89,58,39,65,10,88,75,64,223,159,70,103,89,63,138,100,77,71,154,64,63,35,53,122,109,129,74,86,80,66,76,54,66,70,58,56,42,60,51,49,89,57,72,61,44,58,60,49,63,36,33,,88,88,99,,56,41,74,61,60,56,43,59,68,58,47,55,51,44,53,65,65,35,66,59,72,48,99,71,29,55,75,54,19,41,27,53,71,31,104,63,60,57,67,52,76,93,84,95,51,27,69,17,16,17,26,13,52,70,53,37,65,58,74,55,50,51,55,68,84,103,70,161,103,59,89,99,66,89,70,71,59,74,100,66,59,73,61,66,114,73,121,59,53,55,48,47,67,64,56,66,59,69,80,81,79,84,171,161,47,108,69,37,34,70,67,64,92,60,53,69,49,52,98,26,64,40,59,73,54,42,51,79,46,37,44,28,23,33,36,33,62,47,66,74,59,74,33,63,93,64,60,63,,78,60,78,78,51,70,35,22,40,38,46,54,108,91,56,50,74,64,70,105,79,41,,52,82,
20160913,22,PM2.5,91,45,119,67,41,46,89,26,51,49,46,47,69,35,20,52,35,49,45,27,38,34,45,53,82,33,41,47,49,66,58,31,60,18,24,17,23,26,41,17,11,16,22,13,55,7,11,31,58,59,58,41,42,34,24,21,38,28,29,23,28,35,36,10,166,71,50,32,23,76,59,30,35,33,45,40,27,18,68,39,41,48,12,51,94,46,156,137,88,35,50,88,47,73,39,25,20,23,15,14,34,18,33,30,29,20,31,47,26,68,34,79,61,31,30,42,47,29,60,34,21,15,30,53,42,44,33,43,74,57,81,50,76,46,42,50,66,41,27,45,4,65,55,42,173,121,41,77,63,41,105,75,31,49,118,24,18,18,19,51,82,98,52,64,59,39,56,33,42,35,41,40,27,33,33,34,66,31,45,44,31,41,43,34,33,25,23,,65,65,74,,17,19,30,44,30,34,23,42,30,24,33,28,8,31,34,42,32,17,33,41,38,25,35,51,20,22,44,29,5,29,18,31,37,14,78,45,23,35,46,26,56,69,62,71,28,19,50,10,11,10,9,9,34,51,35,26,47,41,52,37,35,36,35,49,62,77,51,123,77,40,66,56,48,66,51,52,40,54,75,41,37,42,44,48,86,53,80,42,37,38,27,33,47,46,27,48,22,24,59,60,58,62,130,123,29,81,42,21,20,51,37,46,47,43,37,50,21,18,73,18,29,28,42,42,23,17,36,58,32,14,31,11,10,23,25,21,41,16,48,54,21,50,18,38,69,46,43,37,,44,43,57,41,36,44,17,4,8,16,19,38,55,38,25,12,53,10,27,39,20,16,,22,27,
20160913,22,PM2.5_24h,85,61,102,69,31,48,97,23,25,55,41,35,53,30,22,51,33,27,29,32,49,40,41,55,50,40,53,54,45,43,50,33,63,37,23,21,31,37,40,27,15,39,40,27,55,11,15,30,70,50,54,36,40,25,18,17,32,25,36,25,16,32,26,12,102,55,45,32,13,73,38,31,23,32,40,32,24,15,83,24,26,33,15,75,68,69,92,131,76,37,67,81,76,72,49,34,23,17,23,35,20,17,24,33,26,11,21,45,31,57,26,41,29,20,23,55,36,36,33,26,22,7,17,40,48,37,28,50,38,51,70,58,50,63,48,62,42,44,21,35,5,45,47,53,121,61,40,83,57,53,79,41,26,43,90,13,22,22,14,26,83,93,61,61,75,36,42,25,41,37,33,36,27,42,41,43,41,37,47,52,40,53,53,43,55,44,37,,50,44,61,,23,30,34,35,19,34,33,43,28,16,26,25,6,27,29,41,24,11,28,23,28,30,14,33,12,12,20,18,10,12,21,15,13,6,66,41,34,32,23,20,49,51,62,46,25,13,52,14,13,13,12,15,28,48,41,37,36,39,43,38,41,43,52,53,43,52,48,80,53,37,58,63,37,65,51,39,33,54,50,38,46,46,39,45,51,41,48,33,26,28,23,25,41,39,19,34,20,18,72,54,37,47,121,96,18,48,39,10,13,43,46,27,29,43,20,43,28,18,39,22,26,28,29,70,27,13,36,48,33,14,17,8,9,35,15,12,43,18,47,44,25,28,19,20,58,34,23,28,,20,12,32,14,20,13,19,9,7,18,30,21,24,21,19,27,46,17,35,28,26,31,,18,35,
20160913,22,PM10,118,72,175,109,79,82,159,30,107,92,73,109,122,103,58,89,54,141,99,35,84,62,63,77,140,53,62,78,68,78,112,53,95,26,35,29,30,30,60,27,19,13,27,21,124,14,17,80,107,103,78,87,69,63,39,32,67,43,48,40,52,64,69,18,215,113,73,66,57,140,124,61,62,112,80,86,91,35,110,77,50,70,13,79,176,79,188,191,143,52,101,128,56,89,48,49,37,47,27,30,70,26,47,42,53,52,58,112,55,107,65,115,127,79,62,62,90,46,83,61,57,35,52,67,83,85,81,65,99,81,123,67,156,95,61,100,101,52,26,79,10,98,72,78,209,143,89,107,127,75,188,125,104,92,160,77,75,35,56,193,102,136,97,90,81,82,99,58,82,90,57,55,42,69,52,47,72,63,93,72,43,59,62,48,75,34,31,,111,117,124,,61,41,97,59,69,62,43,68,86,65,45,60,51,41,56,80,79,35,82,68,93,48,147,91,26,59,100,57,19,40,27,55,92,31,106,68,69,63,84,53,76,120,84,97,51,,66,14,,15,16,12,54,78,55,33,66,63,98,59,47,52,60,69,78,100,87,139,124,67,92,148,81,104,77,83,67,98,118,81,67,95,57,74,170,89,191,59,55,59,48,39,84,69,62,71,68,88,72,75,91,91,198,210,47,108,87,37,34,73,83,62,133,65,50,59,49,53,106,22,77,31,48,95,58,42,45,65,41,37,37,14,11,30,17,33,74,47,75,85,68,97,32,75,81,74,58,76,,105,61,65,106,43,89,,22,40,38,46,55,166,131,61,50,98,77,89,160,108,41,,53,114,
20160913,22,PM10_24h,89,83,161,101,56,74,157,60,59,96,66,81,84,78,53,94,52,55,49,38,95,64,62,86,89,57,74,88,74,65,88,69,88,53,40,32,44,56,58,43,25,47,54,41,107,26,27,68,140,100,66,86,63,39,29,32,48,38,60,38,30,54,45,20,145,85,66,56,25,110,91,67,41,86,69,57,69,25,129,46,40,56,22,140,115,130,126,219,139,60,124,115,110,112,55,68,41,37,33,53,35,32,36,51,44,29,35,78,47,89,55,65,51,51,53,77,65,59,50,46,56,20,36,59,85,67,59,77,58,104,101,88,95,123,66,100,71,59,38,55,12,67,64,101,106,76,81,117,108,79,119,67,44,64,111,57,58,31,44,69,110,175,91,84,101,60,67,39,85,77,54,54,52,83,58,57,74,64,88,87,61,70,72,51,91,58,56,,76,87,107,,57,49,85,57,36,63,93,79,54,50,39,49,18,37,55,74,47,20,64,35,61,60,46,60,20,41,55,31,21,20,31,45,29,15,98,61,62,55,43,38,73,86,73,62,56,34,65,24,24,23,25,32,48,73,64,58,50,59,78,56,63,64,69,72,65,86,88,118,111,62,83,117,62,115,84,61,56,94,72,69,76,80,66,69,101,76,93,52,39,44,39,36,69,61,43,48,35,46,85,73,56,68,183,150,29,60,76,24,19,65,83,39,73,65,33,61,46,52,68,37,42,33,38,119,50,32,39,58,47,30,20,17,16,107,17,19,69,45,61,64,68,56,36,50,72,63,35,54,,54,41,51,40,41,31,53,20,21,28,57,34,79,66,58,69,81,55,115,104,77,62,,45,96,
20160913,22,SO2,2,6,45,25,9,16,12,12,8,5,25,20,18,27,10,12,6,8,10,12,15,12,34,14,41,12,10,17,21,13,12,10,12,8,9,5,6,15,10,5,9,5,3,3,14,5,6,13,17,15,12,10,21,10,7,13,11,10,20,14,8,10,10,3,12,12,8,17,7,10,7,22,5,16,14,18,27,8,11,10,13,27,5,7,28,18,48,18,20,13,32,28,13,9,14,11,9,10,9,7,6,9,8,6,16,13,10,16,17,37,38,12,42,22,12,7,13,11,21,10,4,4,14,14,12,30,13,19,14,10,20,11,14,15,42,24,6,21,9,22,3,12,13,41,15,8,8,11,6,20,14,11,8,6,11,50,9,39,6,12,18,16,15,10,11,12,7,14,7,7,12,11,5,7,11,12,20,15,21,19,15,12,10,36,3,6,10,,4,16,15,,16,11,16,19,42,26,28,7,7,9,21,9,5,5,21,12,11,20,20,9,5,3,12,10,5,9,4,13,3,7,3,20,12,13,35,35,16,17,32,23,55,8,28,15,27,6,35,5,8,8,5,2,9,47,15,20,48,29,45,11,13,12,24,19,13,14,15,18,26,10,10,12,16,20,9,7,10,8,6,20,25,16,15,13,46,20,7,11,7,42,16,10,7,15,8,10,8,28,20,17,29,4,28,8,23,7,4,13,28,13,25,9,13,17,3,3,13,2,12,8,11,16,45,7,12,7,7,10,7,9,8,4,8,26,9,3,14,8,19,30,36,10,10,12,8,9,7,6,,17,11,32,22,8,11,11,5,11,7,7,2,5,4,11,22,5,3,6,13,5,8,,9,20,
20160913,22,SO2_24h,3,12,29,49,11,19,31,15,14,8,26,16,33,33,12,19,9,7,9,12,17,14,23,22,34,7,14,25,22,15,15,16,20,13,11,6,9,15,18,8,11,11,14,5,15,5,9,11,22,17,11,16,16,9,7,12,11,11,17,12,6,14,14,4,15,12,7,21,4,16,8,30,15,15,21,14,20,7,18,14,18,35,6,22,40,29,43,37,35,16,27,44,19,15,11,20,13,11,12,17,6,9,8,11,15,8,9,47,21,27,31,15,40,31,15,13,21,18,23,9,4,4,14,14,15,25,10,24,14,11,18,15,14,22,32,24,6,18,9,25,3,11,13,50,15,10,12,10,9,20,13,13,7,8,13,96,11,25,5,8,25,34,17,16,19,22,9,11,22,12,12,11,13,12,16,12,10,18,24,20,16,16,12,16,4,8,15,,4,19,16,,21,33,46,57,29,31,84,8,8,14,19,8,6,9,42,20,9,21,12,19,9,10,3,8,6,5,3,13,5,6,6,20,9,12,18,19,18,15,27,25,27,11,29,16,32,12,28,6,11,12,8,5,8,37,33,52,28,31,33,17,18,17,13,18,18,22,10,12,26,16,15,11,27,26,10,8,12,27,7,18,24,32,22,19,20,19,7,11,7,22,14,13,9,15,15,9,8,23,21,16,23,9,19,8,26,6,6,12,28,34,22,10,18,18,4,4,32,5,18,8,10,15,17,32,26,6,9,14,9,9,6,5,8,26,10,4,11,8,25,11,27,14,12,10,10,9,6,8,,14,10,21,15,9,12,12,7,12,7,7,3,4,4,9,25,4,2,7,8,13,8,,11,22,
20160913,22,NO2,69,60,66,63,45,36,47,22,45,32,44,53,69,72,58,78,37,68,69,35,46,57,25,22,97,16,45,44,35,12,11,18,27,20,50,49,40,23,52,19,9,19,16,19,63,12,40,31,75,37,65,38,37,75,62,31,66,35,31,42,42,71,45,10,57,84,43,39,18,82,81,51,26,70,42,47,64,28,31,37,40,29,11,21,38,22,50,66,32,41,40,72,57,52,32,27,17,15,8,12,35,8,23,30,38,16,22,37,33,49,56,29,48,54,32,30,46,33,48,48,32,29,31,25,26,18,55,36,67,31,38,35,50,32,37,28,48,23,14,24,6,69,35,63,19,33,35,25,66,44,75,69,72,59,87,17,35,26,26,84,30,58,40,42,34,41,43,24,24,27,14,21,14,42,37,30,52,25,33,37,27,22,30,17,26,18,14,,43,25,33,,15,26,34,15,72,49,17,42,37,28,26,26,53,7,28,34,34,15,48,38,33,21,90,28,15,19,14,16,17,33,50,23,53,24,54,48,25,19,24,16,40,18,16,45,33,18,39,10,15,7,11,26,6,30,27,12,16,16,33,7,23,32,43,35,32,24,18,29,39,21,35,51,60,39,12,68,16,20,12,31,19,49,49,28,29,19,30,19,23,18,22,29,30,19,42,24,26,38,15,22,56,26,34,97,19,65,17,15,53,15,34,38,39,42,14,48,48,10,24,20,21,10,50,22,43,25,25,16,12,26,29,4,9,12,,17,38,51,24,60,51,20,12,17,31,36,20,34,,58,36,72,30,3,20,12,8,17,18,17,15,103,57,28,19,19,32,36,53,6,10,,70,22,
20160913,22,NO2_24h,53,53,55,51,38,35,56,28,29,42,45,45,53,47,46,51,31,40,41,30,43,55,30,30,53,17,40,40,31,13,12,22,39,39,40,38,32,35,31,21,12,31,25,24,52,17,26,28,64,34,43,46,34,34,31,29,35,31,32,24,16,33,25,9,59,64,32,26,14,50,58,38,24,52,37,30,45,23,42,20,31,33,18,48,27,42,33,77,35,36,45,53,51,66,18,25,19,13,10,11,22,8,16,22,27,10,15,29,22,34,32,34,30,37,20,29,30,32,31,30,21,19,29,30,28,20,20,33,27,23,40,35,37,48,32,28,24,16,12,18,4,38,20,44,21,24,29,19,39,26,45,29,38,31,48,18,32,21,14,24,39,71,29,42,48,29,35,21,28,23,10,16,12,37,34,28,34,30,33,45,23,21,34,12,27,32,40,,22,26,26,,18,30,44,27,38,24,35,34,21,24,33,24,23,9,27,34,20,17,35,31,30,22,39,15,13,14,8,17,12,15,37,18,24,16,28,33,25,22,23,16,49,22,22,29,28,19,37,13,11,9,14,36,9,25,24,18,11,14,21,10,20,29,24,29,36,23,18,28,34,22,30,32,36,50,19,22,14,28,6,24,18,32,25,21,21,23,23,11,16,17,20,20,17,10,26,18,14,28,14,19,36,26,42,62,21,31,18,9,28,23,29,17,28,30,14,37,21,15,18,8,20,8,16,20,32,14,25,12,9,23,13,9,12,13,,8,28,33,19,26,33,17,21,16,37,36,13,22,,29,29,44,18,5,14,21,6,7,14,16,18,30,36,18,21,10,11,26,13,18,13,,32,27,
20160913,22,O3,52,57,88,69,65,58,75,85,26,103,92,128,51,26,47,17,52,9,11,84,100,60,84,148,17,86,61,54,66,90,123,98,113,92,56,29,72,89,36,77,101,87,79,67,99,62,47,109,42,111,67,114,100,11,41,83,31,52,52,31,32,40,20,21,44,12,44,41,64,42,29,73,66,51,67,53,51,89,134,28,65,106,46,110,123,91,50,48,83,61,63,42,29,47,69,106,64,125,50,46,7,107,43,52,65,114,105,52,29,79,29,54,51,65,18,41,26,21,90,11,26,6,33,132,114,141,80,72,19,45,87,87,66,132,107,70,72,97,67,43,31,45,66,15,44,39,37,44,29,40,48,47,5,15,17,92,92,46,77,21,82,63,89,95,103,67,64,99,65,64,67,52,80,49,70,70,48,87,85,69,107,55,96,78,47,71,95,,51,114,66,,37,64,52,59,35,6,87,36,33,70,95,46,15,131,50,47,16,94,15,3,4,23,4,4,27,23,7,26,8,32,25,5,8,20,81,81,76,145,145,93,120,128,114,121,64,42,73,54,46,54,83,14,126,86,63,113,110,104,75,93,105,46,59,84,72,56,90,106,62,106,76,79,63,104,124,53,128,140,41,82,71,86,60,65,64,114,35,28,40,48,61,34,16,31,5,71,18,47,102,74,12,46,40,34,108,18,69,11,58,65,48,32,27,37,25,27,7,58,62,33,10,19,18,22,8,14,17,19,23,13,18,90,75,23,64,26,40,28,48,83,28,117,106,110,58,82,95,71,,34,73,25,108,49,72,111,12,75,65,81,73,8,42,70,83,78,39,55,39,59,73,,17,100,
20160913,22,O3_24h,175,153,246,173,121,148,181,117,145,195,213,201,148,123,122,149,125,81,72,139,237,157,151,159,160,181,181,179,174,181,184,158,155,152,143,79,140,237,158,104,141,98,155,89,212,82,127,143,163,165,152,180,168,143,114,119,202,208,230,150,122,173,100,36,157,80,98,104,117,139,131,120,140,133,181,130,130,129,200,91,151,179,99,194,224,156,179,160,171,145,164,136,136,135,132,161,114,166,97,123,111,148,100,142,125,144,117,125,80,142,98,99,136,129,107,125,168,121,135,90,64,80,69,198,214,152,142,167,135,88,108,122,185,199,163,202,167,151,139,107,45,94,115,116,82,83,97,77,130,104,152,147,139,127,161,109,157,98,123,103,178,139,217,205,228,158,171,163,143,130,102,141,183,158,134,142,174,139,194,170,313,157,184,137,107,97,95,,119,181,165,,48,142,101,88,126,100,122,84,81,144,141,79,103,144,87,124,98,106,80,104,96,128,91,86,94,69,44,41,23,65,66,57,89,85,185,160,167,170,197,105,164,197,236,192,123,116,107,94,97,96,107,58,147,126,121,171,119,150,153,128,159,117,151,155,106,113,185,147,132,173,138,164,200,175,189,169,216,214,106,134,122,200,130,131,133,151,149,79,86,80,126,120,102,107,96,107,78,133,184,111,102,109,76,114,115,87,108,60,93,132,84,82,145,99,75,103,87,106,126,98,84,67,80,115,86,66,64,99,87,40,95,112,86,48,71,85,121,105,127,151,78,145,129,159,104,124,110,138,,87,112,48,139,74,105,126,34,108,112,133,124,106,95,169,105,106,87,99,115,105,82,,102,163,
20160913,22,O3_8h,122,111,175,124,101,112,140,103,94,150,159,161,102,74,69,75,90,38,36,106,167,97,112,143,52,130,111,110,114,127,156,127,129,88,83,38,97,155,92,79,107,90,91,78,160,67,79,121,110,131,98,127,132,80,76,100,117,133,155,79,85,124,61,26,101,40,72,65,89,102,86,100,90,102,124,98,95,110,164,63,104,151,56,132,170,128,124,94,124,90,108,92,88,66,94,130,83,144,64,84,43,129,69,82,93,107,89,98,64,112,70,77,100,112,54,77,102,68,110,53,39,28,41,174,172,140,112,126,75,72,89,97,136,161,130,104,119,119,117,73,35,51,83,61,63,57,60,58,91,74,119,121,82,87,103,103,130,67,100,76,135,102,150,149,162,124,108,139,97,103,81,85,121,93,99,104,99,108,143,106,228,102,137,115,81,71,77,,98,151,112,,42,101,76,76,85,60,100,54,56,94,108,64,63,139,68,76,59,99,48,52,40,76,45,49,45,39,22,30,12,29,48,28,23,59,129,122,107,156,169,89,130,160,168,153,87,75,83,69,64,66,95,6,118,103,80,134,106,131,123,107,128,87,111,118,82,64,114,130,108,118,115,129,119,144,158,129,162,160,80,108,90,124,100,100,108,134,91,54,57,67,90,71,66,63,51,90,58,92,112,84,37,79,51,72,99,54,88,38,75,92,60,56,71,72,34,56,44,83,100,66,40,43,63,55,49,33,38,59,62,20,64,88,73,29,63,63,92,74,90,114,63,126,114,139,69,104,100,97,,68,95,38,129,59,89,115,22,95,92,114,105,76,71,87,97,96,75,88,96,88,65,,73,133,
20160913,22,O3_8h_24h,137,134,196,149,111,136,166,109,118,166,194,179,121,97,99,102,110,71,59,130,209,141,142,144,100,162,158,155,152,153,164,148,145,126,127,65,124,205,139,85,128,91,96,80,180,76,106,126,134,147,127,156,150,113,97,101,156,159,188,117,100,150,84,30,123,56,87,85,100,113,113,106,111,106,139,118,115,122,173,78,129,157,77,151,200,142,151,129,144,112,141,119,108,105,112,147,103,146,78,114,87,129,91,107,110,107,91,115,73,122,84,86,109,121,86,103,137,90,118,78,57,45,58,182,197,142,126,153,133,78,94,97,158,181,144,142,145,141,128,96,41,81,106,81,74,75,75,66,117,92,135,131,105,105,142,105,141,82,109,92,153,124,192,175,194,148,149,147,126,121,93,117,147,137,123,130,149,125,176,147,279,140,158,135,95,88,78,,107,165,132,,43,121,85,78,103,85,108,78,71,125,125,73,95,140,80,94,87,100,68,86,69,99,81,76,66,51,32,35,15,45,54,51,45,77,166,139,138,156,179,92,147,180,203,169,93,100,89,84,84,86,103,36,123,120,99,157,106,135,140,122,147,99,128,133,91,91,115,135,119,157,121,145,163,148,169,164,170,172,96,126,114,156,119,122,121,139,135,72,74,76,110,104,89,99,77,94,71,113,132,98,78,84,63,89,99,69,92,42,77,103,74,80,110,86,66,86,72,92,116,98,68,57,77,88,70,52,53,82,74,37,84,93,81,33,70,76,106,94,95,131,73,132,119,144,83,112,102,105,,80,104,42,135,64,100,116,24,101,105,123,111,101,88,145,98,98,80,93,108,94,69,,88,135,
20160913,22,CO,1.34,1.18,1.43,1.52,0.68,1.00,0.90,0.33,1.38,1.30,0.70,1.50,0.63,1.00,0.80,1.09,1.19,1.59,1.63,0.69,0.82,1.03,0.68,1.10,2.36,0.70,0.74,0.63,0.87,0.73,0.84,0.70,0.95,0.59,0.61,0.85,0.65,0.50,0.85,0.90,0.77,0.50,0.47,0.77,0.78,0.70,0.53,0.93,1.03,1.03,1.29,0.67,0.72,1.02,0.86,0.68,0.86,0.87,0.97,0.80,0.84,0.93,0.96,0.33,1.20,1.23,0.71,0.72,0.38,1.53,1.27,0.80,0.55,0.92,0.73,0.95,1.00,0.56,1.18,1.63,1.00,1.13,0.23,1.10,2.00,1.70,1.47,1.50,0.72,0.74,0.70,1.35,1.07,1.10,0.63,0.95,0.70,0.88,0.63,0.77,1.05,0.87,1.05,1.45,1.05,1.20,1.07,1.55,1.50,1.27,1.52,1.56,1.78,2.02,1.58,1.05,1.28,1.52,0.98,0.82,0.40,0.56,0.84,0.83,0.85,0.89,2.83,1.25,1.10,1.30,1.00,1.20,1.15,0.90,0.94,1.20,2.13,0.73,0.63,1.07,0.45,1.00,0.74,1.86,0.63,0.87,0.90,0.80,0.75,1.15,1.30,1.07,1.97,0.94,1.23,0.30,0.50,1.75,1.80,2.00,0.80,1.80,0.65,0.95,0.85,0.65,0.70,0.95,0.80,0.80,0.80,1.10,0.70,0.73,0.85,0.63,0.80,0.65,0.75,0.70,0.80,1.40,1.15,0.60,0.65,0.65,0.95,,1.10,0.57,1.40,,1.04,0.68,0.60,1.47,1.80,0.90,0.40,0.77,0.50,0.40,0.55,0.43,0.50,0.45,0.68,0.95,0.57,1.53,0.93,1.30,0.65,1.55,1.20,0.75,0.97,1.40,1.03,1.17,0.60,1.05,1.60,0.85,0.80,1.40,0.86,1.18,1.23,1.15,0.83,0.47,0.75,0.95,1.00,0.88,1.40,1.20,0.80,0.45,1.10,0.93,0.63,,0.77,2.08,1.77,0.50,1.18,0.93,1.23,1.03,0.75,0.93,0.95,1.03,1.57,0.80,0.82,1.05,1.07,0.88,1.50,1.25,1.07,1.00,1.25,1.20,0.77,0.77,0.50,0.90,0.95,0.80,1.37,0.50,1.57,1.10,0.80,0.75,1.17,2.23,1.07,1.00,0.65,1.15,0.95,1.05,0.75,0.87,0.73,0.40,1.07,0.53,1.33,1.40,0.77,1.15,0.63,1.95,0.35,0.95,0.60,0.70,0.95,1.35,0.75,0.80,0.40,0.60,1.00,1.20,0.60,1.15,1.45,0.40,0.85,0.90,0.60,0.90,1.10,0.65,0.85,0.30,0.30,1.20,0.30,0.50,0.87,1.00,0.65,0.70,1.00,1.55,0.70,0.20,1.10,0.70,0.75,0.60,,2.20,1.00,5.20,1.00,0.30,0.60,0.40,0.90,0.50,0.80,0.40,0.60,1.85,2.10,2.05,0.90,0.35,1.20,0.67,1.70,0.67,1.10,,1.00,0.70,
20160913,22,CO_24h,1.06,1.59,1.15,2.13,0.72,1.60,1.20,0.43,0.80,1.37,0.93,1.30,1.57,1.00,0.65,1.07,1.09,0.71,1.03,0.70,0.96,1.01,0.73,1.00,1.48,0.80,0.76,0.97,0.97,0.83,0.78,0.70,0.95,0.74,0.60,0.75,0.65,0.60,0.85,0.93,0.73,0.60,0.60,0.83,0.87,0.72,0.57,0.83,1.20,0.75,1.32,0.83,0.71,0.83,0.75,0.58,0.71,0.77,0.83,0.63,0.64,0.77,0.83,0.30,1.14,1.07,0.66,0.66,0.33,1.42,1.08,1.10,0.45,0.87,0.93,0.63,0.96,0.52,1.45,1.52,0.67,1.25,0.30,1.45,2.00,1.80,1.30,3.10,0.80,0.78,0.90,1.30,1.40,1.20,0.60,1.00,0.80,0.82,0.67,0.87,0.85,0.80,0.85,1.05,0.95,0.80,0.80,1.25,1.53,1.17,1.72,1.32,1.35,1.22,1.17,1.35,1.02,1.75,0.90,0.64,0.47,0.34,0.80,0.93,0.93,0.87,2.33,2.00,1.05,1.53,1.07,1.27,0.77,1.15,0.98,1.00,1.90,0.80,0.73,0.97,0.45,0.78,0.66,1.70,0.63,0.63,0.88,0.84,0.55,1.00,1.10,0.80,1.33,0.81,1.07,1.60,0.70,0.57,1.48,0.60,0.95,2.55,0.65,0.85,0.85,0.65,0.70,0.90,0.90,0.85,0.70,1.05,0.60,0.90,0.85,0.70,0.40,0.75,0.80,0.90,1.00,1.55,1.15,0.60,0.70,0.75,1.15,,0.55,0.60,1.27,,2.08,1.00,0.83,1.58,1.50,0.95,1.00,1.00,0.30,0.40,0.60,0.70,0.60,0.55,0.70,1.35,0.48,1.52,0.90,1.10,0.90,1.50,0.90,0.65,0.97,0.80,0.53,0.67,0.65,0.55,1.30,0.60,0.45,1.20,0.90,0.95,1.03,1.20,0.73,0.53,0.80,0.95,1.00,0.73,1.40,0.70,0.77,0.45,0.97,0.93,0.73,0.40,0.55,1.47,1.57,0.57,1.10,0.93,0.90,1.13,0.85,1.07,0.95,0.90,1.53,0.63,1.05,0.80,1.00,0.88,1.43,1.02,1.03,1.00,1.35,1.00,0.70,0.90,0.45,0.86,1.05,0.80,1.40,0.55,1.30,1.05,0.50,0.65,1.03,1.23,1.03,0.80,0.40,0.90,0.85,0.85,0.75,0.60,1.00,0.38,0.87,0.40,1.33,1.15,0.60,0.85,0.60,1.85,0.15,1.07,0.63,0.50,0.80,1.05,0.50,0.70,0.40,0.40,0.90,1.00,0.40,1.10,0.65,0.87,0.75,0.65,0.60,0.90,0.95,0.65,0.60,0.35,0.30,1.30,0.35,0.40,0.83,0.80,0.55,0.60,1.15,0.85,1.10,0.35,1.05,0.65,0.60,0.55,,0.75,0.80,2.00,0.70,0.30,0.50,0.50,2.30,0.30,0.70,0.50,0.50,0.65,1.50,1.50,1.00,0.25,1.00,0.63,0.95,1.03,1.10,,0.75,0.70,
20160913,23,AQI,124,65,154,96,68,66,113,31,76,75,70,81,95,75,48,70,51,105,67,40,68,52,53,68,113,58,58,66,69,69,78,51,89,29,30,27,27,53,56,30,33,28,30,22,86,18,18,63,78,84,86,71,66,63,42,36,58,48,53,51,54,59,64,28,217,98,68,57,58,105,83,58,43,71,74,69,75,46,114,64,63,69,17,70,130,65,176,209,115,55,79,120,79,106,59,52,30,42,21,26,56,32,47,53,46,55,54,60,57,101,60,98,89,68,60,66,62,45,74,55,44,38,39,63,68,67,68,64,100,75,104,80,124,79,65,84,83,60,27,60,11,85,71,69,174,144,66,88,134,63,157,119,75,74,164,60,46,52,58,177,89,125,77,85,88,66,69,52,60,53,64,56,47,60,51,45,73,51,64,64,43,65,56,59,54,26,31,,91,84,111,,56,43,56,63,65,63,52,54,51,53,42,50,52,40,64,62,61,36,66,63,70,51,106,74,26,32,67,54,17,46,36,59,63,33,85,58,75,53,70,42,65,93,76,88,57,29,79,14,23,17,24,19,55,69,48,34,64,54,79,53,50,53,58,69,90,110,74,144,111,60,91,85,73,95,69,64,60,74,109,72,60,69,62,63,94,76,109,61,50,56,46,54,53,70,54,61,55,57,78,79,81,95,154,159,45,94,66,39,29,69,58,65,80,61,31,68,52,37,78,39,50,39,64,76,53,44,46,89,44,37,38,27,24,48,56,27,65,46,66,70,70,68,44,66,95,64,53,58,,74,56,83,83,42,55,35,29,48,37,45,50,99,61,59,70,74,78,95,119,28,52,,58,74,
20160913,23,PM2.5,94,45,118,72,44,48,85,22,50,55,51,43,71,35,20,51,34,59,44,28,38,33,37,49,85,41,41,48,50,50,57,30,66,17,21,15,19,37,40,20,11,15,21,14,60,7,12,36,53,62,64,41,42,35,25,25,40,29,30,24,28,35,41,11,167,73,49,31,23,79,61,33,30,40,46,39,38,22,86,38,45,50,12,51,99,43,133,159,87,36,56,91,57,80,42,23,20,24,15,14,31,18,33,35,32,19,35,43,29,76,36,73,66,37,36,48,40,30,54,30,24,11,27,45,43,45,34,46,75,55,78,59,94,46,47,62,61,43,18,43,4,63,52,45,132,110,34,65,81,42,120,90,29,48,125,18,18,22,20,65,66,95,56,63,65,42,50,33,39,35,46,40,26,34,35,29,53,31,45,46,30,47,40,42,29,13,22,,68,62,84,,22,22,26,45,36,39,22,38,27,17,26,28,11,27,46,40,32,16,34,45,35,25,39,54,18,21,38,27,6,32,24,27,25,14,63,41,34,33,51,18,47,69,56,65,29,20,58,9,10,10,9,8,35,50,30,24,46,37,55,31,35,37,41,50,67,83,54,110,84,43,68,55,53,71,50,46,43,54,82,44,43,42,42,45,70,56,79,44,35,40,29,38,33,51,30,44,23,29,57,58,60,71,118,121,24,70,39,19,20,50,38,47,44,44,18,49,27,20,57,27,31,27,34,41,26,16,32,66,31,15,18,6,15,29,40,15,47,19,48,51,27,49,18,38,71,46,37,33,,47,26,61,52,26,39,10,5,11,19,19,35,38,22,28,22,54,13,28,50,10,30,,25,31,
20160913,23,PM2.5_24h,87,60,103,70,31,49,97,23,26,55,42,35,54,30,22,50,33,27,29,31,49,39,40,55,52,40,52,53,45,43,50,33,64,37,23,21,30,37,40,26,14,37,40,26,55,11,15,31,69,51,56,36,40,25,18,18,32,25,36,25,16,32,26,11,106,56,44,32,13,74,39,31,22,32,40,32,25,15,83,25,26,34,15,75,69,68,94,135,77,36,67,81,75,72,49,33,23,17,22,34,21,18,24,34,26,12,22,46,31,56,26,43,31,21,23,53,37,36,33,26,22,8,17,41,47,38,28,50,37,50,71,58,52,62,48,62,43,44,21,35,5,45,47,53,115,62,40,80,57,53,81,43,26,43,91,13,22,23,14,28,84,94,61,61,75,37,42,25,41,37,34,36,27,41,40,42,41,36,47,52,40,52,52,42,53,43,36,,51,45,62,,24,31,33,36,20,33,33,42,27,15,25,25,6,27,29,40,24,12,28,23,28,30,14,33,12,13,21,18,10,13,21,15,14,6,66,41,35,32,25,20,49,52,63,47,25,13,53,14,13,13,12,15,28,48,41,37,36,39,43,38,41,42,51,53,44,53,48,83,55,38,58,64,38,66,49,39,33,54,50,38,45,46,39,44,52,42,49,34,26,29,23,26,40,40,19,35,20,18,69,53,38,45,121,94,17,48,39,10,13,43,45,27,30,43,18,43,27,18,40,22,26,28,29,66,27,13,36,47,32,14,17,8,9,34,16,12,43,18,48,44,25,29,19,20,58,34,24,27,,21,13,33,16,21,14,18,9,7,18,29,21,24,20,19,25,46,17,34,29,25,30,,18,35,
20160913,23,PM10,114,80,187,99,86,82,144,27,102,87,70,112,126,99,48,90,52,160,84,36,85,54,49,68,142,51,63,74,70,68,93,51,87,23,30,27,27,39,54,30,19,,25,22,122,15,18,76,105,118,85,92,82,75,42,32,65,48,56,51,58,68,77,28,208,114,79,64,65,141,116,66,36,91,98,87,99,46,133,77,47,63,12,85,175,79,172,180,135,60,108,120,107,101,56,54,30,42,21,26,62,22,42,56,44,60,57,64,64,107,70,106,113,86,70,69,73,45,72,59,44,38,36,62,86,83,86,74,111,94,115,76,158,107,70,99,105,56,27,68,10,94,66,88,141,126,81,96,217,76,204,162,100,97,169,69,46,53,66,304,85,143,104,80,82,81,86,53,69,56,56,55,47,70,52,45,70,52,78,72,41,59,60,46,57,19,26,,101,105,147,,62,43,61,61,80,75,54,52,52,55,42,50,53,36,52,73,71,36,82,74,90,51,162,89,23,32,84,58,17,45,36,68,75,33,100,62,100,55,82,42,66,112,89,86,63,26,69,11,23,16,12,11,59,72,48,29,66,58,107,55,45,51,62,66,84,98,82,127,132,69,91,120,87,110,72,,68,94,133,94,67,88,73,75,133,85,167,68,46,60,46,52,55,78,58,61,59,63,72,79,97,90,175,183,45,95,81,39,27,72,65,62,109,66,31,66,53,37,88,,50,21,77,102,55,44,35,,41,37,38,10,16,48,16,27,74,46,61,81,89,85,44,82,85,68,52,66,,98,61,68,115,42,41,10,29,48,37,45,50,148,71,67,89,76,105,139,188,28,54,,65,97,
20160913,23,PM10_24h,92,81,162,102,57,76,157,58,62,97,66,83,88,78,53,94,52,58,51,37,95,62,60,85,91,56,73,86,74,65,86,69,89,52,39,32,44,55,58,41,24,46,53,40,108,26,27,68,139,100,64,85,63,41,30,32,49,39,60,38,31,55,47,21,148,86,67,56,26,112,93,68,40,85,69,57,70,25,131,47,40,56,22,138,117,129,129,222,140,60,125,113,110,111,56,67,40,37,33,52,37,32,36,52,44,31,36,79,47,85,56,67,55,52,52,75,67,58,49,46,55,21,36,60,83,68,62,78,58,102,102,86,98,120,65,99,73,59,39,55,12,68,63,101,106,77,82,113,108,79,123,72,46,67,114,58,58,32,44,78,110,175,92,84,102,61,68,39,85,76,54,54,52,82,57,56,73,63,88,87,61,70,71,50,89,57,54,,78,88,108,,57,49,85,58,38,63,92,76,49,50,39,49,18,37,55,73,48,21,63,36,62,59,51,60,20,41,57,32,21,20,31,45,31,16,99,61,65,55,45,39,73,88,75,63,57,34,65,24,23,22,24,31,49,72,63,57,50,59,79,56,63,63,65,71,65,84,86,120,112,62,83,117,64,114,81,60,57,93,71,69,75,81,66,69,102,75,95,52,39,45,40,37,68,61,43,49,35,47,82,72,57,66,183,147,30,61,75,25,19,66,81,38,73,64,27,61,45,50,68,37,42,33,40,115,50,33,38,56,46,30,21,17,13,101,17,18,69,44,62,65,66,57,37,50,72,62,37,53,,56,42,52,43,41,32,48,21,22,29,56,35,80,63,57,69,79,56,115,107,75,61,,45,96,
20160913,23,SO2,3,6,44,25,12,15,14,11,8,4,23,19,17,27,9,13,6,8,10,12,16,12,39,13,40,11,11,17,24,12,17,9,13,8,11,5,6,18,7,6,9,5,8,3,14,5,7,16,15,15,11,9,20,12,6,12,15,14,10,24,8,10,11,3,12,12,7,16,5,10,7,24,5,14,15,16,25,12,10,10,13,25,5,7,29,18,57,19,28,13,29,28,12,8,14,11,11,19,9,7,6,9,9,6,15,10,11,16,26,36,23,10,28,28,12,7,11,11,32,9,4,4,13,13,13,19,12,18,14,10,14,12,13,17,30,19,6,21,8,20,3,11,11,45,17,7,7,10,6,17,13,12,8,5,12,216,6,30,5,9,26,14,22,9,12,14,6,13,4,9,12,10,6,7,14,13,13,15,19,21,16,11,11,20,2,5,10,,4,20,16,,16,29,14,30,45,27,46,7,7,7,19,5,5,5,26,11,7,20,38,11,6,2,6,7,6,9,4,13,3,5,10,21,11,12,22,45,15,30,28,25,16,10,44,18,38,7,27,4,8,8,6,3,8,39,18,25,38,45,48,9,13,15,26,26,13,15,16,21,19,12,11,8,16,19,8,12,11,8,5,23,34,17,25,18,20,15,4,25,6,38,11,18,8,15,9,8,8,27,16,16,18,5,43,10,23,7,4,13,35,66,21,11,13,23,9,3,75,2,16,7,11,15,59,8,12,6,6,10,7,10,8,5,8,26,10,3,13,9,19,8,35,9,9,12,8,8,6,7,,18,16,28,23,7,16,10,6,10,6,7,2,5,2,10,22,5,3,8,16,4,8,,12,18,
20160913,23,SO2_24h,3,11,30,49,12,18,31,15,14,8,26,16,33,32,12,19,9,7,9,12,17,14,23,21,34,7,14,25,22,15,15,16,20,12,11,6,9,15,18,8,11,10,14,5,15,5,9,11,22,17,10,16,16,10,7,12,11,11,16,12,6,14,13,4,15,12,7,20,4,16,8,31,15,15,21,14,21,7,18,14,18,36,6,22,41,29,44,36,35,16,28,42,19,14,11,20,13,12,12,17,6,9,8,11,15,8,9,47,22,26,31,15,40,31,15,13,22,18,24,9,4,4,14,14,15,25,11,24,14,11,18,15,13,22,31,24,6,18,9,25,3,11,12,51,15,9,12,10,9,21,13,13,7,8,13,100,11,25,5,8,25,33,17,16,19,22,9,11,22,12,12,11,13,12,16,12,11,18,23,20,16,16,12,17,4,8,15,,4,19,16,,21,34,45,55,30,31,84,8,8,14,19,8,6,9,41,20,9,21,13,20,8,9,3,8,6,6,3,13,5,7,6,20,9,12,18,19,17,16,26,24,28,11,30,16,32,12,27,6,11,12,8,5,8,37,33,52,28,32,34,17,17,17,13,18,17,20,10,13,25,16,15,11,27,25,10,8,12,27,7,19,24,32,23,18,20,19,7,12,7,25,14,14,9,15,15,9,8,23,21,16,23,9,20,8,26,6,5,13,29,36,22,9,18,18,5,4,35,5,18,8,10,15,19,31,26,6,9,14,9,9,7,5,8,26,10,3,11,8,25,11,28,14,11,10,9,9,6,8,,14,10,21,16,9,12,12,7,11,7,7,3,4,4,9,25,4,3,7,9,12,8,,11,23,
20160913,23,NO2,71,71,70,69,47,33,63,23,40,24,40,50,78,66,63,73,38,66,61,36,41,57,24,20,85,19,44,43,40,11,10,17,24,18,48,46,23,31,45,21,8,15,17,15,72,11,32,29,66,35,70,40,53,74,61,40,66,33,30,53,45,81,51,10,54,84,44,43,10,94,83,50,29,71,53,35,52,35,32,31,41,35,11,23,45,16,51,57,39,58,51,82,54,67,37,26,14,20,9,10,32,6,22,40,38,17,22,42,35,50,58,28,48,69,32,29,41,34,31,42,8,24,28,23,29,17,50,40,68,31,33,29,40,32,21,35,47,22,13,25,4,54,30,58,18,27,24,18,76,43,69,51,55,53,86,17,40,25,8,70,34,31,44,36,35,38,43,21,21,24,10,18,18,43,37,29,44,27,33,44,34,24,36,12,24,6,14,,49,32,36,,14,42,43,19,65,51,19,42,32,20,26,26,17,7,30,28,30,19,48,31,26,18,53,27,13,21,10,14,14,26,41,20,52,18,41,47,24,18,24,17,32,12,14,43,32,16,39,7,16,7,10,37,5,23,31,12,16,18,27,7,21,48,41,41,35,23,18,26,50,28,31,32,52,37,15,55,18,23,12,31,24,39,45,26,27,23,32,25,15,27,28,41,22,19,45,31,26,43,19,25,59,44,31,84,22,58,14,13,35,15,28,33,43,50,27,68,52,9,21,24,18,10,53,14,38,22,20,23,13,23,28,4,9,12,,18,33,53,22,57,56,18,12,15,30,25,16,37,,48,33,60,20,3,12,10,7,9,26,18,15,85,38,25,11,21,19,54,52,5,7,,38,24,
20160913,23,NO2_24h,53,52,56,53,38,34,55,28,29,41,44,43,54,48,47,52,31,40,41,30,42,54,29,30,55,16,40,41,32,13,10,22,37,38,39,38,31,34,31,21,12,30,25,23,52,16,27,27,64,34,45,44,34,35,33,29,36,31,32,25,17,35,25,9,58,63,32,26,13,51,57,38,24,52,37,29,44,23,41,21,31,33,17,46,27,40,35,77,35,36,45,53,52,64,19,25,18,14,9,11,22,8,16,23,27,10,15,28,22,34,32,34,31,37,20,28,31,33,30,30,20,19,29,28,27,20,22,33,29,23,39,35,37,45,30,26,24,16,12,17,4,39,21,44,18,24,29,19,39,27,45,30,38,31,48,18,33,21,13,25,40,69,30,40,48,29,36,20,28,22,10,16,12,38,34,28,34,29,33,46,24,21,33,12,27,31,38,,24,26,26,,18,31,44,26,39,24,35,34,20,24,31,24,23,9,27,33,19,16,35,31,29,21,39,15,13,14,9,17,13,15,38,18,26,16,29,33,24,22,22,16,48,22,21,30,27,19,37,13,11,9,14,37,9,25,24,18,11,13,21,10,20,29,25,30,35,22,18,27,34,22,30,33,36,47,18,23,14,28,6,24,18,31,25,20,22,21,23,11,16,18,20,20,17,10,26,19,14,28,14,20,37,27,41,62,21,32,17,10,28,23,29,18,28,30,17,38,21,14,17,9,20,8,17,19,32,14,25,12,9,23,14,9,11,13,,8,28,34,20,28,33,17,21,16,36,35,14,23,,30,30,45,18,5,14,20,6,7,15,15,19,31,34,18,20,10,10,25,15,17,12,,30,27,
20160913,23,O3,48,42,69,55,58,58,47,77,19,96,88,131,31,31,32,12,47,7,10,76,92,55,82,144,20,70,56,47,52,84,108,96,118,93,59,34,85,64,38,68,104,90,76,70,84,56,50,74,48,105,54,108,78,11,38,61,26,55,50,16,18,17,14,21,40,8,34,29,72,23,27,72,58,49,53,65,56,79,128,20,66,89,41,111,99,91,42,44,77,41,47,29,22,23,61,104,65,114,49,49,6,102,56,26,61,93,101,38,19,69,21,48,40,45,10,36,19,16,107,11,39,4,32,130,103,144,66,58,12,41,94,88,56,132,113,61,54,93,63,38,35,43,70,10,41,43,52,46,17,37,49,52,4,14,7,97,86,37,113,20,66,95,74,94,92,60,48,98,62,60,67,48,55,40,62,63,53,78,73,57,77,47,73,83,62,83,87,,33,96,60,,38,41,46,52,32,4,86,29,34,76,92,40,69,129,46,41,14,71,13,3,3,17,23,4,18,19,9,28,8,33,32,11,6,24,78,81,74,141,135,87,112,123,106,112,46,69,81,46,40,53,78,6,130,88,54,104,106,90,64,89,99,25,60,66,69,55,85,98,34,97,72,86,69,100,104,47,116,124,43,81,64,90,54,60,63,97,28,22,61,48,48,28,14,23,3,50,8,37,89,69,5,26,39,34,95,21,75,9,59,58,50,30,17,18,11,4,9,53,64,20,10,14,4,31,9,10,24,17,15,16,17,87,77,19,58,23,29,27,39,78,25,125,103,107,58,87,99,65,,30,72,29,112,48,99,113,13,84,56,68,64,11,66,90,87,72,46,20,19,66,71,,38,83,
20160913,23,O3_24h,175,153,246,173,121,148,181,117,145,195,213,201,148,123,122,149,125,81,72,139,237,157,151,159,160,181,181,179,174,181,188,158,155,152,143,78,140,237,158,104,141,98,155,89,212,82,127,143,163,165,150,180,168,143,114,119,202,208,230,150,122,173,100,36,157,80,99,104,117,139,131,120,140,133,181,130,130,129,200,91,151,179,99,194,224,156,179,160,171,145,164,136,136,135,132,161,114,166,97,123,111,148,100,142,125,144,117,125,80,142,98,99,136,129,107,125,168,121,135,90,64,80,69,198,214,153,142,167,135,88,103,122,176,199,163,202,167,151,139,107,45,85,115,116,82,82,97,75,130,104,152,147,139,127,161,109,157,98,125,103,178,139,217,205,228,158,171,163,143,130,102,141,183,158,134,142,174,139,194,170,313,157,184,137,107,97,95,,119,181,165,,48,142,101,88,126,100,122,84,81,144,141,79,103,144,87,124,98,106,80,104,96,128,91,86,94,69,44,41,23,65,66,57,89,85,185,160,167,170,197,105,164,197,236,192,123,116,107,94,97,96,107,58,148,126,121,171,119,150,153,128,159,117,149,155,106,113,185,147,132,173,138,164,200,175,189,169,216,214,106,134,122,200,130,131,133,151,149,79,86,82,126,120,102,107,96,107,78,133,182,106,102,109,76,114,115,87,108,60,93,132,84,81,145,99,73,103,87,106,126,98,84,67,80,115,86,66,64,99,87,39,95,105,86,48,70,85,121,105,127,151,78,145,129,159,104,124,110,138,,87,112,48,139,74,105,126,34,107,112,133,124,106,95,169,105,106,87,99,115,105,82,,102,163,
20160913,23,O3_8h,109,99,155,110,94,101,124,99,79,139,145,154,88,65,57,60,82,30,28,100,149,86,105,142,40,116,98,95,101,117,151,120,125,86,75,35,92,134,77,78,104,91,90,78,149,65,70,114,97,126,90,120,121,63,69,97,96,118,134,65,74,105,51,24,89,34,65,59,83,90,75,95,82,94,111,90,87,104,158,52,95,142,52,123,154,120,107,81,113,81,95,78,76,55,86,124,77,141,61,75,33,128,65,69,87,107,90,86,57,105,60,70,90,102,42,69,85,56,107,43,37,19,38,167,159,140,102,113,64,66,89,98,121,153,125,90,108,112,109,65,35,50,81,49,59,55,55,54,78,66,108,111,66,74,80,102,122,59,99,66,121,98,133,137,145,112,94,135,87,95,77,76,110,80,90,96,93,102,128,95,203,88,123,108,76,71,79,,87,140,99,,41,91,70,72,76,50,96,47,50,87,103,60,60,137,63,67,49,96,40,39,28,62,37,38,35,33,18,29,10,25,45,22,18,51,119,112,99,156,164,88,124,151,155,145,78,72,82,65,57,62,92,5,119,99,70,126,107,125,113,103,123,77,101,107,79,61,109,126,95,110,107,121,107,138,148,114,155,155,73,102,84,116,92,90,100,129,76,47,54,64,82,61,56,50,39,84,49,80,110,81,31,73,48,64,99,46,84,34,72,83,57,50,57,62,27,44,38,77,92,57,32,38,55,48,39,28,33,49,54,17,54,89,73,27,62,55,80,65,83,105,57,123,111,133,63,100,99,92,,62,90,35,126,56,89,114,21,93,85,106,98,67,68,85,95,93,72,79,84,83,64,,67,128,
20160913,23,O3_8h_24h,137,134,196,149,111,136,166,109,118,166,194,179,121,97,99,102,110,71,59,130,209,141,142,144,100,162,158,155,152,153,167,148,145,126,127,65,124,205,139,85,128,91,96,80,180,76,106,126,134,147,127,156,150,113,97,101,156,159,188,117,100,150,84,30,123,56,86,85,100,113,113,106,111,106,139,118,115,122,173,78,129,157,77,151,200,142,151,129,144,112,141,119,108,105,112,147,103,146,79,114,87,129,91,107,110,107,92,115,73,122,84,86,109,121,86,103,137,90,118,78,57,45,58,182,197,143,126,153,133,78,94,99,152,181,144,142,145,141,128,96,41,81,106,81,74,75,75,66,117,92,135,131,105,105,142,105,141,82,109,92,153,124,192,175,194,148,149,147,126,121,93,117,147,137,123,130,149,125,176,147,279,140,158,135,95,88,79,,107,165,132,,43,121,85,78,103,85,108,78,71,125,125,73,95,140,80,94,87,100,68,86,69,99,81,76,66,51,32,35,15,45,54,51,45,77,166,139,138,157,179,93,147,180,203,169,93,100,91,84,84,86,103,36,123,120,99,157,107,135,140,122,147,99,128,133,91,91,115,135,119,157,121,145,163,148,169,164,170,172,96,126,114,156,119,122,121,139,135,72,74,76,110,104,89,99,77,94,71,113,132,98,78,84,63,89,99,69,92,42,77,103,74,80,110,86,66,86,72,92,116,98,68,57,77,88,70,52,53,82,74,37,84,93,81,33,70,76,106,94,95,131,73,132,119,144,83,112,102,105,,80,104,42,135,64,100,116,24,101,105,123,111,101,88,145,98,98,80,93,108,94,69,,88,135,
20160913,23,CO,1.31,1.23,1.47,1.45,0.74,1.05,0.93,0.30,1.25,1.40,0.67,1.40,0.72,0.93,0.82,1.10,1.26,1.64,1.51,0.69,0.81,0.96,0.63,1.00,1.94,0.70,0.75,0.63,0.87,0.73,0.88,0.63,1.05,0.58,0.57,0.82,0.60,0.50,0.85,0.87,0.77,0.45,0.47,0.70,0.80,0.70,0.53,1.07,0.94,0.89,1.35,0.64,0.76,1.06,0.91,0.70,0.90,0.83,0.83,0.90,0.88,1.13,1.04,0.35,1.18,1.20,0.76,0.72,0.30,1.74,1.25,0.85,0.60,0.93,0.77,0.75,0.90,0.62,1.42,1.55,1.07,1.13,0.20,1.10,1.80,1.70,1.43,1.40,0.74,0.86,0.83,1.40,1.17,1.25,0.67,1.00,0.70,1.02,0.63,0.73,1.10,0.87,1.00,1.40,1.10,1.35,1.15,1.40,2.23,1.37,1.55,1.46,1.82,2.15,1.52,1.17,1.12,1.50,0.88,0.76,0.25,0.58,0.80,0.80,1.00,0.97,2.80,1.30,1.15,1.33,0.93,1.23,1.20,1.00,0.94,1.20,2.20,0.77,0.70,0.97,0.45,0.95,0.70,1.78,0.60,0.73,0.80,0.78,0.77,1.10,1.30,1.13,1.87,0.91,1.27,0.45,0.50,1.40,1.40,1.83,0.85,1.25,0.65,0.95,0.85,0.65,0.65,0.90,0.75,0.85,0.75,1.00,0.70,0.70,0.85,0.63,0.80,0.65,0.85,0.77,0.85,1.35,1.15,0.55,0.55,0.55,0.95,,1.00,0.60,1.40,,1.12,0.78,0.63,1.50,1.80,0.85,0.50,0.73,0.50,0.20,0.50,0.43,0.30,0.45,0.72,0.92,0.53,1.57,0.87,1.20,0.65,1.50,0.80,0.60,0.93,1.45,1.03,1.10,0.55,1.00,1.60,0.75,0.70,1.20,0.82,1.27,1.17,1.25,0.77,0.47,0.70,0.85,1.10,0.88,1.55,0.90,0.73,0.38,1.03,0.90,0.67,,0.87,1.45,1.87,0.60,1.18,0.80,1.30,1.00,0.80,0.93,1.03,1.10,1.53,0.72,0.82,1.10,1.07,0.94,1.53,1.10,1.03,0.97,1.25,,0.80,0.73,0.45,0.86,1.18,0.77,1.68,0.53,1.50,1.10,0.60,0.78,1.07,2.33,1.10,1.10,0.55,1.15,1.05,1.00,0.80,0.83,0.73,0.40,1.23,0.67,1.27,1.48,0.70,0.95,0.52,2.00,0.15,1.00,0.57,0.65,0.95,1.40,1.40,0.80,0.50,0.30,0.90,1.20,0.60,1.10,1.10,0.33,0.85,0.80,0.55,0.90,1.10,0.70,0.75,0.30,0.30,1.25,0.35,0.50,0.80,1.00,0.55,0.60,1.00,2.40,0.70,0.20,1.10,0.55,0.70,0.55,,1.10,1.00,2.00,0.90,0.30,0.60,0.40,0.80,0.40,0.85,0.40,0.55,1.15,1.55,1.85,0.80,0.40,1.10,0.87,2.60,0.63,1.10,,0.80,0.70,
20160913,23,CO_24h,1.06,1.54,1.17,2.13,0.70,1.53,1.20,0.43,0.83,1.43,0.87,1.30,1.55,0.99,0.65,1.09,1.09,0.73,1.04,0.70,0.96,1.00,0.73,1.00,1.52,0.80,0.75,0.93,0.97,0.83,0.82,0.73,0.95,0.73,0.60,0.75,0.65,0.60,0.85,0.93,0.73,0.60,0.57,0.83,0.87,0.70,0.57,0.83,1.19,0.76,1.32,0.83,0.71,0.84,0.75,0.58,0.71,0.77,0.83,0.63,0.64,0.77,0.84,0.33,1.14,1.07,0.66,0.64,0.35,1.45,1.10,1.10,0.50,0.85,0.92,0.62,0.98,0.52,1.50,1.52,0.67,1.20,0.30,1.43,2.00,1.80,1.30,3.10,0.80,0.80,0.90,1.30,1.37,1.15,0.57,1.00,0.80,0.82,0.67,0.87,0.85,0.80,0.90,1.05,0.95,0.85,0.80,1.25,1.57,1.17,1.70,1.34,1.38,1.25,1.17,1.33,1.02,1.75,0.86,0.64,0.43,0.34,0.80,0.93,0.95,0.87,2.33,2.00,1.05,1.50,1.07,1.23,0.90,1.10,0.98,1.00,1.93,0.80,0.73,0.95,0.45,0.83,0.66,1.70,0.60,0.63,0.90,0.84,0.55,1.00,1.10,0.80,1.33,0.81,1.07,1.55,0.70,0.57,1.48,0.63,0.95,2.50,0.65,0.85,0.90,0.65,0.70,0.85,0.90,0.85,0.70,1.05,0.60,0.87,0.85,0.70,0.40,0.70,0.80,0.93,1.00,1.55,1.15,0.60,0.70,0.75,1.15,,0.55,0.60,1.27,,2.04,0.98,0.83,1.60,1.50,0.95,1.00,0.93,0.30,0.40,0.55,0.63,0.55,0.55,0.70,1.32,0.48,1.52,0.93,1.10,0.90,1.50,0.90,0.65,0.97,0.85,0.53,0.67,0.65,0.60,1.40,0.60,0.45,1.20,0.90,0.97,1.03,1.20,0.73,0.50,0.80,0.95,1.00,0.73,1.40,0.70,0.77,0.43,0.93,0.93,0.73,0.40,0.53,1.45,1.60,0.57,1.10,0.90,0.90,1.13,0.85,1.03,0.95,0.90,1.53,0.63,1.02,0.80,0.97,0.86,1.47,1.05,1.03,1.00,1.30,1.00,0.70,0.90,0.45,0.86,1.05,0.77,1.40,0.55,1.30,1.03,0.50,0.65,1.03,1.33,1.03,0.85,0.40,0.95,0.85,0.85,0.75,0.60,0.93,0.38,0.87,0.40,1.30,1.13,0.60,0.85,0.55,1.85,0.15,1.07,0.63,0.50,0.80,1.05,0.75,0.70,0.40,0.40,0.90,1.00,0.40,1.10,0.65,0.87,0.75,0.65,0.60,0.90,0.95,0.65,0.60,0.35,0.30,1.30,0.35,0.40,0.83,0.80,0.55,0.60,1.15,0.95,1.10,0.35,1.05,0.55,0.60,0.55,,0.70,0.80,2.00,0.70,0.30,0.50,0.50,2.20,0.30,0.70,0.50,0.50,0.65,1.40,1.50,1.00,0.25,0.90,0.63,1.05,0.97,1.10,,0.75,0.70,